126.583531
7.141818
7.51197
5.467498
7.486214
6.939925
8.088458
11.298466
13.528861
10.846063
13.357868
5.58874
8.193326
10.93535
7.661004
13.031884
8.033431
4.972906
8.344322
12.014644
9.181513
6.401123
8.974263
6.262476
8.685008
6.092221
9.031751
5.590475
9.06071
5.630107
20.565437
5.487296
8.726975
6.514343
9.143753
6.19524
8.796132
5.99323
9.311946
5.623924
8.982392
12.02324
3.791154
5.66656
9.479318
6.542651
3.376277
5.94321
9.269785
6.053403
8.694993
15.596498
6.466812
3.601841
6.724069
8.921553
7.032333
9.473542
6.520991
9.517099
6.991645
9.185225
12.052322
9.453877
6.278087
3.959396
6.2466
9.842424
7.215532
9.464504
7.344321
9.984986
6.545314
9.578766
6.300003
9.390729
6.662702
9.292369
12.504932
3.667646
6.943912
21.691048
6.468075
9.6715
10.790931
7.186393
10.255177
7.187039
5.298651
7.971041
10.15117
7.451799
4.607366
8.075933
10.729053
7.665011
10.31383
7.389577
11.0184
7.420842
5.061143
7.448484
10.986626
8.256622
10.233186
7.697316
5.482139
8.02474
5.224441
8.072024
10.218812
8.197855
5.2675
8.177025
4.457922
8.20191
4.564353
13.934967
4.857715
8.137054
5.445084
8.198257
4.654982
8.227557
4.651773
8.230264
10.434898
7.936968
4.625176
8.080787
5.163865
7.513495
10.477291
8.153149
5.428241
13.224688
4.301201
7.214796
4.416567
8.109224
4.696373
8.011082
4.825062
8.330735
4.919159
8.091445
5.655252
8.181748
5.459204
8.534433
5.785904
7.911118
5.551368
14.140065
4.804362
8.439157
5.585863
7.572094
5.107226
10.841446
9.018376
5.030212
7.985115
5.139228
7.988602
6.143233
7.969108
16.894533
13.581624
4.996294
8.245165
5.380058
8.097395
5.687601
8.704892
5.902771
7.982937
5.600192
9.062738
5.647768
8.639381
5.955651
8.860614
5.540568
9.006405
5.73851
19.626526
11.466265
8.668103
6.117265
8.1615
5.653879
8.759007
5.935489
8.327812
16.775936
8.477169
5.999164
8.17012
5.380575
8.882322
5.995424
8.330295
11.059079
9.019495
6.144701
8.206646
5.465602
9.111918
22.677253
8.889719
5.76455
8.910121
6.322643
8.551738
5.640991
8.780308
5.816794
8.562713
5.793602
9.023036
5.934452
8.495227
5.863631
8.957243
5.770877
8.967018
5.461759
8.012319
5.550445
8.816611
5.989449
3.235017
6.089113
9.205928
6.083474
8.270545
6.32163
8.637531
5.393763
8.553179
6.379119
8.880249
6.051654
9.115346
5.995914
8.605852
5.620973
9.105475
6.236797
8.908188
5.735688
9.258765
5.721243
8.737118
5.591578
3.444269
5.99224
3.446829
6.020885
8.459825
12.048918
8.965152
6.334731
8.964232
5.646902
8.567136
5.794656
8.311244
5.50174
8.651412
5.864
14.490225
6.470025
9.169737
5.638875
9.079504
5.715197
8.565652
6.254558
9.111431
5.94752
8.872731
6.407137
8.713503
6.332405
8.823222
6.342198
9.335485
5.625747
8.499665
6.391548
8.987069
6.633991
3.567601
5.809039
3.308659
6.45909
3.415194
5.824335
8.964791
7.085766
3.544219
5.713247
3.199448
6.239498
8.825138
6.439783
8.838654
6.521352
8.677004
23.499196
3.60673
11.489501
3.861479
6.223623
3.249565
5.831111
8.91567
7.144893
3.655661
6.958596
3.679656
6.134173
8.762996
5.85391
8.627354
5.940186
8.920295
6.640343
15.046391
6.048963
3.307115
6.788171
9.027996
6.295155
3.437331
6.705461
3.876967
6.092157
3.673102
6.677009
3.375167
6.170856
3.942508
7.124972
3.372927
5.904528
3.613424
11.869758
8.928735
6.160945
3.118865
5.925518
3.715475
12.195468
3.73615
6.710015
8.831644
6.096595
3.578792
6.828424
9.027719
6.389902
2.995877
5.910524
3.398223
6.003894
9.373973
6.616095
9.649581
6.646258
4.036925
6.530112
8.881198
6.552884
3.472148
6.673249
3.35548
12.481809
3.87572
6.878047
3.859295
6.726206
3.992446
7.500371
3.892504
6.748018
3.113518
6.662522
3.914903
6.955015
3.718035
6.352639
9.651411
6.476425
3.869253
6.862143
3.889997
7.403999
9.518331
7.411095
3.663725
6.623585
4.224165
12.312963
4.071357
6.829947
4.310629
7.059231
4.47332
6.82118
4.579967
12.715296
10.468953
7.11108
4.333947
7.456995
9.618638
6.592354
10.255125
18.150029
4.079691
12.269084
3.699891
6.78618
4.008243
7.648723
4.100017
7.09391
4.441388
7.18517
9.787378
6.920177
3.990864
7.194963
4.206857
7.146817
4.201254
7.551439
3.767023
8.588674
4.143636
6.616342
3.858999
6.604807
4.988476
6.898035
4.687581
7.50447
4.34923
7.546233
4.232576
7.458659
4.4637
6.944309
4.394918
7.215096
4.060354
7.086896
4.716185
6.809923
3.967307
7.694363
3.766278
7.56221
3.863937
7.358325
4.021327
7.00909
4.42832
7.279229
4.063517
7.488291
3.942822
7.274958
4.347681
12.442976
4.656639
6.705801
3.978173
6.873777
4.259047
6.986788
4.338673
6.690584
4.370519
8.507198
3.923391
6.804528
4.211328
6.678598
4.012737
7.036048
4.365873
6.861863
4.129381
7.275412
4.096716
6.892361
4.255742
7.936464
4.078178
7.236746
4.805138
7.676272
4.351665
7.952757
4.740912
6.802735
4.297685
7.526708
4.431624
6.836048
4.633505
7.660024
4.78681
7.785039
176.588338
16.790417
10.408318
7.383804
4.66114
7.812985
4.316802
7.800474
4.257465
7.286427
5.000105
7.267352
4.421444
7.048035
4.42975
7.070635
4.234746
7.776426
4.416942
6.992485
5.107166
7.767725
4.286423
7.33174
4.79194
6.889314
4.304321
7.18486
10.215494
8.052619
4.039678
7.078139
4.131392
7.958132
4.877828
7.832136
4.085432
7.70515
4.545442
7.7921
4.873466
7.779746
4.362606
7.145764
4.402456
7.965873
4.562284
7.701647
10.771529
7.874091
4.376877
7.499289
22.093545
7.997648
4.845535
7.625502
4.414193
7.31853
4.349641
7.028881
4.334356
7.776102
10.308833
7.979437
5.119957
7.862159
4.79026
7.998916
9.962334
7.324529
4.702666
7.381517
4.815238
7.240213
5.105803
7.844721
5.07979
7.488686
4.163539
7.895974
4.691935
7.64059
4.456612
6.918364
4.636811
8.007366
4.469933
8.101726
4.271089
7.751621
4.206377
7.325466
4.449891
7.736856
4.917457
7.496346
10.948236
7.19284
4.398386
8.311054
4.585845
7.91514
84.525381
7.175129
4.663934
8.024466
4.572173
8.946128
4.761228
7.833537
4.895204
7.409076
5.356047
5.619503
8.110082
5.291102
7.55611
5.608109
7.930727
10.391358
8.259481
4.763934
7.865952
4.754586
13.22241
10.992868
8.206736
5.391886
8.059061
5.599438
8.060092
5.179747
8.236694
5.700449
7.789073
5.153362
8.02872
5.551836
7.59294
5.230262
7.815722
5.241279
7.639279
5.447441
8.549403
5.309064
7.853632
5.696008
8.192997
5.19949
8.626437
10.79428
8.405156
10.514985
8.473967
4.897308
8.219475
5.269219
7.906108
5.165751
7.749411
5.43142
8.737258
22.200216
8.208492
5.635074
7.985092
5.235798
7.852793
5.474837
8.071036
5.482806
8.092894
5.630261
7.841513
5.738744
8.624017
4.904334
7.775249
5.327315
8.479603
5.641352
7.951874
5.589969
8.029181
5.552605
8.310691
5.887352
8.422018
5.610511
7.719818
5.291755
8.013306
5.471709
8.010843
4.977205
7.88828
5.106226
8.270361
5.266883
8.71796
5.269431
8.600105
154.565583
16.804242
5.676484
8.451194
5.922996
8.135322
5.441807
9.488908
5.656795
7.898518
5.540434
8.584504
5.546295
8.116207
5.307057
8.126894
5.596237
8.071237
5.059725
8.391563
10.997622
9.684907
6.258724
8.945103
5.128194
7.986078
5.48346
8.773114
5.975245
8.362464
5.736044
8.185428
5.99011
2.964371
5.238629
7.946935
5.977988
8.672771
5.284389
8.743139
11.331439
8.371138
5.56655
8.009679
5.538113
8.667004
5.257113
8.479446
5.358587
8.664043
5.521116
8.784422
11.101169
8.788062
6.144181
8.097262
5.579909
8.146752
5.425422
8.509572
6.087923
3.226707
5.578716
8.280482
11.019957
9.22045
5.912545
3.079579
11.420752
8.858087
5.409264
3.271373
6.0422
8.353187
5.252362
3.110652
5.724211
9.09782
5.608702
8.687814
6.167019
8.951177
5.307656
8.550028
5.525379
8.092871
5.360887
8.419949
5.438833
3.236874
5.324029
8.062315
6.011489
8.267261
5.482499
8.508235
6.734637
19.426758
11.716217
2.917078
5.921794
8.507708
172.241187
11.017103
5.291589
8.632583
6.328925
8.262417
5.558231
8.929352
6.143981
8.691458
5.349777
9.152931
5.585444
3.394182
6.12125
8.672739
6.061908
3.005787
5.776261
9.014339
6.162615
8.704673
5.958338
3.32104
5.748812
9.020648
6.429521
9.006634
6.212076
3.418837
15.410292
6.325781
3.293578
6.485872
4.317512
6.758405
3.892561
6.194804
3.295932
6.914173
4.320489
6.485304
3.192467
6.806875
9.161719
6.310033
4.193226
6.418681
3.928821
6.615679
4.277629
7.43101
55.112721
17.607986
8.967904
6.375595
9.342016
12.381658
3.726439
6.536084
3.751428
6.716885
3.339325
6.214657
4.120345
7.112014
3.470704
7.12169
3.294168
6.469688
9.668826
6.899292
4.243043
18.485113
3.935924
6.642564
9.928895
7.157064
9.421875
6.556531
3.523761
6.933098
4.115694
6.919633
3.503807
6.962738
3.450872
6.668493
3.881721
12.26546
3.6884
18.481863
3.991675
6.836811
9.606972
12.736388
4.423583
6.708752
4.05487
6.315597
4.222462
6.703297
3.457123
58.636369
4.311939
6.68268
3.976367
7.359206
4.087552
6.888724
4.287626
6.813563
9.707188
6.999169
9.765399
7.268799
3.929908
7.104546
10.266349
6.427025
4.350644
7.444495
4.20112
6.651491
4.528151
7.216899
3.908562
6.407313
10.015635
6.342098
4.532431
7.038629
3.475588
6.963581
4.490245
6.784327
4.112724
6.634979
4.222155
7.224485
9.486912
7.398115
3.975487
7.043189
4.074708
6.817489
15.884198
7.450699
4.220552
6.831407
9.447769
6.949229
3.596266
184.248622
10.935287
6.849885
9.808649
7.321952
3.686073
7.065827
4.350495
6.827724
3.921647
7.5096
3.926731
7.279189
3.882561
7.196144
4.410203
6.974244
4.560916
6.943412
4.374276
7.011867
3.96192
6.827994
4.180989
