167.179961
9.463861
9.061662
8.271271
8.628717
8.669526
8.61742
8.896966
8.61763
18.5321
9.363917
9.1258
8.840302
7.96315
8.238223
11.147736
7.844857
9.527102
9.705335
9.057022
8.868224
8.961741
9.260212
8.361378
9.604981
8.971095
9.323081
9.49797
9.139871
9.222571
8.738688
7.947344
7.891034
9.384814
6.724703
6.501586
5.909843
6.098324
6.836374
7.430714
7.269805
6.686817
6.82804
6.78207
6.040063
6.510531
6.661718
6.578626
6.544977
9.421707
6.083333
6.149064
5.986327
6.707111
7.352568
6.951829
6.641353
6.703337
6.313883
6.113456
5.515199
5.909174
6.198624
6.764273
6.613942
6.428065
6.317704
6.121132
6.664558
6.08648
7.280369
5.985812
6.282327
6.275766
7.218419
7.128828
6.321453
6.135941
6.447346
6.180589
6.252978
7.180115
6.23912
6.226827
5.697208
6.03044
6.103391
9.453317
5.749973
6.562208
5.735727
5.942693
6.342334
6.469538
5.834648
6.382772
5.892353
6.231374
5.896984
8.723744
6.207095
6.398713
6.297369
6.189407
6.904319
7.136982
6.40753
6.534965
6.319497
5.863074
6.910887
6.150632
6.307666
6.290551
5.494471
5.685288
5.067089
6.046534
6.484822
5.205169
5.26163
5.272337
5.850338
6.235698
5.486874
5.065512
5.429556
5.226855
5.142162
9.039601
8.249723
4.893948
5.296795
5.353749
5.312007
5.322245
6.287564
5.620814
5.80558
5.794368
22.339012
6.890408
6.070062
6.525262
7.114574
5.770367
5.72243
8.223218
6.469064
5.237762
5.595778
5.640664
5.315608
6.188711
7.887517
7.029222
5.342373
5.888382
5.885159
5.634354
6.239334
6.625839
7.29344
5.509178
6.255365
6.280611
6.214116
5.30605
6.41732
6.42108
5.228124
5.930902
5.481587
5.796382
6.700151
5.793752
6.075192
5.239208
5.76994
6.430589
6.220543
6.542031
7.914209
6.931618
7.348275
6.405203
5.325606
6.139172
5.91097
6.466984
7.575934
7.565557
6.126163
7.06559
6.366556
6.424497
5.584033
6.393642
7.457461
6.071569
5.912061
5.550628
5.131731
4.933703
5.129439
6.524749
5.323478
5.625927
8.375483
8.177448
6.130732
6.036135
6.317741
6.40435
6.105562
11.263904
9.986287
6.055292
7.035802
6.690443
6.13992
6.165245
7.003823
6.343305
6.691487
5.737398
17.004512
6.596338
6.262206
6.27358
6.118243
6.69012
5.34326
6.102114
6.157026
6.264086
12.697815
7.929469
5.888199
5.997678
5.321652
6.750568
5.125128
5.925386
6.026305
9.583418
8.027018
5.987712
5.672021
5.231372
5.253274
5.33045
5.280502
5.039298
5.768073
5.453912
5.640557
7.429651
9.152761
9.0274
6.145934
5.971882
5.757442
9.780892
5.9518
5.489921
5.779908
5.419597
5.438694
5.908643
5.405381
6.476626
5.736389
5.357017
6.122106
5.297241
5.218568
6.233908
6.757021
7.221479
6.204829
7.504995
6.408603
6.385028
6.064575
6.621802
6.036333
5.038505
5.966825
5.164971
6.767046
8.86024
9.587474
7.900005
8.232415
8.245726
8.380891
6.17769
35.980878
5.912081
5.387686
6.258583
6.148241
4.965419
5.768391
5.35525
5.339387
6.669423
6.902412
5.884658
6.353063
5.432743
5.734691
5.839755
6.270827
5.604402
5.785268
5.216853
5.12111
9.971896
11.133798
9.474887
9.063489
9.816093
6.095628
5.033372
6.692284
9.398045
8.443707
8.512682
9.788931
9.07776
8.686501
5.747696
5.967342
4.993791
6.193765
5.258767
5.389173
6.234441
6.552257
5.254327
6.1891
5.646648
5.763593
6.245731
4.936474
5.505361
5.224562
6.009318
5.662549
5.90782
6.341332
6.328865
5.858427
7.781679
5.878715
8.07729
5.116956
5.004334
6.392175
6.362663
5.469315
8.531426
6.658065
6.896986
6.3129
9.057442
8.11695
6.81076
7.05293
6.609515
9.294872
8.456688
9.829717
6.299812
5.84535
6.092318
6.081202
6.392565
6.175796
5.537674
5.398493
5.77858
6.154542
5.738682
5.269231
5.681981
6.40589
5.90766
5.608025
5.807159
5.604895
5.948574
5.415618
6.286548
5.014585
5.979546
5.131528
6.5856
5.785883
4.887211
5.010089
4.773707
4.996488
6.6959
5.310687
5.745953
6.100024
4.915301
5.957118
6.430512
6.033759
5.466065
6.107122
6.77955
5.516962
6.074492
6.335168
5.196879
5.225364
5.181097
6.161079
8.358151
8.011099
8.510869
10.10469
8.495737
8.387419
8.231085
6.19518
5.497497
4.968649
4.749251
5.893179
8.633141
9.503544
11.738382
9.081617
8.727311
9.662972
9.537466
6.034703
9.981921
6.848852
9.380928
9.45102
6.379485
5.281995
5.099755
4.895444
9.040973
7.711511
9.849282
10.37257
5.458058
5.343606
7.782599
7.686552
9.386451
8.922345
9.373661
6.959463
9.118289
9.521415
7.085149
6.50007
5.779932
6.255553
5.267318
5.947013
5.844406
4.906142
5.789739
6.540002
6.491036
8.986956
9.659782
7.498415
8.900479
9.382411
8.747915
6.536103
5.36203
5.339082
5.746816
5.128271
5.471992
5.396216
5.034924
6.186764
6.240368
4.641268
5.993653
4.903727
5.673463
4.767574
5.447751
4.999555
11.247346
5.619966
5.01517
5.334754
5.103876
5.66285
5.449954
5.036418
5.112442
5.125063
5.741022
5.512031
4.870582
4.743529
107.940243
5.653712
6.957293
7.645599
7.137024
7.170411
5.619296
4.880666
5.63437
5.078497
6.157982
5.77593
5.150959
9.49696
8.700476
6.46043
6.042416
6.109658
5.722089
5.762087
5.885656
6.516997
5.384746
5.632067
5.416118
5.258546
5.290843
6.041234
5.843146
5.564502
6.04754
6.536872
5.171994
5.397595
5.740116
5.135458
5.072401
5.156903
5.374962
5.237445
4.770292
5.972752
5.239532
5.242869
5.440953
5.498124
6.046284
4.960845
5.109482
4.958968
5.791322
5.119903
10.56461
5.858863
5.502615
4.880717
5.849175
4.643706
4.920461
5.519253
5.556536
5.301833
5.412031
5.241523
5.091808
4.957126
5.015053
4.987757
5.518756
5.17295
5.607799
5.700465
5.654708
5.921845
6.32171
6.240114
6.626335
5.30813
5.601855
6.109701
6.126553
6.338405
6.060791
5.930468
5.15592
5.873551
5.327705
5.800543
6.318219
5.659325
6.278691
5.379572
6.201959
5.670604
5.249717
5.165194
5.911861
6.413061
5.382479
5.829445
6.215406
6.104458
6.064401
6.171003
7.638995
10.058513
9.363157
8.508611
7.749367
8.25408
8.442793
8.165523
9.167949
8.236559
9.32637
9.4112
8.880198
7.984884
7.24548
6.166072
7.031185
6.206652
5.394929
9.695094
8.072307
9.074829
5.982428
5.3917
5.252539
5.886595
6.069475
5.460434
4.64083
4.653216
4.916809
4.783806
5.284501
5.757589
12.240957
5.492117
5.385186
4.685976
4.722595
5.110402
5.826087
6.088507
8.372805
6.205309
5.381913
5.636194
5.048198
4.978857
5.664123
4.857042
5.350394
5.616856
4.806364
5.202609
5.367425
6.012078
6.448713
5.687458
5.342336
4.799346
4.898161
6.025992
10.806578
10.33623
11.470586
7.871415
10.222195
9.446976
7.318132
5.71541
7.914212
8.175684
8.279179
4.773848
8.130249
5.722867
25.371651
5.845626
5.708873
4.615547
5.435273
5.768694
5.447804
5.636621
5.444273
5.652874
5.831679
4.784462
4.830713
4.895204
4.845418
4.904714
4.730178
4.827692
4.996953
4.60814
24.744774
4.385207
4.471874
4.678741
5.013639
4.836027
4.893201
4.632069
4.679758
4.783352
5.738972
4.994154
4.79393
4.74947
5.022164
4.583959
4.682046
5.062299
4.429648
4.98076
4.849397
4.881077
4.479391
4.808914
4.859118
5.041974
4.983243
4.718875
4.569241
4.744783
4.736433
4.592128
5.217721
5.003561
4.73684
4.953712
5.009432
4.837872
4.921591
4.698207
4.602915
4.490767
5.106889
4.644852
4.675434
4.837875
21.623066
5.046691
5.651892
4.771069
4.967916
4.807431
4.734569
4.694543
4.703603
4.97499
4.931261
4.768171
4.790703
4.727444
5.1219
4.679782
4.623781
4.796344
4.767967
5.262867
4.959502
4.615854
4.770137
4.655853
5.006042
4.93671
4.682688
4.638746
4.679795
5.224196
4.750473
4.975539
4.993885
4.729315
4.627545
4.648732
4.960068
4.993224
4.693953
4.833534
4.812691
4.793664
4.53463
4.75099
4.751806
4.810518
4.683836
4.678562
4.951335
4.761124
5.701392
4.901597
4.770511
4.446058
4.661106
4.445178
4.698066
4.596138
4.579071
4.449398
4.901351
5.291032
4.552622
4.731992
4.879586
4.928133
4.722615
4.434665
4.350024
4.750313
4.661897
4.758137
4.824552
4.899744
5.187943
4.737595
4.790734
4.710564
4.891977
4.999741
4.70279
4.674355
4.51651
4.458545
4.725601
4.636358
4.619815
4.476379
4.870673
4.972479
21.650318
4.834462
4.803517
4.704327
4.578908
4.696926
4.67132
4.902041
4.827879
4.587495
5.605706
4.897585
4.824329
4.682522
4.962158
4.706207
4.722547
4.739003
4.738362
4.676142
4.668501
4.852045
4.542482
4.691323
4.849975
4.46443
4.738156
4.579337
4.587424
4.702376
4.821693
4.785573
4.489937
4.565011
4.70714
4.464854
4.721734
4.567
4.685248
4.816705
4.786344
4.882116
4.47378
4.627145
4.783853
4.651643
4.755907
5.033794
4.905734
5.117976
4.546699
4.579026
4.842397
4.589065
4.769794
4.599805
4.715177
4.88428
4.829453
4.87526
4.804917
4.724261
4.973699
4.608541
4.533511
4.643432
4.666701
4.445155
4.749203
4.629768
4.980701
4.617894
4.732175
5.28945
4.564365
4.671197
4.666497
19.244625
4.845041
4.753576
4.902957
4.723568
4.611858
4.546139
4.614334
4.668593
4.520169
4.59844
4.74784
4.71348
4.490223
4.809377
4.37827
4.161653
4.841685
4.430637
4.511063
4.551486
4.382364
4.792477
4.796433
4.691856
4.599562
4.640763
4.634442
4.881916
4.806288
4.652297
4.639066
4.868402
4.721941
4.690853
4.800427
4.75986
4.790773
4.768682
4.760601
4.588027
4.871232
4.769602
4.613913
4.650586
4.848114
4.688602
4.940857
4.672935
4.722001
4.644323
4.990308
4.688595
4.851461
4.631159
4.75326
4.830659
4.783049
4.866734
4.566353
4.578607
4.791959
5.004549
4.742723
4.507352
4.704267
4.697254
4.669578
4.639069
4.663674
4.777572
4.67754
5.190021
4.990631
