1 70
1 30
100 46
100 169
100 129
200 146
200 269
200 31
300 246
300 369
300 32
400 346
400 7
400 0
500 17
500 8
500 1
600 18
600 9
600 2
700 19
700 10
700 3
800 20
800 11
800 4
900 21
900 12
900 5
1001 23
1001 14
1001 7
1100 23
1100 18
1100 15
1100 14
1100 7
1100 30
1201 25
1201 119
1201 116
1201 16
1201 9
1201 54
1201 131
1300 25
1300 218
1300 92
1300 215
1300 16
1300 17
1300 9
1300 84
1300 153
1300 32
1401 27
1401 319
1401 84
1401 193
1401 316
1401 18
1401 118
1401 11
1401 185
1401 23
1401 1
1500 27
1500 22
1500 34
1500 183
1500 28
1500 19
1500 18
1500 52
1500 11
1500 20
1500 23
1500 1
1600 28
1600 23
1600 134
1600 52
1600 29
1600 20
1600 19
1600 20
1600 12
1600 21
1600 24
1600 2
1700 29
1700 24
1700 234
1700 20
1700 30
1700 21
1700 20
1700 21
1700 13
1700 22
1700 25
1700 3
1801 31
1801 26
1801 5
1801 22
1801 32
1801 23
1801 22
1801 23
1801 15
1801 24
1801 27
1801 5
1900 31
1900 26
1900 5
1900 22
1900 32
1900 23
1900 22
1900 23
1900 15
1900 24
1900 27
1900 5
2000 32
2000 27
2000 6
2000 23
2000 0
2000 24
2000 23
2000 24
2000 16
2000 25
2000 28
2000 6
2100 0
2100 28
2100 7
2100 24
2100 1
2100 25
2100 24
2100 25
2100 17
2100 26
2100 29
2100 7
2200 1
2200 29
2200 8
2200 25
2200 2
2200 26
2200 25
2200 26
2200 18
2200 27
2200 30
2200 8
2301 3
2301 31
2301 10
2301 27
2301 4
2301 28
2301 27
2301 28
2301 20
2301 29
2301 32
2301 10
2400 3
2400 31
2400 10
2400 27
2400 58
2400 4
2400 28
2400 27
2400 28
2400 20
2400 29
2400 32
2400 10
2500 4
2500 32
2500 11
2500 28
2500 158
2500 5
2500 29
2500 28
2500 29
2500 21
2500 30
2500 0
2500 11
2600 5
2600 0
2600 12
2600 29
2600 258
2600 6
2600 30
2600 29
2600 30
2600 22
2600 31
2600 1
2600 12
2700 6
2700 1
2700 13
2700 30
2700 28
2700 7
2700 31
2700 30
2700 31
2700 23
2700 32
2700 2
2700 13
2800 7
2800 2
2800 14
2800 31
2800 29
2800 8
2800 32
2800 31
2800 32
2800 24
2800 0
2800 3
2800 14
2900 8
2900 3
2900 15
2900 32
2900 30
2900 9
2900 0
2900 32
2900 0
2900 25
2900 1
2900 4
2900 15
3000 9
3000 4
3000 16
3000 0
3000 31
3000 10
3000 1
3000 0
3000 1
3000 26
3000 2
3000 5
3000 16
3100 10
3100 5
3100 17
3100 1
3100 32
3100 11
3100 2
3100 1
3100 2
3100 27
3100 3
3100 6
3100 17
3200 11
3200 6
3200 18
3200 2
3200 0
3200 12
3200 3
3200 2
3200 3
3200 65
3200 28
3200 4
3200 7
3200 18
3301 13
3301 8
3301 20
3301 4
3301 2
3301 14
3301 5
3301 4
3301 5
3301 166
3301 30
3301 6
3301 9
3301 20
3400 13
3400 8
3400 20
3400 91
3400 4
3400 2
3400 14
3400 1
3400 5
3400 4
3400 5
3400 265
3400 30
3400 6
3400 9
3400 20
3501 15
3501 10
3501 22
3501 192
3501 6
3501 4
3501 16
3501 102
3501 7
3501 6
3501 7
3501 3
3501 32
3501 8
3501 11
3501 22
3600 15
3600 10
3600 22
3600 27
3600 6
3600 4
3600 16
3600 201
3600 7
3600 6
3600 7
3600 3
3600 32
3600 8
3600 11
3600 22
3700 16
3700 11
3700 23
3700 28
3700 7
3700 5
3700 17
3700 301
3700 8
3700 7
3700 8
3700 4
3700 0
3700 9
3700 12
3700 23
3800 17
3800 12
3800 24
3800 29
3800 8
3800 6
3800 18
3800 5
3800 9
3800 8
3800 9
3800 5
3800 1
3800 10
3800 13
3800 24
3900 18
3900 13
3900 25
3900 30
3900 9
3900 7
3900 19
3900 6
3900 10
3900 9
3900 10
3900 6
3900 2
3900 11
3900 14
3900 25
4000 19
4000 14
4000 26
4000 31
4000 10
4000 8
4000 20
4000 7
4000 11
4000 10
4000 11
4000 7
4000 3
4000 12
4000 15
4000 26
4100 20
4100 15
4100 27
4100 32
4100 11
4100 9
4100 21
4100 8
4100 12
4100 11
4100 12
4100 8
4100 4
4100 13
4100 16
4100 27
4201 22
4201 17
4201 29
4201 1
4201 13
4201 11
4201 23
4201 10
4201 14
4201 13
4201 14
4201 10
4201 6
4201 15
4201 18
4201 29
4300 22
4300 17
4300 29
4300 1
4300 13
4300 11
4300 23
4300 10
4300 14
4300 13
4300 14
4300 10
4300 6
4300 15
4300 18
4300 29
4400 23
4400 18
4400 30
4400 2
4400 14
4400 12
4400 24
4400 11
4400 15
4400 14
4400 15
4400 11
4400 7
4400 16
4400 19
4400 30
4501 25
4501 20
4501 32
4501 4
4501 16
4501 46
4501 14
4501 26
4501 13
4501 17
4501 16
4501 17
4501 13
4501 9
4501 2
4501 18
4501 21
4501 32
4601 26
4601 21
4601 0
4601 5
4601 17
4601 146
4601 15
4601 27
4601 14
4601 18
4601 17
4601 18
4601 14
4601 10
4601 102
4601 19
4601 22
4601 0
4700 19
4700 26
4700 21
4700 0
4700 5
4700 17
4700 14
4700 15
4700 27
4700 14
4700 15
4700 18
4700 17
4700 18
4700 14
4700 10
4700 201
4700 19
4700 22
4700 0
4800 119
4800 27
4800 22
4800 1
4800 6
4800 18
4800 15
4800 16
4800 28
4800 15
4800 115
4800 19
4800 18
4800 19
4800 15
4800 11
4800 4
4800 20
4800 23
4800 1
4900 219
4900 28
4900 23
4900 2
4900 7
4900 19
4900 16
4900 17
4900 29
4900 16
4900 215
4900 20
4900 19
4900 20
4900 16
4900 12
4900 5
4900 21
4900 24
4900 2
5000 22
5000 29
5000 24
5000 3
5000 8
5000 20
5000 17
5000 18
5000 30
5000 17
5000 18
5000 21
5000 20
5000 21
5000 17
5000 13
5000 6
5000 22
5000 25
5000 3
5100 23
5100 30
5100 25
5100 4
5100 9
5100 21
5100 18
5100 19
5100 31
5100 18
5100 19
5100 22
5100 21
5100 22
5100 18
5100 14
5100 7
5100 23
5100 26
5100 4
5200 24
5200 31
5200 26
5200 5
5200 10
5200 22
5200 19
5200 20
5200 32
5200 19
5200 20
5200 23
5200 22
5200 23
5200 19
5200 15
5200 8
5200 24
5200 27
5200 5
5300 25
5300 32
5300 27
5300 6
5300 11
5300 23
5300 20
5300 21
5300 0
5300 20
5300 21
5300 24
5300 23
5300 24
5300 20
5300 16
5300 9
5300 25
5300 28
5300 6
5400 26
5400 33
5400 28
5400 7
5400 12
5400 24
5400 21
5400 22
5400 1
5400 21
5400 22
5400 25
5400 24
5400 25
5400 21
5400 17
5400 10
5400 26
5400 29
5400 7
5500 27
5500 1
5500 29
5500 8
5500 13
5500 25
5500 22
5500 23
5500 2
5500 22
5500 23
5500 26
5500 25
5500 26
5500 22
5500 18
5500 11
5500 27
5500 30
5500 8
5600 28
5600 2
5600 30
5600 9
5600 14
5600 26
5600 23
5600 24
5600 3
5600 23
5600 24
5600 27
5600 26
5600 27
5600 23
5600 19
5600 12
5600 28
5600 31
5600 9
5700 29
5700 3
5700 31
5700 10
5700 15
5700 27
5700 24
5700 25
5700 4
5700 24
5700 25
5700 28
5700 27
5700 28
5700 24
5700 20
5700 13
5700 29
5700 32
5700 10
5800 30
5800 4
5800 32
5800 11
5800 16
5800 28
5800 25
5800 26
5800 5
5800 25
5800 26
5800 29
5800 28
5800 29
5800 25
5800 21
5800 14
5800 30
5800 0
5800 11
5900 31
5900 5
5900 0
5900 12
5900 17
5900 29
5900 26
5900 27
5900 6
5900 26
5900 27
5900 30
5900 29
5900 30
5900 26
5900 22
5900 15
5900 31
5900 1
5900 12
6000 32
6000 6
6000 1
6000 13
6000 18
6000 30
6000 27
6000 28
6000 7
6000 27
6000 28
6000 31
6000 30
6000 31
6000 27
6000 23
6000 16
6000 32
6000 2
6000 13
6100 0
6100 7
6100 2
6100 14
6100 19
6100 31
6100 28
6100 29
6100 8
6100 28
6100 29
6100 32
6100 31
6100 32
6100 28
6100 24
6100 17
6100 0
6100 3
6100 14
6200 1
6200 8
6200 3
6200 15
6200 20
6200 32
6200 29
6200 30
6200 9
6200 29
6200 30
6200 0
6200 32
6200 0
6200 29
6200 25
6200 18
6200 1
6200 4
6200 15
6300 2
6300 9
6300 4
6300 16
6300 21
6300 0
6300 30
6300 31
6300 10
6300 30
6300 31
6300 1
6300 0
6300 1
6300 30
6300 26
6300 19
6300 2
6300 5
6300 16
6400 3
6400 10
6400 5
6400 17
6400 22
6400 1
6400 31
6400 32
6400 11
6400 31
6400 32
6400 2
6400 1
6400 2
6400 31
6400 27
6400 20
6400 3
6400 6
6400 17
6500 4
6500 11
6500 6
6500 18
6500 23
6500 2
6500 32
6500 0
6500 12
6500 32
6500 0
6500 3
6500 2
6500 3
6500 32
6500 28
6500 21
6500 4
6500 7
6500 18
6600 5
6600 12
6600 7
6600 19
6600 24
6600 3
6600 0
6600 1
6600 13
6600 0
6600 1
6600 4
6600 3
6600 4
6600 0
6600 29
6600 22
6600 5
6600 8
6600 19
6700 6
6700 13
6700 8
6700 20
6700 25
6700 4
6700 1
6700 2
6700 14
6700 1
6700 2
6700 5
6700 4
6700 5
6700 1
6700 30
6700 23
6700 6
6700 9
6700 20
6800 7
6800 14
6800 9
6800 21
6800 26
6800 5
6800 2
6800 3
6800 15
6800 2
6800 3
6800 6
6800 5
6800 6
6800 2
6800 31
6800 24
6800 7
6800 10
6800 21
6901 9
6901 16
6901 11
6901 23
6901 28
6901 7
6901 4
6901 5
6901 17
6901 4
6901 5
6901 8
6901 7
6901 8
6901 4
6901 0
6901 26
6901 9
6901 12
6901 23
7000 9
7000 16
7000 11
7000 23
7000 28
7000 7
7000 4
7000 5
7000 17
7000 4
7000 5
7000 8
7000 7
7000 8
7000 4
7000 0
7000 26
7000 9
7000 12
7000 23
7100 10
7100 17
7100 12
7100 24
7100 29
7100 8
7100 5
7100 6
7100 18
7100 5
7100 6
7100 9
7100 8
7100 9
7100 5
7100 1
7100 27
7100 10
7100 13
7100 24
7200 11
7200 18
7200 13
7200 25
7200 30
7200 9
7200 6
7200 7
7200 19
7200 6
7200 7
7200 10
7200 9
7200 10
7200 6
7200 2
7200 28
7200 11
7200 14
7200 25
7300 12
7300 19
7300 14
7300 26
7300 31
7300 10
7300 7
7300 8
7300 20
7300 7
7300 8
7300 11
7300 10
7300 11
7300 7
7300 3
7300 29
7300 12
7300 15
7300 26
7400 13
7400 20
7400 15
7400 27
7400 32
7400 11
7400 8
7400 9
7400 21
7400 8
7400 9
7400 12
7400 11
7400 12
7400 8
7400 4
7400 30
7400 13
7400 16
7400 27
7500 14
7500 21
7500 16
7500 28
7500 0
7500 12
7500 9
7500 10
7500 22
7500 9
7500 10
7500 13
7500 12
7500 13
7500 9
7500 5
7500 31
7500 14
7500 17
7500 28
7600 15
7600 22
7600 17
7600 29
7600 1
7600 13
7600 10
7600 11
7600 23
7600 10
7600 11
7600 14
7600 13
7600 14
7600 10
7600 6
7600 32
7600 15
7600 18
7600 29
7701 17
7701 24
7701 19
7701 31
7701 3
7701 15
7701 12
7701 13
7701 25
7701 12
7701 13
7701 16
7701 15
7701 16
7701 12
7701 8
7701 1
7701 17
7701 20
7701 31
7800 17
7800 24
7800 19
7800 31
7800 3
7800 15
7800 12
7800 13
7800 25
7800 12
7800 13
7800 16
7800 15
7800 16
7800 12
7800 8
7800 1
7800 17
7800 20
7800 31
7900 18
7900 25
7900 20
7900 32
7900 4
7900 16
7900 13
7900 14
7900 26
7900 13
7900 14
7900 17
7900 16
7900 17
7900 13
7900 9
7900 2
7900 18
7900 21
7900 32
8000 19
8000 26
8000 21
8000 0
8000 5
8000 17
8000 14
8000 15
8000 27
8000 14
8000 15
8000 18
8000 17
8000 18
8000 14
8000 10
8000 3
8000 19
8000 22
8000 0
8100 20
8100 27
8100 22
8100 1
8100 6
8100 18
8100 15
8100 16
8100 28
8100 15
8100 16
8100 19
8100 18
8100 19
8100 15
8100 11
8100 4
8100 20
8100 23
8100 1
8200 21
8200 28
8200 23
8200 2
8200 7
8200 19
8200 16
8200 17
8200 29
8200 16
8200 17
8200 20
8200 19
8200 20
8200 16
8200 12
8200 5
8200 21
8200 24
8200 2
8300 22
8300 29
8300 24
8300 3
8300 8
8300 20
8300 17
8300 18
8300 30
8300 17
8300 18
8300 21
8300 20
8300 21
8300 17
8300 13
8300 6
8300 22
8300 25
8300 3
8400 23
8400 30
8400 25
8400 4
8400 9
8400 21
8400 18
8400 19
8400 31
8400 18
8400 19
8400 22
8400 21
8400 22
8400 18
8400 14
8400 7
8400 23
8400 26
8400 4
8500 24
8500 31
8500 26
8500 5
8500 10
8500 22
8500 19
8500 20
8500 32
8500 19
8500 20
8500 23
8500 22
8500 23
8500 19
8500 15
8500 8
8500 24
8500 27
8500 5
8600 25
8600 32
8600 27
8600 6
8600 11
8600 23
8600 20
8600 21
8600 0
8600 20
8600 21
8600 24
8600 23
8600 24
8600 20
8600 16
8600 9
8600 25
8600 28
8600 6
8701 27
8701 1
8701 29
8701 8
8701 13
8701 25
8701 22
8701 23
8701 2
8701 22
8701 23
8701 26
8701 25
8701 26
8701 22
8701 18
8701 11
8701 27
8701 30
8701 8
8800 27
8800 1
8800 29
8800 8
8800 13
8800 25
8800 22
8800 23
8800 2
8800 22
8800 23
8800 26
8800 25
8800 26
8800 22
8800 18
8800 11
8800 27
8800 30
8800 8
8900 28
8900 2
8900 30
8900 9
8900 14
8900 26
8900 23
8900 24
8900 3
8900 23
8900 24
8900 27
8900 26
8900 27
8900 23
8900 19
8900 12
8900 28
8900 31
8900 9
9000 29
9000 3
9000 31
9000 10
9000 15
9000 27
9000 24
9000 25
9000 4
9000 24
9000 25
9000 28
9000 27
9000 28
9000 24
9000 20
9000 13
9000 29
9000 32
9000 10
9101 31
9101 5
9101 0
9101 12
9101 17
9101 29
9101 26
9101 27
9101 6
9101 26
9101 27
9101 30
9101 29
9101 30
9101 26
9101 22
9101 15
9101 31
9101 1
9101 12
9200 31
9200 5
9200 0
9200 12
9200 17
9200 29
9200 26
9200 27
9200 6
9200 26
9200 27
9200 30
9200 29
9200 30
9200 26
9200 22
9200 15
9200 31
9200 1
9200 12
9300 32
9300 6
9300 1
9300 13
9300 18
9300 30
9300 27
9300 28
9300 7
9300 27
9300 28
9300 31
9300 30
9300 31
9300 27
9300 23
9300 16
9300 32
9300 2
9300 13
9400 0
9400 7
9400 2
9400 14
9400 19
9400 31
9400 28
9400 29
9400 8
9400 28
9400 29
9400 32
9400 31
9400 32
9400 28
9400 24
9400 17
9400 0
9400 3
9400 14
9500 34
9500 8
9500 3
9500 15
9500 20
9500 32
9500 29
9500 30
9500 9
9500 29
9500 30
9500 0
9500 32
9500 0
9500 29
9500 25
9500 18
9500 1
9500 4
9500 15
9601 3
9601 10
9601 5
9601 17
9601 22
9601 1
9601 31
9601 32
9601 11
9601 31
9601 32
9601 2
9601 1
9601 2
9601 31
9601 27
9601 20
9601 3
9601 6
9601 17
9700 3
9700 10
9700 5
9700 17
9700 22
9700 1
9700 31
9700 32
9700 11
9700 31
9700 32
9700 2
9700 1
9700 2
9700 31
9700 27
9700 20
9700 3
9700 6
9700 17
9800 4
9800 11
9800 6
9800 18
9800 23
9800 2
9800 32
9800 0
9800 12
9800 32
9800 0
9800 3
9800 2
9800 3
9800 32
9800 28
9800 21
9800 4
9800 7
9800 18
9900 5
9900 12
9900 7
9900 19
9900 24
9900 3
9900 0
9900 1
9900 13
9900 0
9900 1
9900 4
9900 3
9900 4
9900 0
9900 29
9900 22
9900 5
9900 8
9900 19
10001 7
10001 14
10001 9
10001 21
10001 26
10001 5
10001 2
10001 3
10001 15
10001 2
10001 3
10001 6
10001 5
10001 6
10001 2
10001 31
10001 24
10001 7
10001 10
10001 21
10100 7
10100 14
10100 9
10100 21
10100 26
10100 5
10100 2
10100 3
10100 15
10100 2
10100 3
10100 6
10100 5
10100 6
10100 2
10100 31
10100 24
10100 7
10100 10
10100 21
10200 8
10200 15
10200 10
10200 22
10200 27
10200 6
10200 3
10200 4
10200 16
10200 3
10200 4
10200 7
10200 6
10200 7
10200 3
10200 32
10200 25
10200 8
10200 11
10200 22
10300 9
10300 16
10300 11
10300 23
10300 28
10300 7
10300 4
10300 5
10300 17
10300 4
10300 5
10300 8
10300 7
10300 8
10300 4
10300 0
10300 26
10300 9
10300 12
10300 23
10400 10
10400 17
10400 12
10400 24
10400 29
10400 8
10400 5
10400 6
10400 18
10400 5
10400 6
10400 9
10400 8
10400 9
10400 5
10400 1
10400 27
10400 10
10400 13
10400 24
10500 11
10500 18
10500 13
10500 25
10500 30
10500 9
10500 6
10500 7
10500 19
10500 6
10500 7
10500 10
10500 9
10500 10
10500 6
10500 2
10500 28
10500 11
10500 14
10500 25
10600 12
10600 19
10600 14
10600 26
10600 31
10600 10
10600 7
10600 8
10600 20
10600 7
10600 8
10600 11
10600 10
10600 11
10600 7
10600 3
10600 29
10600 12
10600 15
10600 26
10700 13
10700 20
10700 15
10700 27
10700 32
10700 11
10700 8
10700 9
10700 21
10700 8
10700 9
10700 12
10700 11
10700 12
10700 8
10700 4
10700 30
10700 13
10700 16
10700 27
10800 14
10800 21
10800 16
10800 28
10800 0
10800 12
10800 9
10800 10
10800 22
10800 9
10800 10
10800 13
10800 12
10800 13
10800 9
10800 5
10800 31
10800 14
10800 17
10800 28
10900 15
10900 22
10900 17
10900 29
10900 1
10900 13
10900 10
10900 11
10900 23
10900 10
10900 11
10900 14
10900 13
10900 14
10900 10
10900 6
10900 32
10900 15
10900 18
10900 29
11000 16
11000 23
11000 18
11000 30
11000 2
11000 14
11000 11
11000 12
11000 24
11000 11
11000 12
11000 15
11000 14
11000 15
11000 11
11000 7
11000 0
11000 16
11000 19
11000 30
11100 17
11100 24
11100 19
11100 31
11100 3
11100 15
11100 12
11100 13
11100 25
11100 12
11100 13
11100 16
11100 15
11100 16
11100 12
11100 8
11100 1
11100 17
11100 20
11100 31
11200 18
11200 25
11200 20
11200 32
11200 4
11200 16
11200 13
11200 14
11200 26
11200 13
11200 14
11200 17
11200 16
11200 17
11200 13
11200 9
11200 2
11200 18
11200 21
11200 32
11300 19
11300 26
11300 21
11300 0
11300 5
11300 17
11300 14
11300 15
11300 27
11300 14
11300 15
11300 18
11300 17
11300 18
11300 14
11300 10
11300 3
11300 19
11300 22
11300 0
11400 20
11400 27
11400 22
11400 1
11400 6
11400 18
11400 15
11400 16
11400 28
11400 15
11400 16
11400 19
11400 18
11400 19
11400 15
11400 11
11400 4
11400 20
11400 23
11400 1
11500 21
11500 28
11500 23
11500 2
11500 7
11500 19
11500 16
11500 17
11500 29
11500 16
11500 17
11500 20
11500 19
11500 20
11500 16
11500 12
11500 5
11500 21
11500 24
11500 2
11600 22
11600 29
11600 24
11600 3
11600 8
11600 20
11600 17
11600 18
11600 30
11600 17
11600 18
11600 21
11600 20
11600 21
11600 17
11600 13
11600 6
11600 22
11600 25
11600 3
11701 24
11701 31
11701 26
11701 5
11701 10
11701 22
11701 19
11701 20
11701 32
11701 19
11701 20
11701 23
11701 22
11701 23
11701 19
11701 15
11701 8
11701 24
11701 27
11701 5
11800 24
11800 31
11800 26
11800 5
11800 10
11800 22
11800 19
11800 20
11800 32
11800 19
11800 20
11800 23
11800 22
11800 23
11800 19
11800 15
11800 8
11800 24
11800 27
11800 5
11900 25
11900 32
11900 27
11900 6
11900 11
11900 23
11900 20
11900 21
11900 0
11900 20
11900 21
11900 24
11900 23
11900 24
11900 20
11900 16
11900 9
11900 25
11900 28
11900 6
12001 27
12001 1
12001 29
12001 8
12001 13
12001 25
12001 22
12001 23
12001 2
12001 22
12001 23
12001 26
12001 25
12001 26
12001 22
12001 18
12001 11
12001 27
12001 30
12001 8
12100 27
12100 1
12100 29
12100 8
12100 13
12100 25
12100 22
12100 23
12100 2
12100 22
12100 23
12100 26
12100 25
12100 26
12100 22
12100 18
12100 11
12100 27
12100 30
12100 8
12200 28
12200 2
12200 30
12200 9
12200 14
12200 26
12200 23
12200 24
12200 3
12200 23
12200 24
12200 27
12200 26
12200 27
12200 23
12200 19
12200 12
12200 28
12200 31
12200 9
12300 29
12300 3
12300 31
12300 10
12300 15
12300 27
12300 24
12300 25
12300 4
12300 24
12300 25
12300 28
12300 27
12300 28
12300 24
12300 20
12300 13
12300 29
12300 32
12300 10
12400 30
12400 4
12400 32
12400 11
12400 16
12400 28
12400 25
12400 26
12400 5
12400 25
12400 26
12400 29
12400 28
12400 29
12400 25
12400 21
12400 14
12400 30
12400 0
12400 11
12500 31
12500 5
12500 0
12500 12
12500 17
12500 29
12500 26
12500 27
12500 6
12500 26
12500 27
12500 30
12500 29
12500 30
12500 26
12500 22
12500 15
12500 31
12500 1
12500 12
12600 32
12600 6
12600 1
12600 13
12600 18
12600 30
12600 27
12600 28
12600 7
12600 27
12600 28
12600 31
12600 30
12600 31
12600 27
12600 23
12600 16
12600 32
12600 2
12600 13
12700 0
12700 7
12700 2
12700 14
12700 19
12700 31
12700 28
12700 29
12700 8
12700 28
12700 29
12700 32
12700 31
12700 32
12700 28
12700 24
12700 17
12700 0
12700 3
12700 14
12800 1
12800 8
12800 3
12800 15
12800 20
12800 32
12800 29
12800 30
12800 9
12800 29
12800 30
12800 0
12800 32
12800 0
12800 29
12800 25
12800 18
12800 1
12800 4
12800 15
12900 2
12900 9
12900 4
12900 16
12900 21
12900 0
12900 30
12900 31
12900 10
12900 30
12900 31
12900 1
12900 0
12900 1
12900 30
12900 26
12900 19
12900 2
12900 5
12900 16
13000 3
13000 10
13000 5
13000 17
13000 22
13000 1
13000 31
13000 32
13000 11
13000 31
13000 32
13000 2
13000 1
13000 2
13000 31
13000 27
13000 20
13000 3
13000 6
13000 17
13100 4
13100 11
13100 6
13100 18
13100 23
13100 2
13100 32
13100 0
13100 12
13100 32
13100 0
13100 3
13100 2
13100 3
13100 32
13100 28
13100 21
13100 4
13100 7
13100 18
13200 5
13200 12
13200 7
13200 19
13200 24
13200 3
13200 0
13200 1
13200 13
13200 0
13200 1
13200 4
13200 3
13200 4
13200 0
13200 29
13200 22
13200 5
13200 8
13200 19
13300 6
13300 13
13300 8
13300 20
13300 25
13300 4
13300 1
13300 2
13300 14
13300 1
13300 2
13300 5
13300 4
13300 5
13300 1
13300 30
13300 23
13300 6
13300 9
13300 20
13400 7
13400 14
13400 9
13400 21
13400 26
13400 5
13400 2
13400 3
13400 15
13400 2
13400 3
13400 6
13400 5
13400 6
13400 2
13400 31
13400 24
13400 7
13400 10
13400 21
13501 9
13501 16
13501 11
13501 23
13501 28
13501 7
13501 4
13501 5
13501 17
13501 4
13501 5
13501 8
13501 7
13501 8
13501 4
13501 0
13501 26
13501 9
13501 12
13501 23
13600 9
13600 16
13600 11
13600 23
13600 28
13600 7
13600 4
13600 5
13600 17
13600 4
13600 5
13600 8
13600 7
13600 8
13600 4
13600 0
13600 26
13600 9
13600 12
13600 23
13700 10
13700 17
13700 12
13700 24
13700 29
13700 8
13700 5
13700 6
13700 18
13700 5
13700 6
13700 9
13700 8
13700 9
13700 5
13700 1
13700 27
13700 10
13700 13
13700 24
13800 11
13800 18
13800 13
13800 25
13800 30
13800 9
13800 6
13800 7
13800 19
13800 6
13800 7
13800 10
13800 9
13800 10
13800 6
13800 2
13800 28
13800 11
13800 14
13800 25
13900 12
13900 19
13900 14
13900 26
13900 31
13900 10
13900 7
13900 8
13900 20
13900 7
13900 8
13900 11
13900 10
13900 11
13900 7
13900 3
13900 29
13900 12
13900 15
13900 26
14000 13
14000 20
14000 15
14000 27
14000 32
14000 11
14000 8
14000 9
14000 21
14000 8
14000 9
14000 12
14000 11
14000 12
14000 8
14000 4
14000 30
14000 13
14000 16
14000 27
14101 15
14101 22
14101 17
14101 29
14101 1
14101 13
14101 10
14101 11
14101 23
14101 10
14101 11
14101 14
14101 13
14101 14
14101 10
14101 6
14101 32
14101 15
14101 18
14101 29
14200 15
14200 22
14200 17
14200 29
14200 1
14200 13
14200 10
14200 11
14200 23
14200 10
14200 11
14200 14
14200 13
14200 14
14200 10
14200 6
14200 32
14200 15
14200 18
14200 29
14300 16
14300 23
14300 18
14300 30
14300 2
14300 14
14300 11
14300 12
14300 24
14300 11
14300 12
14300 15
14300 14
14300 15
14300 11
14300 7
14300 0
14300 16
14300 19
14300 30
14400 17
14400 24
14400 19
14400 31
14400 3
14400 15
14400 12
14400 13
14400 25
14400 12
14400 13
14400 16
14400 15
14400 16
14400 12
14400 8
14400 1
14400 17
14400 20
14400 31
14500 18
14500 25
14500 20
14500 32
14500 4
14500 16
14500 13
14500 14
14500 26
14500 13
14500 14
14500 17
14500 16
14500 17
14500 13
14500 9
14500 2
14500 18
14500 21
14500 32
14601 20
14601 27
14601 22
14601 1
14601 6
14601 18
14601 15
14601 16
14601 28
14601 15
14601 16
14601 19
14601 18
14601 19
14601 15
14601 11
14601 4
14601 20
14601 23
14601 1
14700 20
14700 27
14700 22
14700 1
14700 6
14700 18
14700 15
14700 16
14700 28
14700 15
14700 16
14700 19
14700 18
14700 19
14700 15
14700 11
14700 4
14700 20
14700 23
14700 1
14800 21
14800 28
14800 23
14800 2
14800 7
14800 19
14800 16
14800 17
14800 29
14800 16
14800 17
14800 20
14800 19
14800 20
14800 16
14800 12
14800 5
14800 21
14800 24
14800 2
14900 22
14900 29
14900 24
14900 3
14900 8
14900 20
14900 17
14900 18
14900 30
14900 17
14900 18
14900 21
14900 20
14900 21
14900 17
14900 13
14900 6
14900 22
14900 25
14900 3
15000 23
15000 30
15000 25
15000 4
15000 9
15000 21
15000 18
15000 19
15000 31
15000 18
15000 19
15000 22
15000 21
15000 22
15000 18
15000 14
15000 7
15000 23
15000 26
15000 4
15100 24
15100 31
15100 26
15100 5
15100 10
15100 22
15100 19
15100 20
15100 32
15100 19
15100 20
15100 23
15100 22
15100 23
15100 19
15100 15
15100 8
15100 24
15100 27
15100 5
15200 25
15200 32
15200 27
15200 6
15200 11
15200 23
15200 20
15200 21
15200 0
15200 20
15200 21
15200 24
15200 23
15200 24
15200 20
15200 16
15200 9
15200 25
15200 28
15200 6
15300 26
15300 0
15300 28
15300 7
15300 12
15300 24
15300 21
15300 22
15300 1
15300 21
15300 22
15300 25
15300 24
15300 25
15300 21
15300 17
15300 10
15300 26
15300 29
15300 7
15400 27
15400 1
15400 29
15400 8
15400 13
15400 25
15400 22
15400 23
15400 2
15400 22
15400 23
15400 26
15400 25
15400 26
15400 22
15400 18
15400 11
15400 27
15400 30
15400 8
15500 28
15500 2
15500 30
15500 9
15500 14
15500 26
15500 23
15500 24
15500 3
15500 23
15500 24
15500 27
15500 26
15500 27
15500 23
15500 19
15500 12
15500 28
15500 31
15500 9
15600 29
15600 3
15600 31
15600 10
15600 15
15600 27
15600 24
15600 25
15600 4
15600 24
15600 25
15600 28
15600 27
15600 28
15600 24
15600 20
15600 13
15600 29
15600 32
15600 10
15700 30
15700 4
15700 32
15700 11
15700 16
15700 28
15700 25
15700 26
15700 5
15700 25
15700 26
15700 29
15700 28
15700 29
15700 25
15700 21
15700 14
15700 30
15700 0
15700 11
15799 30
15799 4
15799 32
15799 11
15799 16
15799 28
15799 25
15799 26
15799 5
15799 25
15799 26
15799 29
15799 28
15799 29
15799 25
15799 21
15799 14
15799 30
15799 0
15799 11
15900 32
15900 6
15900 1
15900 13
15900 18
15900 30
15900 27
15900 28
15900 7
15900 27
15900 28
15900 31
15900 30
15900 31
15900 27
15900 23
15900 16
15900 32
15900 2
15900 13
16000 0
16000 7
16000 2
16000 14
16000 19
16000 31
16000 28
16000 29
16000 8
16000 28
16000 29
16000 32
16000 31
16000 32
16000 28
16000 24
16000 17
16000 0
16000 3
16000 14
16100 1
16100 8
16100 3
16100 15
16100 20
16100 32
16100 29
16100 30
16100 9
16100 29
16100 30
16100 0
16100 32
16100 0
16100 29
16100 25
16100 18
16100 1
16100 4
16100 15
16200 2
16200 9
16200 4
16200 16
16200 21
16200 0
16200 30
16200 31
16200 10
16200 30
16200 31
16200 1
16200 0
16200 1
16200 30
16200 26
16200 19
16200 2
16200 5
16200 16
16300 3
16300 10
16300 5
16300 17
16300 22
16300 1
16300 31
16300 32
16300 11
16300 31
16300 32
16300 2
16300 1
16300 2
16300 31
16300 27
16300 20
16300 3
16300 6
16300 17
16401 5
16401 12
16401 7
16401 19
16401 24
16401 3
16401 0
16401 1
16401 13
16401 0
16401 1
16401 4
16401 3
16401 4
16401 0
16401 29
16401 22
16401 5
16401 8
16401 19
16500 5
16500 12
16500 7
16500 19
16500 24
16500 3
16500 0
16500 1
16500 13
16500 0
16500 1
16500 4
16500 3
16500 4
16500 0
16500 29
16500 22
16500 5
16500 8
16500 19
16600 6
16600 13
16600 8
16600 20
16600 25
16600 4
16600 1
16600 2
16600 14
16600 1
16600 2
16600 5
16600 4
16600 5
16600 1
16600 30
16600 23
16600 6
16600 9
16600 20
16700 7
16700 14
16700 9
16700 21
16700 26
16700 5
16700 2
16700 3
16700 15
16700 2
16700 3
16700 6
16700 5
16700 6
16700 2
16700 31
16700 24
16700 7
16700 10
16700 21
16800 8
16800 15
16800 10
16800 22
16800 27
16800 6
16800 3
16800 4
16800 16
16800 3
16800 4
16800 7
16800 6
16800 7
16800 3
16800 32
16800 25
16800 8
16800 11
16800 22
16900 9
16900 16
16900 11
16900 23
16900 28
16900 7
16900 4
16900 5
16900 17
16900 4
16900 5
16900 8
16900 7
16900 8
16900 4
16900 0
16900 26
16900 9
16900 12
16900 23
17000 10
17000 17
17000 12
17000 24
17000 29
17000 8
17000 5
17000 6
17000 18
17000 5
17000 6
17000 9
17000 8
17000 9
17000 5
17000 1
17000 27
17000 10
17000 13
17000 24
17101 12
17101 19
17101 14
17101 26
17101 31
17101 10
17101 7
17101 8
17101 20
17101 7
17101 8
17101 11
17101 10
17101 11
17101 7
17101 3
17101 29
17101 12
17101 15
17101 26
17200 12
17200 19
17200 14
17200 26
17200 31
17200 10
17200 7
17200 8
17200 20
17200 7
17200 8
17200 11
17200 10
17200 11
17200 7
17200 3
17200 29
17200 12
17200 15
17200 26
17300 13
17300 20
17300 15
17300 27
17300 32
17300 11
17300 8
17300 9
17300 21
17300 8
17300 9
17300 12
17300 11
17300 12
17300 8
17300 4
17300 30
17300 13
17300 16
17300 27
17400 14
17400 21
17400 16
17400 28
17400 0
17400 12
17400 9
17400 10
17400 22
17400 9
17400 10
17400 13
17400 12
17400 13
17400 9
17400 5
17400 31
17400 14
17400 17
17400 28
17500 15
17500 22
17500 17
17500 29
17500 1
17500 13
17500 10
17500 11
17500 23
17500 10
17500 11
17500 14
17500 13
17500 14
17500 10
17500 6
17500 32
17500 15
17500 18
17500 29
17600 16
17600 23
17600 18
17600 30
17600 2
17600 14
17600 11
17600 12
17600 24
17600 11
17600 12
17600 15
17600 14
17600 15
17600 11
17600 7
17600 0
17600 16
17600 19
17600 30
17700 17
17700 24
17700 19
17700 31
17700 3
17700 15
17700 12
17700 13
17700 25
17700 12
17700 13
17700 16
17700 15
17700 16
17700 12
17700 8
17700 1
17700 17
17700 20
17700 31
17800 18
17800 25
17800 20
17800 32
17800 4
17800 16
17800 13
17800 14
17800 26
17800 13
17800 14
17800 17
17800 16
17800 17
17800 13
17800 9
17800 2
17800 18
17800 21
17800 32
17901 20
17901 27
17901 22
17901 1
17901 6
17901 18
17901 15
17901 16
17901 28
17901 15
17901 16
17901 19
17901 18
17901 19
17901 15
17901 11
17901 4
17901 20
17901 23
17901 1
18000 20
18000 27
18000 22
18000 1
18000 6
18000 18
18000 15
18000 16
18000 28
18000 15
18000 16
18000 19
18000 18
18000 19
18000 15
18000 11
18000 4
18000 20
18000 23
18000 1
18101 22
18101 29
18101 24
18101 3
18101 8
18101 20
18101 17
18101 18
18101 30
18101 17
18101 18
18101 21
18101 20
18101 21
18101 17
18101 13
18101 6
18101 22
18101 25
18101 3
18200 22
18200 29
18200 24
18200 3
18200 8
18200 20
18200 17
18200 18
18200 30
18200 17
18200 18
18200 21
18200 20
18200 21
18200 17
18200 13
18200 6
18200 22
18200 25
18200 3
18301 24
18301 31
18301 26
18301 5
18301 10
18301 22
18301 19
18301 20
18301 32
18301 19
18301 20
18301 23
18301 22
18301 23
18301 19
18301 15
18301 8
18301 24
18301 27
18301 5
18400 24
18400 31
18400 26
18400 5
18400 10
18400 22
18400 19
18400 20
18400 32
18400 19
18400 20
18400 23
18400 22
18400 23
18400 19
18400 15
18400 8
18400 24
18400 27
18400 5
18500 25
18500 32
18500 27
18500 6
18500 11
18500 23
18500 20
18500 21
18500 0
18500 20
18500 21
18500 24
18500 23
18500 24
18500 20
18500 16
18500 9
18500 25
18500 28
18500 6
18601 27
18601 1
18601 29
18601 8
18601 13
18601 25
18601 22
18601 23
18601 2
18601 22
18601 23
18601 26
18601 25
18601 26
18601 22
18601 18
18601 11
18601 27
18601 30
18601 8
18700 27
18700 1
18700 29
18700 8
18700 13
18700 25
18700 22
18700 23
18700 2
18700 22
18700 23
18700 26
18700 25
18700 26
18700 22
18700 18
18700 11
18700 27
18700 30
18700 8
18800 28
18800 2
18800 30
18800 9
18800 14
18800 26
18800 23
18800 24
18800 3
18800 23
18800 24
18800 27
18800 26
18800 27
18800 23
18800 19
18800 12
18800 28
18800 31
18800 9
18901 30
18901 4
18901 32
18901 11
18901 16
18901 28
18901 25
18901 26
18901 5
18901 25
18901 26
18901 29
18901 28
18901 29
18901 25
18901 21
18901 14
18901 30
18901 0
18901 11
19000 30
19000 4
19000 32
19000 11
19000 16
19000 28
19000 25
19000 26
19000 5
19000 25
19000 26
19000 29
19000 28
19000 29
19000 25
19000 21
19000 14
19000 30
19000 0
19000 11
19100 31
19100 5
19100 0
19100 12
19100 17
19100 29
19100 26
19100 27
19100 6
19100 26
19100 27
19100 30
19100 29
19100 30
19100 26
19100 22
19100 15
19100 31
19100 1
19100 12
19200 32
19200 6
19200 1
19200 13
19200 18
19200 30
19200 27
19200 28
19200 7
19200 27
19200 28
19200 31
19200 30
19200 31
19200 27
19200 23
19200 16
19200 32
19200 2
19200 13
19300 0
19300 7
19300 2
19300 14
19300 19
19300 31
19300 28
19300 29
19300 8
19300 28
19300 29
19300 32
19300 31
19300 32
19300 28
19300 24
19300 17
19300 0
19300 3
19300 14
19400 1
19400 8
19400 3
19400 15
19400 20
19400 32
19400 29
19400 30
19400 9
19400 29
19400 30
19400 0
19400 32
19400 0
19400 29
19400 25
19400 18
19400 1
19400 4
19400 15
19500 2
19500 9
19500 4
19500 16
19500 21
19500 0
19500 30
19500 31
19500 10
19500 30
19500 31
19500 1
19500 0
19500 1
19500 30
19500 26
19500 19
19500 2
19500 5
19500 16
19600 3
19600 10
19600 5
19600 17
19600 22
19600 1
19600 31
19600 32
19600 11
19600 31
19600 32
19600 2
19600 1
19600 2
19600 31
19600 27
19600 20
19600 3
19600 6
19600 17
19700 4
19700 11
19700 6
19700 18
19700 23
19700 2
19700 32
19700 0
19700 12
19700 32
19700 0
19700 3
19700 2
19700 3
19700 32
19700 28
19700 21
19700 4
19700 7
19700 18
19800 5
19800 12
19800 7
19800 19
19800 24
19800 3
19800 0
19800 1
19800 13
19800 0
19800 1
19800 4
19800 3
19800 4
19800 0
19800 29
19800 22
19800 5
19800 8
19800 19
19901 7
19901 14
19901 9
19901 21
19901 26
19901 5
19901 2
19901 3
19901 15
19901 2
19901 3
19901 6
19901 5
19901 6
19901 2
19901 31
19901 24
19901 7
19901 10
19901 21
20000 7
20000 14
20000 9
20000 21
20000 26
20000 5
20000 2
20000 3
20000 15
20000 2
20000 3
20000 6
20000 5
20000 6
20000 2
20000 31
20000 24
20000 7
20000 10
20000 21
20100 8
20100 15
20100 10
20100 22
20100 27
20100 6
20100 3
20100 4
20100 16
20100 3
20100 4
20100 7
20100 6
20100 7
20100 3
20100 32
20100 25
20100 8
20100 11
20100 22
20200 9
20200 16
20200 11
20200 23
20200 28
20200 7
20200 4
20200 5
20200 17
20200 4
20200 5
20200 8
20200 7
20200 8
20200 4
20200 0
20200 26
20200 9
20200 12
20200 23
20300 10
20300 17
20300 12
20300 24
20300 29
20300 8
20300 5
20300 6
20300 18
20300 5
20300 6
20300 9
20300 8
20300 9
20300 5
20300 1
20300 27
20300 10
20300 13
20300 24
20400 11
20400 18
20400 13
20400 25
20400 30
20400 9
20400 6
20400 7
20400 19
20400 6
20400 7
20400 10
20400 9
20400 10
20400 6
20400 2
20400 28
20400 11
20400 14
20400 25
20500 12
20500 19
20500 14
20500 26
20500 31
20500 10
20500 7
20500 8
20500 20
20500 7
20500 8
20500 11
20500 10
20500 11
20500 7
20500 3
20500 29
20500 12
20500 15
20500 26
20600 13
20600 20
20600 15
20600 27
20600 32
20600 11
20600 8
20600 9
20600 21
20600 8
20600 9
20600 12
20600 11
20600 12
20600 8
20600 4
20600 30
20600 13
20600 16
20600 27
20700 14
20700 21
20700 16
20700 28
20700 0
20700 12
20700 9
20700 10
20700 22
20700 9
20700 10
20700 13
20700 12
20700 13
20700 9
20700 5
20700 31
20700 14
20700 17
20700 28
20800 15
20800 22
20800 17
20800 29
20800 1
20800 13
20800 10
20800 11
20800 23
20800 10
20800 11
20800 14
20800 13
20800 14
20800 10
20800 6
20800 32
20800 15
20800 18
20800 29
20900 16
20900 23
20900 18
20900 30
20900 2
20900 14
20900 11
20900 12
20900 24
20900 11
20900 12
20900 15
20900 14
20900 15
20900 11
20900 7
20900 0
20900 16
20900 19
20900 30
21000 17
21000 24
21000 19
21000 31
21000 3
21000 15
21000 12
21000 13
21000 25
21000 12
21000 13
21000 16
21000 15
21000 16
21000 12
21000 8
21000 1
21000 17
21000 20
21000 31
21100 18
21100 25
21100 20
21100 32
21100 4
21100 16
21100 13
21100 14
21100 26
21100 13
21100 14
21100 17
21100 16
21100 17
21100 13
21100 9
21100 2
21100 18
21100 21
21100 32
21200 19
21200 26
21200 21
21200 0
21200 5
21200 17
21200 14
21200 15
21200 27
21200 14
21200 15
21200 18
21200 17
21200 18
21200 14
21200 10
21200 3
21200 19
21200 22
21200 0
21300 20
21300 27
21300 22
21300 1
21300 6
21300 18
21300 15
21300 16
21300 28
21300 15
21300 16
21300 19
21300 18
21300 19
21300 15
21300 11
21300 4
21300 20
21300 23
21300 1
21400 21
21400 28
21400 23
21400 2
21400 7
21400 19
21400 16
21400 17
21400 29
21400 16
21400 17
21400 20
21400 19
21400 20
21400 16
21400 12
21400 5
21400 21
21400 24
21400 2
21500 22
21500 29
21500 24
21500 3
21500 8
21500 20
21500 17
21500 18
21500 30
21500 17
21500 18
21500 21
21500 20
21500 21
21500 17
21500 13
21500 6
21500 22
21500 25
21500 3
21600 23
21600 30
21600 25
21600 4
21600 9
21600 21
21600 18
21600 19
21600 31
21600 18
21600 19
21600 22
21600 21
21600 22
21600 18
21600 14
21600 7
21600 23
21600 26
21600 4
21701 25
21701 32
21701 27
21701 6
21701 11
21701 23
21701 20
21701 21
21701 0
21701 20
21701 21
21701 24
21701 23
21701 24
21701 20
21701 16
21701 9
21701 25
21701 28
21701 6
21800 25
21800 32
21800 27
21800 6
21800 11
21800 23
21800 20
21800 21
21800 0
21800 20
21800 21
21800 24
21800 23
21800 24
21800 20
21800 16
21800 9
21800 25
21800 28
21800 6
21900 26
21900 0
21900 28
21900 7
21900 12
21900 24
21900 21
21900 22
21900 1
21900 21
21900 22
21900 25
21900 24
21900 25
21900 21
21900 17
21900 10
21900 26
21900 29
21900 7
22001 28
22001 2
22001 30
22001 9
22001 14
22001 26
22001 23
22001 24
22001 3
22001 23
22001 24
22001 27
22001 26
22001 27
22001 23
22001 19
22001 12
22001 28
22001 31
22001 9
22100 28
22100 2
22100 30
22100 9
22100 14
22100 26
22100 23
22100 24
22100 3
22100 23
22100 24
22100 27
22100 26
22100 27
22100 23
22100 19
22100 12
22100 28
22100 31
22100 9
22200 29
22200 3
22200 31
22200 10
22200 15
22200 27
22200 24
22200 25
22200 4
22200 24
22200 25
22200 28
22200 27
22200 28
22200 24
22200 20
22200 13
22200 29
22200 32
22200 10
22300 30
22300 4
22300 32
22300 11
22300 16
22300 28
22300 25
22300 26
22300 5
22300 25
22300 26
22300 29
22300 28
22300 29
22300 25
22300 21
22300 14
22300 30
22300 0
22300 11
22400 31
22400 5
22400 0
22400 12
22400 17
22400 29
22400 26
22400 27
22400 6
22400 26
22400 27
22400 30
22400 29
22400 30
22400 26
22400 22
22400 15
22400 31
22400 1
22400 12
22500 32
22500 6
22500 1
22500 13
22500 18
22500 30
22500 27
22500 28
22500 7
22500 27
22500 28
22500 31
22500 30
22500 31
22500 27
22500 23
22500 16
22500 32
22500 2
22500 13
22600 0
22600 7
22600 2
22600 14
22600 19
22600 31
22600 28
22600 29
22600 8
22600 28
22600 29
22600 32
22600 31
22600 32
22600 28
22600 24
22600 17
22600 0
22600 3
22600 14
22700 1
22700 8
22700 3
22700 15
22700 20
22700 32
22700 29
22700 30
22700 9
22700 29
22700 30
22700 0
22700 32
22700 0
22700 29
22700 25
22700 18
22700 1
22700 4
22700 15
22801 3
22801 10
22801 5
22801 17
22801 22
22801 1
22801 31
22801 32
22801 11
22801 31
22801 32
22801 2
22801 1
22801 2
22801 31
22801 27
22801 20
22801 3
22801 6
22801 17
22900 3
22900 10
22900 5
22900 17
22900 22
22900 1
22900 31
22900 32
22900 11
22900 31
22900 32
22900 2
22900 1
22900 2
22900 31
22900 27
22900 20
22900 3
22900 6
22900 17
23000 4
23000 11
23000 6
23000 18
23000 23
23000 2
23000 32
23000 0
23000 12
23000 32
23000 0
23000 3
23000 2
23000 3
23000 32
23000 28
23000 21
23000 4
23000 7
23000 18
23101 6
23101 13
23101 8
23101 20
23101 25
23101 4
23101 1
23101 2
23101 14
23101 1
23101 2
23101 5
23101 4
23101 5
23101 1
23101 30
23101 23
23101 6
23101 9
23101 20
23200 6
23200 13
23200 8
23200 20
23200 25
23200 4
23200 1
23200 2
23200 14
23200 1
23200 2
23200 5
23200 4
23200 5
23200 1
23200 30
23200 23
23200 6
23200 9
23200 20
23301 8
23301 15
23301 10
23301 22
23301 27
23301 6
23301 3
23301 4
23301 16
23301 3
23301 4
23301 7
23301 6
23301 7
23301 3
23301 32
23301 25
23301 8
23301 11
23301 22
23400 8
23400 15
23400 10
23400 22
23400 27
23400 6
23400 3
23400 4
23400 16
23400 3
23400 4
23400 7
23400 6
23400 7
23400 3
23400 32
23400 25
23400 8
23400 11
23400 22
23500 9
23500 16
23500 11
23500 23
23500 28
23500 7
23500 4
23500 5
23500 17
23500 4
23500 5
23500 8
23500 7
23500 8
23500 4
23500 0
23500 26
23500 9
23500 12
23500 23
23601 11
23601 18
23601 13
23601 25
23601 30
23601 9
23601 6
23601 7
23601 19
23601 6
23601 7
23601 10
23601 9
23601 10
23601 6
23601 2
23601 28
23601 11
23601 14
23601 25
23700 11
23700 18
23700 13
23700 25
23700 30
23700 9
23700 6
23700 7
23700 19
23700 6
23700 7
23700 10
23700 9
23700 10
23700 6
23700 2
23700 28
23700 11
23700 14
23700 25
23800 12
23800 19
23800 14
23800 26
23800 31
23800 10
23800 7
23800 8
23800 20
23800 7
23800 8
23800 11
23800 10
23800 11
23800 7
23800 3
23800 29
23800 12
23800 15
23800 26
23900 13
23900 20
23900 15
23900 27
23900 32
23900 11
23900 8
23900 9
23900 21
23900 8
23900 9
23900 12
23900 11
23900 12
23900 8
23900 4
23900 30
23900 13
23900 16
23900 27
24000 14
24000 21
24000 16
24000 28
24000 0
24000 12
24000 9
24000 10
24000 22
24000 9
24000 10
24000 13
24000 12
24000 13
24000 9
24000 5
24000 31
24000 14
24000 17
24000 28
24101 16
24101 23
24101 18
24101 30
24101 2
24101 14
24101 11
24101 12
24101 24
24101 11
24101 12
24101 15
24101 14
24101 15
24101 11
24101 7
24101 0
24101 16
24101 19
24101 30
24200 16
24200 23
24200 18
24200 30
24200 2
24200 14
24200 11
24200 12
24200 24
24200 11
24200 12
24200 15
24200 14
24200 15
24200 11
24200 7
24200 0
24200 16
24200 19
24200 30
24300 17
24300 24
24300 19
24300 31
24300 3
24300 15
24300 12
24300 13
24300 25
24300 12
24300 13
24300 16
24300 15
24300 16
24300 12
24300 8
24300 1
24300 17
24300 20
24300 31
24401 19
24401 26
24401 21
24401 0
24401 5
24401 17
24401 14
24401 15
24401 27
24401 14
24401 15
24401 18
24401 17
24401 18
24401 14
24401 10
24401 3
24401 19
24401 22
24401 0
24500 19
24500 26
24500 21
24500 0
24500 5
24500 17
24500 14
24500 15
24500 27
24500 14
24500 15
24500 18
24500 17
24500 18
24500 14
24500 10
24500 3
24500 19
24500 22
24500 0
24601 21
24601 28
24601 23
24601 2
24601 7
24601 19
24601 16
24601 17
24601 29
24601 16
24601 17
24601 20
24601 19
24601 20
24601 16
24601 12
24601 5
24601 21
24601 24
24601 2
24700 21
24700 28
24700 23
24700 2
24700 7
24700 19
24700 16
24700 17
24700 29
24700 16
24700 17
24700 20
24700 19
24700 20
24700 16
24700 12
24700 5
24700 21
24700 24
24700 2
24801 23
24801 30
24801 25
24801 4
24801 9
24801 21
24801 18
24801 19
24801 31
24801 18
24801 19
24801 22
24801 21
24801 22
24801 18
24801 14
24801 7
24801 23
24801 26
24801 4
24900 23
24900 30
24900 25
24900 4
24900 9
24900 21
24900 18
24900 19
24900 31
24900 18
24900 19
24900 22
24900 21
24900 22
24900 18
24900 14
24900 7
24900 23
24900 26
24900 4
25000 24
25000 31
25000 26
25000 5
25000 10
25000 22
25000 19
25000 20
25000 32
25000 19
25000 20
25000 23
25000 22
25000 23
25000 19
25000 15
25000 8
25000 24
25000 27
25000 5
25100 25
25100 32
25100 27
25100 6
25100 11
25100 23
25100 20
25100 21
25100 0
25100 20
25100 21
25100 24
25100 23
25100 24
25100 20
25100 16
25100 9
25100 25
25100 28
25100 6
25201 27
25201 1
25201 29
25201 8
25201 13
25201 25
25201 22
25201 23
25201 2
25201 22
25201 23
25201 26
25201 25
25201 26
25201 22
25201 18
25201 11
25201 27
25201 30
25201 8
25300 27
25300 1
25300 29
25300 8
25300 13
25300 25
25300 22
25300 23
25300 2
25300 22
25300 23
25300 26
25300 25
25300 26
25300 22
25300 18
25300 11
25300 27
25300 30
25300 8
25400 28
25400 2
25400 30
25400 9
25400 14
25400 26
25400 23
25400 24
25400 3
25400 23
25400 24
25400 27
25400 26
25400 27
25400 23
25400 19
25400 12
25400 28
25400 31
25400 9
25500 29
25500 3
25500 31
25500 10
25500 15
25500 27
25500 24
25500 25
25500 4
25500 24
25500 25
25500 28
25500 27
25500 28
25500 24
25500 20
25500 13
25500 29
25500 32
25500 10
25601 31
25601 5
25601 0
25601 12
25601 17
25601 29
25601 26
25601 27
25601 6
25601 26
25601 27
25601 30
25601 29
25601 30
25601 26
25601 22
25601 15
25601 31
25601 1
25601 12
25700 31
25700 5
25700 0
25700 12
25700 17
25700 29
25700 26
25700 27
25700 6
25700 26
25700 27
25700 30
25700 29
25700 30
25700 26
25700 22
25700 15
25700 31
25700 1
25700 12
25801 0
25801 7
25801 2
25801 14
25801 19
25801 31
25801 28
25801 29
25801 8
25801 28
25801 29
25801 32
25801 31
25801 32
25801 28
25801 24
25801 17
25801 0
25801 3
25801 14
25900 0
25900 7
25900 2
25900 14
25900 19
25900 31
25900 28
25900 29
25900 8
25900 28
25900 29
25900 32
25900 31
25900 32
25900 28
25900 24
25900 17
25900 0
25900 3
25900 14
26000 1
26000 8
26000 3
26000 15
26000 20
26000 32
26000 29
26000 30
26000 9
26000 29
26000 30
26000 0
26000 32
26000 0
26000 29
26000 25
26000 18
26000 1
26000 4
26000 15
26100 2
26100 9
26100 4
26100 16
26100 21
26100 0
26100 30
26100 31
26100 10
26100 30
26100 31
26100 1
26100 0
26100 1
26100 30
26100 26
26100 19
26100 2
26100 5
26100 16
26200 3
26200 10
26200 5
26200 17
26200 22
26200 1
26200 31
26200 32
26200 11
26200 31
26200 32
26200 2
26200 1
26200 2
26200 31
26200 27
26200 20
26200 3
26200 6
26200 17
26301 5
26301 12
26301 7
26301 19
26301 24
26301 3
26301 0
26301 1
26301 13
26301 0
26301 1
26301 4
26301 3
26301 4
26301 0
26301 29
26301 22
26301 5
26301 8
26301 19
26400 5
26400 12
26400 7
26400 19
26400 24
26400 3
26400 0
26400 1
26400 13
26400 0
26400 1
26400 4
26400 3
26400 4
26400 0
26400 29
26400 22
26400 5
26400 8
26400 19
26500 6
26500 13
26500 8
26500 20
26500 25
26500 4
26500 1
26500 2
26500 14
26500 1
26500 2
26500 5
26500 4
26500 5
26500 1
26500 30
26500 23
26500 6
26500 9
26500 20
26600 7
26600 14
26600 9
26600 21
26600 26
26600 5
26600 2
26600 3
26600 15
26600 2
26600 3
26600 6
26600 5
26600 6
26600 2
26600 31
26600 24
26600 7
26600 10
26600 21
26700 8
26700 15
26700 10
26700 22
26700 27
26700 6
26700 3
26700 4
26700 16
26700 3
26700 4
26700 7
26700 6
26700 7
26700 3
26700 32
26700 25
26700 8
26700 11
26700 22
26800 9
26800 16
26800 11
26800 23
26800 28
26800 7
26800 4
26800 5
26800 17
26800 4
26800 5
26800 8
26800 7
26800 8
26800 4
26800 0
26800 26
26800 9
26800 12
26800 23
26900 10
26900 17
26900 12
26900 24
26900 29
26900 8
26900 5
26900 6
26900 18
26900 5
26900 6
26900 9
26900 8
26900 9
26900 5
26900 34
26900 27
26900 10
26900 13
26900 24
27001 12
27001 19
27001 14
27001 26
27001 31
27001 10
27001 7
27001 8
27001 20
27001 7
27001 8
27001 11
27001 10
27001 11
27001 7
27001 3
27001 29
27001 12
27001 15
27001 26
27100 12
27100 19
27100 14
27100 26
27100 31
27100 10
27100 7
27100 8
27100 20
27100 7
27100 8
27100 11
27100 10
27100 11
27100 7
27100 3
27100 29
27100 12
27100 15
27100 26
27200 13
27200 20
27200 15
27200 27
27200 32
27200 11
27200 8
27200 9
27200 21
27200 8
27200 9
27200 12
27200 11
27200 12
27200 8
27200 4
27200 30
27200 13
27200 16
27200 27
27300 14
27300 21
27300 16
27300 28
27300 0
27300 12
27300 9
27300 10
27300 22
27300 9
27300 10
27300 13
27300 12
27300 13
27300 9
27300 5
27300 31
27300 14
27300 17
27300 28
27401 16
27401 23
27401 18
27401 30
27401 2
27401 14
27401 11
27401 12
27401 24
27401 11
27401 12
27401 15
27401 14
27401 15
27401 11
27401 7
27401 0
27401 16
27401 19
27401 30
27500 16
27500 23
27500 18
27500 30
27500 2
27500 14
27500 11
27500 12
27500 24
27500 11
27500 12
27500 15
27500 14
27500 15
27500 11
27500 7
27500 0
27500 16
27500 19
27500 30
27601 18
27601 25
27601 20
27601 32
27601 4
27601 16
27601 13
27601 14
27601 26
27601 13
27601 14
27601 17
27601 16
27601 17
27601 13
27601 9
27601 2
27601 18
27601 21
27601 32
27700 18
27700 25
27700 20
27700 32
27700 4
27700 16
27700 13
27700 14
27700 26
27700 13
27700 14
27700 17
27700 16
27700 17
27700 13
27700 9
27700 2
27700 18
27700 21
27700 32
27800 19
27800 26
27800 21
27800 0
27800 5
27800 17
27800 14
27800 15
27800 27
27800 14
27800 15
27800 18
27800 17
27800 18
27800 14
27800 10
27800 3
27800 19
27800 22
27800 0
27900 20
27900 27
27900 22
27900 1
27900 6
27900 18
27900 15
27900 16
27900 28
27900 15
27900 16
27900 19
27900 18
27900 19
27900 15
27900 11
27900 4
27900 20
27900 23
27900 1
28000 21
28000 28
28000 23
28000 2
28000 7
28000 19
28000 16
28000 17
28000 29
28000 16
28000 17
28000 20
28000 19
28000 20
28000 16
28000 12
28000 5
28000 21
28000 24
28000 2
28100 22
28100 29
28100 24
28100 3
28100 8
28100 20
28100 17
28100 18
28100 30
28100 17
28100 18
28100 21
28100 20
28100 21
28100 17
28100 13
28100 6
28100 22
28100 25
28100 3
28199 22
28199 29
28199 24
28199 3
28199 8
28199 20
28199 17
28199 18
28199 30
28199 17
28199 18
28199 21
28199 20
28199 21
28199 17
28199 13
28199 6
28199 22
28199 25
28199 3
28301 25
28301 32
28301 27
28301 6
28301 11
28301 23
28301 20
28301 21
28301 0
28301 20
28301 21
28301 24
28301 23
28301 24
28301 20
28301 16
28301 9
28301 25
28301 28
28301 6
28400 25
28400 32
28400 27
28400 6
28400 11
28400 23
28400 20
28400 21
28400 0
28400 20
28400 21
28400 24
28400 23
28400 24
28400 20
28400 16
28400 9
28400 25
28400 28
28400 6
28500 26
28500 0
28500 28
28500 7
28500 12
28500 24
28500 21
28500 22
28500 1
28500 21
28500 22
28500 25
28500 24
28500 25
28500 21
28500 17
28500 10
28500 26
28500 29
28500 7
28601 28
28601 2
28601 30
28601 9
28601 14
28601 26
28601 23
28601 24
28601 3
28601 23
28601 24
28601 27
28601 26
28601 27
28601 23
28601 19
28601 12
28601 28
28601 31
28601 9
28700 28
28700 2
28700 30
28700 9
28700 14
28700 26
28700 23
28700 24
28700 3
28700 23
28700 24
28700 27
28700 26
28700 27
28700 23
28700 19
28700 12
28700 28
28700 31
28700 9
28800 29
28800 3
28800 31
28800 10
28800 15
28800 27
28800 24
28800 25
28800 4
28800 24
28800 25
28800 28
28800 27
28800 28
28800 24
28800 20
28800 13
28800 29
28800 32
28800 10
28900 30
28900 4
28900 32
28900 11
28900 16
28900 28
28900 25
28900 26
28900 5
28900 25
28900 26
28900 29
28900 28
28900 29
28900 25
28900 21
28900 14
28900 30
28900 0
28900 11
29000 31
29000 5
29000 0
29000 12
29000 17
29000 29
29000 26
29000 27
29000 6
29000 26
29000 27
29000 30
29000 29
29000 30
29000 26
29000 22
29000 15
29000 31
29000 1
29000 12
29100 32
29100 6
29100 1
29100 13
29100 18
29100 30
29100 27
29100 28
29100 7
29100 27
29100 28
29100 31
29100 30
29100 31
29100 27
29100 23
29100 16
29100 32
29100 2
29100 13
29200 0
29200 7
29200 2
29200 14
29200 19
29200 31
29200 28
29200 29
29200 8
29200 28
29200 29
29200 32
29200 31
29200 32
29200 28
29200 24
29200 17
29200 0
29200 3
29200 14
29300 1
29300 8
29300 3
29300 15
29300 20
29300 32
29300 29
29300 30
29300 9
29300 29
29300 30
29300 0
29300 32
29300 0
29300 29
29300 25
29300 18
29300 1
29300 4
29300 15
29400 2
29400 9
29400 4
29400 16
29400 21
29400 0
29400 30
29400 31
29400 10
29400 30
29400 31
29400 1
29400 0
29400 1
29400 30
29400 26
29400 19
29400 2
29400 5
29400 16
29500 3
29500 10
29500 5
29500 17
29500 22
29500 1
29500 31
29500 32
29500 11
29500 31
29500 32
29500 2
29500 1
29500 2
29500 31
29500 27
29500 20
29500 3
29500 6
29500 17
29600 4
29600 11
29600 6
29600 18
29600 23
29600 2
29600 32
29600 0
29600 12
29600 32
29600 0
29600 3
29600 2
29600 3
29600 32
29600 28
29600 21
29600 4
29600 7
29600 18
29700 5
29700 12
29700 7
29700 19
29700 24
29700 3
29700 0
29700 1
29700 13
29700 0
29700 1
29700 4
29700 3
29700 4
29700 0
29700 29
29700 22
29700 5
29700 8
29700 19
29800 6
29800 13
29800 8
29800 20
29800 25
29800 4
29800 1
29800 2
29800 14
29800 1
29800 2
29800 5
29800 4
29800 5
29800 1
29800 30
29800 23
29800 6
29800 9
29800 20
29900 7
29900 14
29900 9
29900 21
29900 26
29900 5
29900 2
29900 3
29900 15
29900 2
29900 3
29900 6
29900 5
29900 6
29900 2
29900 31
29900 24
29900 7
29900 10
29900 21
30000 8
30000 15
30000 10
30000 22
30000 27
30000 6
30000 3
30000 4
30000 16
30000 3
30000 4
30000 7
30000 6
30000 7
30000 3
30000 32
30000 25
30000 8
30000 11
30000 22
30100 9
30100 16
30100 11
30100 23
30100 28
30100 7
30100 4
30100 5
30100 17
30100 4
30100 5
30100 8
30100 7
30100 8
30100 4
30100 0
30100 26
30100 9
30100 12
30100 23
30200 10
30200 17
30200 12
30200 24
30200 29
30200 8
30200 5
30200 6
30200 18
30200 5
30200 6
30200 9
30200 8
30200 9
30200 5
30200 1
30200 27
30200 10
30200 13
30200 24
30300 11
30300 18
30300 13
30300 25
30300 30
30300 9
30300 6
30300 7
30300 19
30300 6
30300 7
30300 10
30300 9
30300 10
30300 6
30300 2
30300 28
30300 11
30300 14
30300 25
30401 13
30401 20
30401 15
30401 27
30401 32
30401 11
30401 8
30401 9
30401 21
30401 8
30401 9
30401 12
30401 11
30401 12
30401 8
30401 4
30401 30
30401 13
30401 16
30401 27
30500 13
30500 20
30500 15
30500 27
30500 32
30500 11
30500 8
30500 9
30500 21
30500 8
30500 9
30500 12
30500 11
30500 12
30500 8
30500 4
30500 30
30500 13
30500 16
30500 27
30601 15
30601 22
30601 17
30601 29
30601 1
30601 13
30601 10
30601 11
30601 23
30601 10
30601 11
30601 14
30601 13
30601 14
30601 10
30601 6
30601 32
30601 15
30601 18
30601 29
30700 15
30700 22
30700 17
30700 29
30700 1
30700 13
30700 10
30700 11
30700 23
30700 10
30700 11
30700 14
30700 13
30700 14
30700 10
30700 6
30700 32
30700 15
30700 18
30700 29
30801 17
30801 24
30801 19
30801 31
30801 3
30801 15
30801 12
30801 13
30801 25
30801 12
30801 13
30801 16
30801 15
30801 16
30801 12
30801 8
30801 1
30801 17
30801 20
30801 31
30900 17
30900 24
30900 19
30900 31
30900 3
30900 15
30900 12
30900 13
30900 25
30900 12
30900 13
30900 16
30900 15
30900 16
30900 12
30900 8
30900 1
30900 17
30900 20
30900 31
31000 18
31000 25
31000 20
31000 32
31000 4
31000 16
31000 13
31000 14
31000 26
31000 13
31000 14
31000 17
31000 16
31000 17
31000 13
31000 9
31000 2
31000 18
31000 21
31000 32
31100 19
31100 26
31100 21
31100 0
31100 5
31100 17
31100 14
31100 15
31100 27
31100 14
31100 15
31100 18
31100 17
31100 18
31100 14
31100 10
31100 3
31100 19
31100 22
31100 0
31200 20
31200 27
31200 22
31200 1
31200 6
31200 18
31200 15
31200 16
31200 28
31200 15
31200 16
31200 19
31200 18
31200 19
31200 15
31200 11
31200 4
31200 20
31200 23
31200 1
31300 21
31300 28
31300 23
31300 2
31300 7
31300 19
31300 16
31300 17
31300 29
31300 16
31300 17
31300 20
31300 19
31300 20
31300 16
31300 12
31300 5
31300 21
31300 24
31300 2
31401 23
31401 30
31401 25
31401 4
31401 9
31401 21
31401 18
31401 19
31401 31
31401 18
31401 19
31401 22
31401 21
31401 22
31401 18
31401 14
31401 7
31401 23
31401 26
31401 4
31500 23
31500 30
31500 25
31500 4
31500 9
31500 21
31500 18
31500 19
31500 31
31500 18
31500 19
31500 22
31500 21
31500 22
31500 18
31500 14
31500 7
31500 23
31500 26
31500 4
31600 24
31600 31
31600 26
31600 5
31600 10
31600 22
31600 19
31600 20
31600 32
31600 19
31600 20
31600 23
31600 22
31600 23
31600 19
31600 15
31600 8
31600 24
31600 27
31600 5
31700 25
31700 32
31700 27
31700 6
31700 11
31700 23
31700 20
31700 21
31700 0
31700 20
31700 21
31700 24
31700 23
31700 24
31700 20
31700 16
31700 9
31700 25
31700 28
31700 6
31801 27
31801 1
31801 29
31801 8
31801 13
31801 25
31801 22
31801 23
31801 2
31801 22
31801 23
31801 26
31801 25
31801 26
31801 22
31801 18
31801 11
31801 27
31801 30
31801 8
31900 27
31900 1
31900 29
31900 8
31900 13
31900 25
31900 22
31900 23
31900 2
31900 22
31900 23
31900 26
31900 25
31900 26
31900 22
31900 18
31900 11
31900 27
31900 30
31900 8
32000 28
32000 2
32000 30
32000 9
32000 14
32000 26
32000 23
32000 24
32000 3
32000 23
32000 24
32000 27
32000 26
32000 27
32000 23
32000 19
32000 12
32000 28
32000 31
32000 9
32105 1
32105 8
32105 3
32105 15
32105 20
32105 32
32105 29
32105 30
32105 9
32105 29
32105 30
32105 0
32105 32
32105 0
32105 29
32105 25
32105 18
32105 1
32105 4
32105 15
32200 30
32200 4
32200 32
32200 11
32200 16
32200 28
32200 25
32200 26
32200 5
32200 25
32200 26
32200 29
32200 28
32200 29
32200 25
32200 21
32200 14
32200 30
32200 0
32200 11
32301 32
32301 6
32301 1
32301 13
32301 18
32301 30
32301 27
32301 28
32301 7
32301 27
32301 28
32301 31
32301 30
32301 31
32301 27
32301 23
32301 16
32301 32
32301 2
32301 13
32400 32
32400 6
32400 1
32400 13
32400 18
32400 30
32400 27
32400 28
32400 7
32400 27
32400 28
32400 31
32400 30
32400 31
32400 27
32400 23
32400 16
32400 32
32400 2
32400 13
32500 0
32500 7
32500 2
32500 14
32500 19
32500 31
32500 28
32500 29
32500 8
32500 28
32500 29
32500 32
32500 31
32500 32
32500 28
32500 24
32500 17
32500 0
32500 3
32500 14
32600 1
32600 8
32600 3
32600 15
32600 20
32600 32
32600 29
32600 30
32600 9
32600 29
32600 30
32600 0
32600 32
32600 0
32600 29
32600 25
32600 18
32600 1
32600 4
32600 15
32700 2
32700 9
32700 4
32700 16
32700 21
32700 0
32700 30
32700 31
32700 10
32700 30
32700 31
32700 1
32700 0
32700 1
32700 30
32700 26
32700 19
32700 2
32700 5
32700 16
32800 3
32800 10
32800 5
32800 17
32800 22
32800 1
32800 31
32800 32
32800 11
32800 31
32800 32
32800 2
32800 1
32800 2
32800 31
32800 27
32800 20
32800 3
32800 6
32800 17
32900 4
32900 11
32900 6
32900 18
32900 23
32900 2
32900 32
32900 0
32900 12
32900 32
32900 0
32900 3
32900 2
32900 3
32900 32
32900 28
32900 21
32900 4
32900 7
32900 18
33000 5
33000 12
33000 7
33000 19
33000 24
33000 3
33000 0
33000 1
33000 13
33000 0
33000 1
33000 4
33000 3
33000 4
33000 0
33000 29
33000 22
33000 5
33000 8
33000 19
33100 6
33100 13
33100 8
33100 20
33100 25
33100 4
33100 1
33100 2
33100 14
33100 1
33100 2
33100 5
33100 4
33100 5
33100 1
33100 30
33100 23
33100 6
33100 9
33100 20
33200 7
33200 14
33200 9
33200 21
33200 26
33200 5
33200 2
33200 3
33200 15
33200 2
33200 3
33200 6
33200 5
33200 6
33200 2
33200 31
33200 24
33200 7
33200 10
33200 21
33300 8
33300 15
33300 10
33300 22
33300 27
33300 6
33300 3
33300 4
33300 16
33300 3
33300 4
33300 7
33300 6
33300 7
33300 3
33300 32
33300 25
33300 8
33300 11
33300 22
33400 9
33400 16
33400 11
33400 23
33400 28
33400 7
33400 4
33400 5
33400 17
33400 4
33400 5
33400 8
33400 7
33400 8
33400 4
33400 0
33400 26
33400 9
33400 12
33400 23
33500 10
33500 17
33500 12
33500 24
33500 29
33500 8
33500 5
33500 6
33500 18
33500 5
33500 6
33500 9
33500 8
33500 9
33500 5
33500 1
33500 27
33500 10
33500 13
33500 24
33601 12
33601 19
33601 14
33601 26
33601 31
33601 10
33601 7
33601 8
33601 20
33601 7
33601 8
33601 11
33601 10
33601 11
33601 7
33601 3
33601 29
33601 12
33601 15
33601 26
33700 12
33700 19
33700 14
33700 26
33700 31
33700 10
33700 7
33700 8
33700 20
33700 7
33700 8
33700 11
33700 10
33700 11
33700 7
33700 3
33700 29
33700 12
33700 15
33700 26
33800 13
33800 20
33800 15
33800 27
33800 32
33800 11
33800 8
33800 9
33800 21
33800 8
33800 9
33800 12
33800 11
33800 12
33800 8
33800 4
33800 30
33800 13
33800 16
33800 27
33900 14
33900 21
33900 16
33900 28
33900 0
33900 12
33900 9
33900 10
33900 22
33900 9
33900 10
33900 13
33900 12
33900 13
33900 9
33900 5
33900 31
33900 14
33900 17
33900 28
34000 15
34000 22
34000 17
34000 29
34000 1
34000 13
34000 10
34000 11
34000 23
34000 10
34000 11
34000 14
34000 13
34000 14
34000 10
34000 6
34000 32
34000 15
34000 18
34000 29
34100 16
34100 23
34100 18
34100 30
34100 2
34100 14
34100 11
34100 12
34100 24
34100 11
34100 12
34100 15
34100 14
34100 15
34100 11
34100 7
34100 0
34100 16
34100 19
34100 30
34201 18
34201 25
34201 20
34201 32
34201 4
34201 16
34201 13
34201 14
34201 26
34201 13
34201 14
34201 17
34201 16
34201 17
34201 13
34201 9
34201 2
34201 18
34201 21
34201 32
34300 18
34300 25
34300 20
34300 32
34300 4
34300 16
34300 13
34300 14
34300 26
34300 13
34300 14
34300 17
34300 16
34300 17
34300 13
34300 9
34300 2
34300 18
34300 21
34300 32
34400 19
34400 26
34400 21
34400 0
34400 5
34400 17
34400 14
34400 15
34400 27
34400 14
34400 15
34400 18
34400 17
34400 18
34400 14
34400 10
34400 3
34400 19
34400 22
34400 0
34500 20
34500 27
34500 22
34500 1
34500 6
34500 18
34500 15
34500 16
34500 28
34500 15
34500 16
34500 19
34500 18
34500 19
34500 15
34500 11
34500 4
34500 20
34500 23
34500 1
34600 21
34600 28
34600 23
34600 2
34600 7
34600 19
34600 16
34600 17
34600 29
34600 16
34600 17
34600 20
34600 19
34600 20
34600 16
34600 12
34600 5
34600 21
34600 24
34600 2
34700 22
34700 29
34700 24
34700 3
34700 8
34700 20
34700 17
34700 18
34700 30
34700 17
34700 18
34700 21
34700 20
34700 21
34700 17
34700 13
34700 6
34700 22
34700 25
34700 3
34800 23
34800 30
34800 25
34800 4
34800 9
34800 21
34800 18
34800 19
34800 31
34800 18
34800 19
34800 22
34800 21
34800 22
34800 18
34800 14
34800 7
34800 23
34800 26
34800 4
34900 24
34900 31
34900 26
34900 5
34900 10
34900 22
34900 19
34900 20
34900 32
34900 19
34900 20
34900 23
34900 22
34900 23
34900 19
34900 15
34900 8
34900 24
34900 27
34900 5
35005 30
35005 4
35005 32
35005 11
35005 16
35005 28
35005 25
35005 26
35005 5
35005 25
35005 26
35005 29
35005 28
35005 29
35005 25
35005 21
35005 14
35005 30
35005 0
35005 11
35100 26
35100 0
35100 28
35100 7
35100 12
35100 24
35100 21
35100 22
35100 1
35100 21
35100 22
35100 25
35100 24
35100 25
35100 21
35100 17
35100 10
35100 26
35100 29
35100 7
35200 27
35200 1
35200 29
35200 8
35200 13
35200 25
35200 22
35200 23
35200 2
35200 22
35200 23
35200 26
35200 25
35200 26
35200 22
35200 18
35200 11
35200 27
35200 30
35200 8
35300 28
35300 2
35300 30
35300 9
35300 14
35300 26
35300 23
35300 24
35300 3
35300 23
35300 24
35300 27
35300 26
35300 27
35300 23
35300 19
35300 12
35300 28
35300 31
35300 9
35401 30
35401 4
35401 32
35401 11
35401 16
35401 28
35401 25
35401 26
35401 5
35401 25
35401 26
35401 29
35401 28
35401 29
35401 25
35401 21
35401 14
35401 30
35401 0
35401 11
35502 32
35502 6
35502 1
35502 13
35502 18
35502 30
35502 27
35502 28
35502 7
35502 27
35502 28
35502 31
35502 30
35502 31
35502 27
35502 23
35502 16
35502 32
35502 2
35502 13
35600 31
35600 5
35600 0
35600 12
35600 17
35600 29
35600 26
35600 27
35600 6
35600 26
35600 27
35600 30
35600 29
35600 30
35600 26
35600 22
35600 15
35600 31
35600 1
35600 12
35700 32
35700 6
35700 1
35700 13
35700 18
35700 30
35700 27
35700 28
35700 7
35700 27
35700 28
35700 31
35700 30
35700 31
35700 27
35700 23
35700 16
35700 32
35700 2
35700 13
35801 1
35801 8
35801 3
35801 15
35801 20
35801 32
35801 29
35801 30
35801 9
35801 29
35801 30
35801 0
35801 32
35801 0
35801 29
35801 25
35801 18
35801 1
35801 4
35801 15
35900 1
35900 8
35900 3
35900 15
35900 20
35900 32
35900 29
35900 30
35900 9
35900 29
35900 30
35900 0
35900 32
35900 0
35900 29
35900 25
35900 18
35900 1
35900 4
35900 15
36000 2
36000 9
36000 4
36000 16
36000 21
36000 0
36000 30
36000 31
36000 10
36000 30
36000 31
36000 1
36000 0
36000 1
36000 30
36000 26
36000 19
36000 2
36000 5
36000 16
36100 3
36100 10
36100 5
36100 17
36100 22
36100 1
36100 31
36100 32
36100 11
36100 31
36100 32
36100 2
36100 1
36100 2
36100 31
36100 27
36100 20
36100 3
36100 6
36100 17
36200 4
36200 11
36200 6
36200 18
36200 23
36200 2
36200 32
36200 0
36200 12
36200 32
36200 0
36200 3
36200 2
36200 3
36200 32
36200 28
36200 21
36200 4
36200 7
36200 18
36300 5
36300 12
36300 7
36300 19
36300 24
36300 3
36300 0
36300 1
36300 13
36300 0
36300 1
36300 4
36300 3
36300 4
36300 0
36300 29
36300 22
36300 5
36300 8
36300 19
36400 6
36400 13
36400 8
36400 20
36400 25
36400 4
36400 1
36400 2
36400 14
36400 1
36400 2
36400 5
36400 4
36400 5
36400 1
36400 30
36400 23
36400 6
36400 9
36400 20
36501 8
36501 15
36501 10
36501 22
36501 27
36501 6
36501 3
36501 4
36501 16
36501 3
36501 4
36501 7
36501 6
36501 7
36501 3
36501 32
36501 25
36501 8
36501 11
36501 22
36600 8
36600 15
36600 10
36600 22
36600 27
36600 6
36600 3
36600 4
36600 16
36600 3
36600 4
36600 7
36600 6
36600 7
36600 3
36600 32
36600 25
36600 8
36600 11
36600 22
36700 9
36700 16
36700 11
36700 23
36700 28
36700 7
36700 4
36700 5
36700 17
36700 4
36700 5
36700 8
36700 7
36700 8
36700 4
36700 0
36700 26
36700 9
36700 12
36700 23
36800 10
36800 17
36800 12
36800 24
36800 29
36800 8
36800 5
36800 6
36800 18
36800 5
36800 6
36800 9
36800 8
36800 9
36800 5
36800 1
36800 27
36800 10
36800 13
36800 24
36900 11
36900 18
36900 13
36900 25
36900 30
36900 9
36900 6
36900 7
36900 19
36900 6
36900 7
36900 10
36900 9
36900 10
36900 6
36900 2
36900 28
36900 11
36900 14
36900 25
37000 12
37000 19
37000 14
37000 26
37000 31
37000 10
37000 7
37000 8
37000 20
37000 7
37000 8
37000 11
37000 10
37000 11
37000 7
37000 3
37000 29
37000 12
37000 15
37000 26
37100 13
37100 20
37100 15
37100 27
37100 32
37100 11
37100 8
37100 9
37100 21
37100 8
37100 9
37100 12
37100 11
37100 12
37100 8
37100 4
37100 30
37100 13
37100 16
37100 27
37200 14
37200 21
37200 16
37200 28
37200 0
37200 12
37200 9
37200 10
37200 22
37200 9
37200 10
37200 13
37200 12
37200 13
37200 9
37200 5
37200 31
37200 14
37200 17
37200 28
37300 15
37300 22
37300 17
37300 29
37300 1
37300 13
37300 10
37300 11
37300 23
37300 10
37300 11
37300 14
37300 13
37300 14
37300 10
37300 6
37300 32
37300 15
37300 18
37300 29
37400 16
37400 23
37400 18
37400 30
37400 2
37400 14
37400 11
37400 12
37400 24
37400 11
37400 12
37400 15
37400 14
37400 15
37400 11
37400 7
37400 0
37400 16
37400 19
37400 30
37500 17
37500 24
37500 19
37500 31
37500 3
37500 15
37500 12
37500 13
37500 25
37500 12
37500 13
37500 16
37500 15
37500 16
37500 12
37500 8
37500 1
37500 17
37500 20
37500 31
37601 19
37601 26
37601 21
37601 0
37601 5
37601 17
37601 14
37601 15
37601 27
37601 14
37601 15
37601 18
37601 17
37601 18
37601 14
37601 10
37601 3
37601 19
37601 22
37601 0
37701 20
37701 27
37701 22
37701 1
37701 6
37701 18
37701 15
37701 16
37701 28
37701 15
37701 16
37701 19
37701 18
37701 19
37701 15
37701 11
37701 4
37701 20
37701 23
37701 1
37801 21
37801 28
37801 23
37801 2
37801 7
37801 19
37801 16
37801 17
37801 29
37801 16
37801 17
37801 20
37801 19
37801 20
37801 16
37801 12
37801 5
37801 21
37801 24
37801 2
37900 21
37900 28
37900 23
37900 2
37900 7
37900 19
37900 16
37900 17
37900 29
37900 16
37900 17
37900 20
37900 19
37900 20
37900 16
37900 12
37900 5
37900 21
37900 24
37900 2
38000 22
38000 29
38000 24
38000 3
38000 8
38000 20
38000 17
38000 18
38000 30
38000 17
38000 18
38000 21
38000 20
38000 21
38000 17
38000 13
38000 6
38000 22
38000 25
38000 3
38100 23
38100 30
38100 25
38100 4
38100 9
38100 21
38100 18
38100 19
38100 31
38100 18
38100 19
38100 22
38100 21
38100 22
38100 18
38100 14
38100 7
38100 23
38100 26
38100 4
38200 24
38200 31
38200 26
38200 5
38200 10
38200 22
38200 19
38200 20
38200 32
38200 19
38200 20
38200 23
38200 22
38200 23
38200 19
38200 15
38200 8
38200 24
38200 27
38200 5
38300 25
38300 32
38300 27
38300 6
38300 11
38300 23
38300 20
38300 21
38300 0
38300 20
38300 21
38300 24
38300 23
38300 24
38300 20
38300 16
38300 9
38300 25
38300 28
38300 6
38400 26
38400 0
38400 28
38400 7
38400 12
38400 24
38400 21
38400 22
38400 1
38400 21
38400 22
38400 25
38400 24
38400 25
38400 21
38400 17
38400 10
38400 26
38400 29
38400 7
38501 28
38501 2
38501 30
38501 9
38501 14
38501 26
38501 23
38501 24
38501 3
38501 23
38501 24
38501 27
38501 26
38501 27
38501 23
38501 19
38501 12
38501 28
38501 31
38501 9
38600 28
38600 2
38600 30
38600 9
38600 14
38600 26
38600 23
38600 24
38600 3
38600 23
38600 24
38600 27
38600 26
38600 27
38600 23
38600 19
38600 12
38600 28
38600 31
38600 9
38700 29
38700 3
38700 31
38700 10
38700 15
38700 27
38700 24
38700 25
38700 4
38700 24
38700 25
38700 28
38700 27
38700 28
38700 24
38700 20
38700 13
38700 29
38700 32
38700 10
38800 30
38800 4
38800 32
38800 11
38800 16
38800 28
38800 25
38800 26
38800 5
38800 25
38800 26
38800 29
38800 28
38800 29
38800 25
38800 21
38800 14
38800 30
38800 0
38800 11
38901 32
38901 6
38901 1
38901 13
38901 18
38901 30
38901 27
38901 28
38901 7
38901 27
38901 28
38901 31
38901 30
38901 31
38901 27
38901 23
38901 16
38901 32
38901 2
38901 13
39000 32
39000 6
39000 1
39000 13
39000 18
39000 30
39000 27
39000 28
39000 7
39000 27
39000 28
39000 31
39000 30
39000 31
39000 27
39000 23
39000 16
39000 32
39000 2
39000 13
39100 0
39100 7
39100 2
39100 14
39100 19
39100 31
39100 28
39100 29
39100 8
39100 28
39100 29
39100 32
39100 31
39100 32
39100 28
39100 24
39100 17
39100 0
39100 3
39100 14
39200 1
39200 8
39200 3
39200 15
39200 20
39200 32
39200 29
39200 30
39200 9
39200 29
39200 30
39200 0
39200 32
39200 0
39200 29
39200 25
39200 18
39200 1
39200 4
39200 15
39300 2
39300 9
39300 4
39300 16
39300 21
39300 0
39300 30
39300 31
39300 10
39300 30
39300 31
39300 1
39300 0
39300 1
39300 30
39300 26
39300 19
39300 2
39300 5
39300 16
39400 3
39400 10
39400 5
39400 17
39400 22
39400 1
39400 31
39400 32
39400 11
39400 31
39400 32
39400 2
39400 1
39400 2
39400 31
39400 27
39400 20
39400 3
39400 6
39400 17
39500 4
39500 11
39500 6
39500 18
39500 23
39500 2
39500 32
39500 33
39500 12
39500 32
39500 0
39500 3
39500 2
39500 3
39500 32
39500 28
39500 21
39500 4
39500 7
39500 18
39601 6
39601 13
39601 8
39601 20
39601 25
39601 4
39601 1
39601 2
39601 14
39601 1
39601 2
39601 5
39601 4
39601 5
39601 1
39601 30
39601 23
39601 6
39601 9
39601 20
39700 6
39700 13
39700 8
39700 20
39700 25
39700 4
39700 1
39700 2
39700 14
39700 1
39700 2
39700 5
39700 4
39700 5
39700 1
39700 30
39700 23
39700 6
39700 9
39700 20
39800 7
39800 14
39800 9
39800 21
39800 26
39800 5
39800 2
39800 3
39800 15
39800 2
39800 3
39800 6
39800 5
39800 6
39800 2
39800 31
39800 24
39800 7
39800 10
39800 21
39900 8
39900 15
39900 10
39900 22
39900 27
39900 6
39900 3
39900 4
39900 16
39900 3
39900 4
39900 7
39900 6
39900 7
39900 3
39900 32
39900 25
39900 8
39900 11
39900 22
40000 9
40000 16
40000 11
40000 23
40000 28
40000 7
40000 4
40000 5
40000 17
40000 4
40000 5
40000 8
40000 7
40000 8
40000 4
40000 0
40000 26
40000 9
40000 12
40000 23
40100 10
40100 17
40100 12
40100 24
40100 29
40100 8
40100 5
40100 6
40100 18
40100 5
40100 6
40100 9
40100 8
40100 9
40100 5
40100 1
40100 27
40100 10
40100 13
40100 24
40200 11
40200 18
40200 13
40200 25
40200 30
40200 9
40200 6
40200 7
40200 19
40200 6
40200 7
40200 10
40200 9
40200 10
40200 6
40200 2
40200 28
40200 11
40200 14
40200 25
40300 12
40300 19
40300 14
40300 26
40300 31
40300 10
40300 7
40300 8
40300 20
40300 7
40300 8
40300 11
40300 10
40300 11
40300 7
40300 3
40300 29
40300 12
40300 15
40300 26
40400 13
40400 20
40400 15
40400 27
40400 32
40400 11
40400 8
40400 9
40400 21
40400 8
40400 9
40400 12
40400 11
40400 12
40400 8
40400 4
40400 30
40400 13
40400 16
40400 27
40501 15
40501 22
40501 17
40501 29
40501 1
40501 13
40501 10
40501 11
40501 23
40501 10
40501 11
40501 14
40501 13
40501 14
40501 10
40501 6
40501 32
40501 15
40501 18
40501 29
40600 15
40600 22
40600 17
40600 29
40600 1
40600 13
40600 10
40600 11
40600 23
40600 10
40600 11
40600 14
40600 13
40600 14
40600 10
40600 6
40600 32
40600 15
40600 18
40600 29
40700 16
40700 23
40700 18
40700 30
40700 2
40700 14
40700 11
40700 12
40700 24
40700 11
40700 12
40700 15
40700 14
40700 15
40700 11
40700 7
40700 0
40700 16
40700 19
40700 30
40800 17
40800 24
40800 19
40800 31
40800 3
40800 15
40800 12
40800 13
40800 25
40800 12
40800 13
40800 16
40800 15
40800 16
40800 12
40800 8
40800 1
40800 17
40800 20
40800 31
40901 19
40901 26
40901 21
40901 0
40901 5
40901 17
40901 14
40901 15
40901 27
40901 14
40901 15
40901 18
40901 17
40901 18
40901 14
40901 10
40901 3
40901 19
40901 22
40901 0
41001 20
41001 27
41001 22
41001 1
41001 6
41001 18
41001 15
41001 16
41001 28
41001 15
41001 16
41001 19
41001 18
41001 19
41001 15
41001 11
41001 4
41001 20
41001 23
41001 1
41100 20
41100 27
41100 22
41100 1
41100 6
41100 18
41100 15
41100 16
41100 28
41100 15
41100 16
41100 19
41100 18
41100 19
41100 15
41100 11
41100 4
41100 20
41100 23
41100 1
41200 21
41200 28
41200 23
41200 2
41200 7
41200 19
41200 16
41200 17
41200 29
41200 16
41200 17
41200 20
41200 19
41200 20
41200 16
41200 12
41200 5
41200 21
41200 24
41200 2
41300 22
41300 29
41300 24
41300 3
41300 8
41300 20
41300 17
41300 18
41300 30
41300 17
41300 18
41300 21
41300 20
41300 21
41300 17
41300 13
41300 6
41300 22
41300 25
41300 3
41401 24
41401 31
41401 26
41401 5
41401 10
41401 22
41401 19
41401 20
41401 32
41401 19
41401 20
41401 23
41401 22
41401 23
41401 19
41401 15
41401 8
41401 24
41401 27
41401 5
41500 24
41500 31
41500 26
41500 5
41500 10
41500 22
41500 19
41500 20
41500 32
41500 19
41500 20
41500 23
41500 22
41500 23
41500 19
41500 15
41500 8
41500 24
41500 27
41500 5
41600 25
41600 32
41600 27
41600 6
41600 11
41600 23
41600 20
41600 21
41600 0
41600 20
41600 21
41600 24
41600 23
41600 24
41600 20
41600 16
41600 9
41600 25
41600 28
41600 6
41701 27
41701 1
41701 29
41701 8
41701 13
41701 25
41701 22
41701 23
41701 2
41701 22
41701 23
41701 26
41701 25
41701 26
41701 22
41701 18
41701 11
41701 27
41701 30
41701 8
41800 27
41800 1
41800 29
41800 8
41800 13
41800 25
41800 22
41800 23
41800 2
41800 22
41800 23
41800 26
41800 25
41800 26
41800 22
41800 18
41800 11
41800 27
41800 30
41800 8
41900 28
41900 2
41900 30
41900 9
41900 14
41900 26
41900 23
41900 24
41900 3
41900 23
41900 24
41900 27
41900 26
41900 27
41900 23
41900 19
41900 12
41900 28
41900 31
41900 9
42001 30
42001 4
42001 32
42001 11
42001 16
42001 28
42001 25
42001 26
42001 5
42001 25
42001 26
42001 29
42001 28
42001 29
42001 25
42001 21
42001 14
42001 30
42001 0
42001 11
42100 30
42100 4
42100 32
42100 11
42100 16
42100 28
42100 25
42100 26
42100 5
42100 25
42100 26
42100 29
42100 28
42100 29
42100 25
42100 21
42100 14
42100 30
42100 0
42100 11
42200 31
42200 5
42200 0
42200 12
42200 17
42200 29
42200 26
42200 27
42200 6
42200 26
42200 27
42200 30
42200 29
42200 30
42200 26
42200 22
42200 15
42200 31
42200 1
42200 12
42300 32
42300 6
42300 1
42300 13
42300 18
42300 30
42300 27
42300 28
42300 7
42300 27
42300 28
42300 31
42300 30
42300 31
42300 27
42300 23
42300 16
42300 32
42300 2
42300 13
42400 0
42400 7
42400 2
42400 14
42400 19
42400 31
42400 28
42400 29
42400 8
42400 28
42400 29
42400 32
42400 31
42400 32
42400 28
42400 24
42400 17
42400 0
42400 3
42400 14
42501 2
42501 9
42501 4
42501 16
42501 21
42501 0
42501 30
42501 31
42501 10
42501 30
42501 31
42501 1
42501 0
42501 1
42501 30
42501 26
42501 19
42501 2
42501 5
42501 16
42600 2
42600 9
42600 4
42600 16
42600 21
42600 33
42600 30
42600 31
42600 10
42600 30
42600 31
42600 1
42600 0
42600 1
42600 30
42600 26
42600 19
42600 2
42600 5
42600 16
42700 3
42700 10
42700 5
42700 17
42700 22
42700 1
42700 31
42700 32
42700 11
42700 31
42700 32
42700 2
42700 1
42700 2
42700 31
42700 27
42700 20
42700 3
42700 6
42700 17
42800 4
42800 11
42800 6
42800 18
42800 23
42800 2
42800 32
42800 0
42800 12
42800 32
42800 0
42800 3
42800 2
42800 3
42800 32
42800 28
42800 21
42800 4
42800 7
42800 18
42900 5
42900 12
42900 7
42900 19
42900 24
42900 3
42900 0
42900 1
42900 13
42900 0
42900 1
42900 4
42900 3
42900 4
42900 0
42900 29
42900 22
42900 5
42900 8
42900 19
43000 6
43000 13
43000 8
43000 20
43000 25
43000 4
43000 1
43000 2
43000 14
43000 1
43000 2
43000 5
43000 4
43000 5
43000 1
43000 30
43000 23
43000 6
43000 9
43000 20
43101 8
43101 15
43101 10
43101 22
43101 27
43101 6
43101 3
43101 4
43101 16
43101 3
43101 4
43101 7
43101 6
43101 7
43101 3
43101 32
43101 25
43101 8
43101 11
43101 22
43200 8
43200 15
43200 10
43200 22
43200 27
43200 6
43200 3
43200 4
43200 16
43200 3
43200 4
43200 7
43200 6
43200 7
43200 3
43200 32
43200 25
43200 8
43200 11
43200 22
43300 9
43300 16
43300 11
43300 23
43300 28
43300 7
43300 4
43300 5
43300 17
43300 4
43300 5
43300 8
43300 7
43300 8
43300 4
43300 0
43300 26
43300 9
43300 12
43300 23
43400 10
43400 17
43400 12
43400 24
43400 29
43400 8
43400 5
43400 6
43400 18
43400 5
43400 6
43400 9
43400 8
43400 9
43400 5
43400 1
43400 27
43400 10
43400 13
43400 24
43501 12
43501 19
43501 14
43501 26
43501 31
43501 10
43501 7
43501 8
43501 20
43501 7
43501 8
43501 11
43501 10
43501 11
43501 7
43501 3
43501 29
43501 12
43501 15
43501 26
43600 12
43600 19
43600 14
43600 26
43600 31
43600 10
43600 7
43600 8
43600 20
43600 7
43600 8
43600 11
43600 10
43600 11
43600 7
43600 3
43600 29
43600 12
43600 15
43600 26
43700 13
43700 20
43700 15
43700 27
43700 32
43700 11
43700 8
43700 9
43700 21
43700 8
43700 9
43700 12
43700 11
43700 12
43700 8
43700 4
43700 30
43700 13
43700 16
43700 27
43800 14
43800 21
43800 16
43800 28
43800 0
43800 12
43800 9
43800 10
43800 22
43800 9
43800 10
43800 13
43800 12
43800 13
43800 9
43800 5
43800 31
43800 14
43800 17
43800 28
43900 15
43900 22
43900 17
43900 29
43900 1
43900 13
43900 10
43900 11
43900 23
43900 10
43900 11
43900 14
43900 13
43900 14
43900 10
43900 6
43900 32
43900 15
43900 18
43900 29
44000 16
44000 23
44000 18
44000 30
44000 2
44000 14
44000 11
44000 12
44000 24
44000 11
44000 12
44000 15
44000 14
44000 15
44000 11
44000 7
44000 0
44000 16
44000 19
44000 30
44100 17
44100 24
44100 19
44100 31
44100 3
44100 15
44100 12
44100 13
44100 25
44100 12
44100 13
44100 16
44100 15
44100 16
44100 12
44100 8
44100 1
44100 17
44100 20
44100 31
44200 18
44200 25
44200 20
44200 32
44200 4
44200 16
44200 13
44200 14
44200 26
44200 13
44200 14
44200 17
44200 16
44200 17
44200 13
44200 9
44200 2
44200 18
44200 21
44200 32
44300 19
44300 26
44300 21
44300 0
44300 5
44300 17
44300 14
44300 15
44300 27
44300 14
44300 15
44300 18
44300 17
44300 18
44300 14
44300 10
44300 3
44300 19
44300 22
44300 0
44400 20
44400 27
44400 22
44400 1
44400 6
44400 18
44400 15
44400 16
44400 28
44400 15
44400 16
44400 19
44400 18
44400 19
44400 15
44400 11
44400 4
44400 20
44400 23
44400 1
44500 21
44500 28
44500 23
44500 2
44500 7
44500 19
44500 16
44500 17
44500 29
44500 16
44500 17
44500 20
44500 19
44500 20
44500 16
44500 12
44500 5
44500 21
44500 24
44500 2
44600 22
44600 29
44600 24
44600 3
44600 8
44600 20
44600 17
44600 18
44600 30
44600 17
44600 18
44600 21
44600 20
44600 21
44600 17
44600 13
44600 6
44600 22
44600 25
44600 3
44701 24
44701 31
44701 26
44701 5
44701 10
44701 22
44701 19
44701 20
44701 32
44701 19
44701 20
44701 23
44701 22
44701 23
44701 19
44701 15
44701 8
44701 24
44701 27
44701 5
44800 24
44800 31
44800 26
44800 5
44800 10
44800 22
44800 19
44800 20
44800 32
44800 19
44800 20
44800 23
44800 22
44800 23
44800 19
44800 15
44800 8
44800 24
44800 27
44800 5
44900 25
44900 32
44900 27
44900 6
44900 11
44900 23
44900 20
44900 21
44900 0
44900 20
44900 21
44900 24
44900 23
44900 24
44900 20
44900 16
44900 9
44900 25
44900 28
44900 6
45000 26
45000 0
45000 28
45000 7
45000 12
45000 24
45000 21
45000 22
45000 1
45000 21
45000 22
45000 25
45000 24
45000 25
45000 21
45000 17
45000 10
45000 26
45000 29
45000 7
45101 28
45101 2
45101 30
45101 9
45101 14
45101 26
45101 23
45101 24
45101 3
45101 23
45101 24
45101 27
45101 26
45101 27
45101 23
45101 19
45101 12
45101 28
45101 31
45101 9
45200 28
45200 2
45200 30
45200 9
45200 14
45200 26
45200 23
45200 24
45200 3
45200 23
45200 24
45200 27
45200 26
45200 27
45200 23
45200 19
45200 12
45200 28
45200 31
45200 9
45302 31
45302 5
45302 0
45302 12
45302 17
45302 29
45302 26
45302 27
45302 6
45302 26
45302 27
45302 30
45302 29
45302 30
45302 26
45302 22
45302 15
45302 31
45302 1
45302 12
45400 30
45400 4
45400 32
45400 11
45400 16
45400 28
45400 25
45400 26
45400 5
45400 25
45400 26
45400 29
45400 28
45400 29
45400 25
45400 21
45400 14
45400 30
45400 0
45400 11
45500 31
45500 5
45500 0
45500 12
45500 17
45500 29
45500 26
45500 27
45500 6
45500 26
45500 27
45500 30
45500 29
45500 30
45500 26
45500 22
45500 15
45500 31
45500 1
45500 12
45600 32
45600 6
45600 1
45600 13
45600 18
45600 30
45600 27
45600 28
45600 7
45600 27
45600 28
45600 31
45600 30
45600 31
45600 27
45600 23
45600 16
45600 32
45600 2
45600 13
45701 1
45701 8
45701 3
45701 15
45701 20
45701 32
45701 29
45701 30
45701 9
45701 29
45701 30
45701 0
45701 32
45701 0
45701 29
45701 25
45701 18
45701 1
45701 4
45701 15
45800 1
45800 8
45800 3
45800 15
45800 20
45800 32
45800 29
45800 30
45800 9
45800 29
45800 30
45800 0
45800 32
45800 0
45800 29
45800 25
45800 18
45800 1
45800 4
45800 15
45901 3
45901 10
45901 5
45901 17
45901 22
45901 1
45901 31
45901 32
45901 11
45901 31
45901 32
45901 2
45901 1
45901 2
45901 31
45901 27
45901 20
45901 3
45901 6
45901 17
46000 3
46000 10
46000 5
46000 17
46000 22
46000 1
46000 31
46000 32
46000 11
46000 31
46000 32
46000 2
46000 1
46000 2
46000 31
46000 27
46000 20
46000 3
46000 6
46000 17
46101 5
46101 12
46101 7
46101 19
46101 24
46101 3
46101 0
46101 1
46101 13
46101 0
46101 1
46101 4
46101 3
46101 4
46101 0
46101 29
46101 22
46101 5
46101 8
46101 19
46200 5
46200 12
46200 7
46200 19
46200 24
46200 3
46200 0
46200 1
46200 13
46200 0
46200 1
46200 4
46200 3
46200 4
46200 0
46200 29
46200 22
46200 5
46200 8
46200 19
46300 6
46300 13
46300 8
46300 20
46300 25
46300 4
46300 1
46300 2
46300 14
46300 1
46300 2
46300 5
46300 4
46300 5
46300 1
46300 30
46300 23
46300 6
46300 9
46300 20
46400 7
46400 14
46400 9
46400 21
46400 26
46400 5
46400 2
46400 3
46400 15
46400 2
46400 3
46400 6
46400 5
46400 6
46400 2
46400 31
46400 24
46400 7
46400 10
46400 21
46500 8
46500 15
46500 10
46500 22
46500 27
46500 6
46500 3
46500 4
46500 16
46500 3
46500 4
46500 7
46500 6
46500 7
46500 3
46500 32
46500 25
46500 8
46500 11
46500 22
46600 9
46600 16
46600 11
46600 23
46600 28
46600 7
46600 4
46600 5
46600 17
46600 4
46600 5
46600 8
46600 7
46600 8
46600 4
46600 0
46600 26
46600 9
46600 12
46600 23
46700 10
46700 17
46700 12
46700 24
46700 29
46700 8
46700 5
46700 6
46700 18
46700 5
46700 6
46700 9
46700 8
46700 9
46700 5
46700 1
46700 27
46700 10
46700 13
46700 24
46801 12
46801 19
46801 14
46801 26
46801 31
46801 10
46801 7
46801 8
46801 20
46801 7
46801 8
46801 11
46801 10
46801 11
46801 7
46801 3
46801 29
46801 12
46801 15
46801 26
46900 12
46900 19
46900 14
46900 26
46900 31
46900 10
46900 7
46900 8
46900 20
46900 7
46900 8
46900 11
46900 10
46900 11
46900 7
46900 3
46900 29
46900 12
46900 15
46900 26
47000 13
47000 20
47000 15
47000 27
47000 32
47000 11
47000 8
47000 9
47000 21
47000 8
47000 9
47000 12
47000 11
47000 12
47000 8
47000 4
47000 30
47000 13
47000 16
47000 27
47100 14
47100 21
47100 16
47100 28
47100 0
47100 12
47100 9
47100 10
47100 22
47100 9
47100 10
47100 13
47100 12
47100 13
47100 9
47100 5
47100 31
47100 14
47100 17
47100 28
47200 15
47200 22
47200 17
47200 29
47200 1
47200 13
47200 10
47200 11
47200 23
47200 10
47200 11
47200 14
47200 13
47200 14
47200 10
47200 6
47200 32
47200 15
47200 18
47200 29
47300 16
47300 23
47300 18
47300 30
47300 2
47300 14
47300 11
47300 12
47300 24
47300 11
47300 12
47300 15
47300 14
47300 15
47300 11
47300 7
47300 0
47300 16
47300 19
47300 30
47404 21
47404 28
47404 23
47404 2
47404 7
47404 19
47404 16
47404 17
47404 29
47404 16
47404 17
47404 20
47404 19
47404 20
47404 16
47404 12
47404 5
47404 21
47404 24
47404 2
47500 18
47500 25
47500 20
47500 32
47500 4
47500 16
47500 13
47500 14
47500 26
47500 13
47500 14
47500 17
47500 16
47500 17
47500 13
47500 9
47500 2
47500 18
47500 21
47500 32
47600 19
47600 26
47600 21
47600 0
47600 5
47600 17
47600 14
47600 15
47600 27
47600 14
47600 15
47600 18
47600 17
47600 18
47600 14
47600 10
47600 3
47600 19
47600 22
47600 0
47700 20
47700 27
47700 22
47700 1
47700 6
47700 18
47700 15
47700 16
47700 28
47700 15
47700 16
47700 19
47700 18
47700 19
47700 15
47700 11
47700 4
47700 20
47700 23
47700 1
47800 21
47800 28
47800 23
47800 2
47800 7
47800 19
47800 16
47800 17
47800 29
47800 16
47800 17
47800 20
47800 19
47800 20
47800 16
47800 12
47800 5
47800 21
47800 24
47800 2
47900 22
47900 29
47900 24
47900 3
47900 8
47900 20
47900 17
47900 18
47900 30
47900 17
47900 18
47900 21
47900 20
47900 21
47900 17
47900 13
47900 6
47900 22
47900 25
47900 3
48000 23
48000 30
48000 25
48000 4
48000 9
48000 21
48000 18
48000 19
48000 31
48000 18
48000 19
48000 22
48000 21
48000 22
48000 18
48000 14
48000 7
48000 23
48000 26
48000 4
48100 24
48100 31
48100 26
48100 5
48100 10
48100 22
48100 19
48100 20
48100 32
48100 19
48100 20
48100 23
48100 22
48100 23
48100 19
48100 15
48100 8
48100 24
48100 27
48100 5
48200 25
48200 32
48200 27
48200 6
48200 11
48200 23
48200 20
48200 21
48200 0
48200 20
48200 21
48200 24
48200 23
48200 24
48200 20
48200 16
48200 9
48200 25
48200 28
48200 6
48300 26
48300 0
48300 28
48300 7
48300 12
48300 24
48300 21
48300 22
48300 1
48300 21
48300 22
48300 25
48300 24
48300 25
48300 21
48300 17
48300 10
48300 26
48300 29
48300 7
48400 27
48400 1
48400 29
48400 8
48400 13
48400 25
48400 22
48400 23
48400 2
48400 22
48400 23
48400 26
48400 25
48400 26
48400 22
48400 18
48400 11
48400 27
48400 30
48400 8
48500 28
48500 2
48500 30
48500 9
48500 14
48500 26
48500 23
48500 24
48500 3
48500 23
48500 24
48500 27
48500 26
48500 27
48500 23
48500 19
48500 12
48500 28
48500 31
48500 9
48600 29
48600 3
48600 31
48600 10
48600 15
48600 27
48600 24
48600 25
48600 4
48600 24
48600 25
48600 28
48600 27
48600 28
48600 24
48600 20
48600 13
48600 29
48600 32
48600 10
48700 30
48700 4
48700 32
48700 11
48700 16
48700 28
48700 25
48700 26
48700 5
48700 25
48700 26
48700 29
48700 28
48700 29
48700 25
48700 21
48700 14
48700 30
48700 0
48700 11
48800 31
48800 5
48800 0
48800 12
48800 17
48800 29
48800 26
48800 27
48800 6
48800 26
48800 27
48800 30
48800 29
48800 30
48800 26
48800 22
48800 15
48800 31
48800 1
48800 12
48901 0
48901 7
48901 2
48901 14
48901 19
48901 31
48901 28
48901 29
48901 8
48901 28
48901 29
48901 32
48901 31
48901 32
48901 28
48901 24
48901 17
48901 33
48901 3
48901 14
49000 0
49000 7
49000 2
49000 14
49000 19
49000 31
49000 28
49000 29
49000 8
49000 28
49000 29
49000 32
49000 31
49000 32
49000 28
49000 24
49000 17
49000 0
49000 3
49000 14
49100 1
49100 8
49100 3
49100 15
49100 20
49100 32
49100 29
49100 30
49100 9
49100 29
49100 30
49100 0
49100 32
49100 0
49100 29
49100 25
49100 18
49100 1
49100 4
49100 15
49200 2
49200 9
49200 4
49200 16
49200 21
49200 0
49200 30
49200 31
49200 10
49200 30
49200 31
49200 1
49200 0
49200 1
49200 30
49200 26
49200 19
49200 2
49200 5
49200 16
49300 3
49300 10
49300 5
49300 17
49300 22
49300 1
49300 31
49300 32
49300 11
49300 31
49300 32
49300 2
49300 1
49300 2
49300 31
49300 27
49300 20
49300 3
49300 6
49300 17
49400 4
49400 11
49400 6
49400 18
49400 23
49400 2
49400 32
49400 0
49400 12
49400 32
49400 0
49400 3
49400 2
49400 3
49400 32
49400 28
49400 21
49400 4
49400 7
49400 18
49500 5
49500 12
49500 7
49500 19
49500 24
49500 3
49500 0
49500 1
49500 13
49500 0
49500 1
49500 4
49500 3
49500 4
49500 0
49500 29
49500 22
49500 5
49500 8
49500 19
49600 6
49600 13
49600 8
49600 20
49600 25
49600 4
49600 1
49600 2
49600 14
49600 1
49600 2
49600 5
49600 4
49600 5
49600 1
49600 30
49600 23
49600 6
49600 9
49600 20
49700 7
49700 14
49700 9
49700 21
49700 26
49700 5
49700 2
49700 3
49700 15
49700 2
49700 3
49700 6
49700 5
49700 6
49700 2
49700 31
49700 24
49700 7
49700 10
49700 21
49800 8
49800 15
49800 10
49800 22
49800 27
49800 6
49800 3
49800 4
49800 16
49800 3
49800 4
49800 7
49800 6
49800 7
49800 3
49800 32
49800 25
49800 8
49800 11
49800 22
49900 9
49900 16
49900 11
49900 23
49900 28
49900 7
49900 4
49900 5
49900 17
49900 4
49900 5
49900 8
49900 7
49900 8
49900 4
49900 0
49900 26
49900 9
49900 12
49900 23
50000 10
50000 17
50000 12
50000 24
50000 29
50000 8
50000 5
50000 6
50000 18
50000 5
50000 6
50000 9
50000 8
50000 9
50000 5
50000 1
50000 27
50000 10
50000 13
50000 24
50100 11
50100 18
50100 13
50100 25
50100 30
50100 9
50100 6
50100 7
50100 19
50100 6
50100 7
50100 10
50100 9
50100 10
50100 6
50100 2
50100 28
50100 11
50100 14
50100 25
50200 12
50200 19
50200 14
50200 26
50200 31
50200 10
50200 7
50200 8
50200 20
50200 7
50200 8
50200 11
50200 10
50200 11
50200 7
50200 3
50200 29
50200 12
50200 15
50200 26
50300 13
50300 20
50300 15
50300 27
50300 32
50300 11
50300 8
50300 9
50300 21
50300 8
50300 9
50300 12
50300 11
50300 12
50300 8
50300 4
50300 30
50300 13
50300 16
50300 27
50400 14
50400 21
50400 16
50400 28
50400 0
50400 12
50400 9
50400 10
50400 22
50400 9
50400 10
50400 13
50400 12
50400 13
50400 9
50400 5
50400 31
50400 14
50400 17
50400 28
50500 15
50500 22
50500 17
50500 29
50500 1
50500 13
50500 10
50500 11
50500 23
50500 10
50500 11
50500 14
50500 13
50500 14
50500 10
50500 6
50500 32
50500 15
50500 18
50500 29
50599 15
50599 22
50599 17
50599 29
50599 1
50599 13
50599 10
50599 11
50599 23
50599 10
50599 11
50599 14
50599 13
50599 14
50599 10
50599 6
50599 32
50599 15
50599 18
50599 29
50700 17
50700 24
50700 19
50700 31
50700 3
50700 15
50700 12
50700 13
50700 25
50700 12
50700 13
50700 16
50700 15
50700 16
50700 12
50700 8
50700 1
50700 17
50700 20
50700 31
50800 18
50800 25
50800 20
50800 32
50800 4
50800 16
50800 13
50800 14
50800 26
50800 13
50800 14
50800 17
50800 16
50800 17
50800 13
50800 9
50800 2
50800 18
50800 21
50800 32
50900 19
50900 26
50900 21
50900 0
50900 5
50900 17
50900 14
50900 15
50900 27
50900 14
50900 15
50900 18
50900 17
50900 18
50900 14
50900 10
50900 3
50900 19
50900 22
50900 0
51000 20
51000 27
51000 22
51000 1
51000 6
51000 18
51000 15
51000 16
51000 28
51000 15
51000 16
51000 19
51000 18
51000 19
51000 15
51000 11
51000 4
51000 20
51000 23
51000 1
51100 21
51100 28
51100 23
51100 2
51100 7
51100 19
51100 16
51100 17
51100 29
51100 16
51100 17
51100 20
51100 19
51100 20
51100 16
51100 12
51100 5
51100 21
51100 24
51100 2
51200 22
51200 29
51200 24
51200 3
51200 8
51200 20
51200 17
51200 18
51200 30
51200 17
51200 18
51200 21
51200 20
51200 21
51200 17
51200 13
51200 6
51200 22
51200 25
51200 3
51300 23
51300 30
51300 25
51300 4
51300 9
51300 21
51300 18
51300 19
51300 31
51300 18
51300 19
51300 22
51300 21
51300 22
51300 18
51300 14
51300 7
51300 23
51300 26
51300 4
51400 24
51400 31
51400 26
51400 5
51400 10
51400 22
51400 19
51400 20
51400 32
51400 19
51400 20
51400 23
51400 22
51400 23
51400 19
51400 15
51400 8
51400 24
51400 27
51400 5
51500 25
51500 32
51500 27
51500 6
51500 11
51500 23
51500 20
51500 21
51500 0
51500 20
51500 21
51500 24
51500 23
51500 24
51500 20
51500 16
51500 9
51500 25
51500 28
51500 6
51600 26
51600 0
51600 28
51600 7
51600 12
51600 24
51600 21
51600 22
51600 1
51600 21
51600 22
51600 25
51600 24
51600 25
51600 21
51600 17
51600 10
51600 26
51600 29
51600 7
51700 27
51700 1
51700 29
51700 8
51700 13
51700 25
51700 22
51700 23
51700 2
51700 22
51700 23
51700 26
51700 25
51700 26
51700 22
51700 18
51700 11
51700 27
51700 30
51700 8
51800 28
51800 2
51800 30
51800 9
51800 14
51800 26
51800 23
51800 24
51800 3
51800 23
51800 24
51800 27
51800 26
51800 27
51800 23
51800 19
51800 12
51800 28
51800 31
51800 9
51900 29
51900 3
51900 31
51900 10
51900 15
51900 27
51900 24
51900 25
51900 4
51900 24
51900 25
51900 28
51900 27
51900 28
51900 24
51900 20
51900 13
51900 29
51900 32
51900 10
52000 30
52000 4
52000 32
52000 11
52000 16
52000 28
52000 25
52000 26
52000 5
52000 25
52000 26
52000 29
52000 28
52000 29
52000 25
52000 21
52000 14
52000 30
52000 0
52000 11
52100 31
52100 5
52100 0
52100 12
52100 17
52100 29
52100 26
52100 27
52100 6
52100 26
52100 27
52100 30
52100 29
52100 30
52100 26
52100 22
52100 15
52100 31
52100 1
52100 12
52200 32
52200 6
52200 1
52200 13
52200 18
52200 30
52200 27
52200 28
52200 7
52200 27
52200 28
52200 31
52200 30
52200 31
52200 27
52200 23
52200 16
52200 32
52200 2
52200 13
52300 0
52300 7
52300 2
52300 14
52300 19
52300 31
52300 28
52300 29
52300 8
52300 28
52300 29
52300 32
52300 31
52300 32
52300 28
52300 24
52300 17
52300 0
52300 3
52300 14
52400 1
52400 8
52400 3
52400 15
52400 20
52400 32
52400 29
52400 30
52400 9
52400 29
52400 30
52400 0
52400 32
52400 0
52400 29
52400 25
52400 18
52400 1
52400 4
52400 15
52500 2
52500 9
52500 4
52500 16
52500 21
52500 0
52500 30
52500 31
52500 10
52500 30
52500 31
52500 1
52500 0
52500 1
52500 30
52500 26
52500 19
52500 2
52500 5
52500 16
52600 3
52600 10
52600 5
52600 17
52600 22
52600 1
52600 31
52600 32
52600 11
52600 31
52600 32
52600 2
52600 1
52600 2
52600 31
52600 27
52600 20
52600 3
52600 6
52600 17
52700 4
52700 11
52700 6
52700 18
52700 23
52700 2
52700 32
52700 0
52700 12
52700 32
52700 0
52700 3
52700 2
52700 3
52700 32
52700 28
52700 21
52700 4
52700 7
52700 18
52800 5
52800 12
52800 7
52800 19
52800 24
52800 3
52800 0
52800 1
52800 13
52800 0
52800 1
52800 4
52800 3
52800 4
52800 0
52800 29
52800 22
52800 5
52800 8
52800 19
52900 6
52900 13
52900 8
52900 20
52900 25
52900 4
52900 1
52900 2
52900 14
52900 1
52900 2
52900 5
52900 4
52900 5
52900 1
52900 30
52900 23
52900 6
52900 9
52900 20
53000 7
53000 14
53000 9
53000 21
53000 26
53000 5
53000 2
53000 3
53000 15
53000 2
53000 3
53000 6
53000 5
53000 6
53000 2
53000 31
53000 24
53000 7
53000 10
53000 21
53100 8
53100 15
53100 10
53100 22
53100 27
53100 6
53100 3
53100 4
53100 16
53100 3
53100 4
53100 7
53100 6
53100 7
53100 3
53100 32
53100 25
53100 8
53100 11
53100 22
53200 9
53200 16
53200 11
53200 23
53200 28
53200 7
53200 4
53200 5
53200 17
53200 4
53200 5
53200 8
53200 7
53200 8
53200 4
53200 0
53200 26
53200 9
53200 12
53200 23
53300 10
53300 17
53300 12
53300 24
53300 29
53300 8
53300 5
53300 6
53300 18
53300 5
53300 6
53300 9
53300 8
53300 9
53300 5
53300 1
53300 27
53300 10
53300 13
53300 24
53400 11
53400 18
53400 13
53400 25
53400 30
53400 9
53400 6
53400 7
53400 19
53400 6
53400 7
53400 10
53400 9
53400 10
53400 6
53400 2
53400 28
53400 11
53400 14
53400 25
53500 12
53500 19
53500 14
53500 26
53500 31
53500 10
53500 7
53500 8
53500 20
53500 7
53500 8
53500 11
53500 10
53500 11
53500 7
53500 3
53500 29
53500 12
53500 15
53500 26
53600 13
53600 20
53600 15
53600 27
53600 32
53600 11
53600 8
53600 9
53600 21
53600 8
53600 9
53600 12
53600 11
53600 12
53600 8
53600 4
53600 30
53600 13
53600 16
53600 27
53700 14
53700 21
53700 16
53700 28
53700 0
53700 12
53700 9
53700 10
53700 22
53700 9
53700 10
53700 13
53700 12
53700 13
53700 9
53700 5
53700 31
53700 14
53700 17
53700 28
53800 15
53800 22
53800 17
53800 29
53800 1
53800 13
53800 10
53800 11
53800 23
53800 10
53800 11
53800 14
53800 13
53800 14
53800 10
53800 6
53800 32
53800 15
53800 18
53800 29
53900 16
53900 23
53900 18
53900 30
53900 2
53900 14
53900 11
53900 12
53900 24
53900 11
53900 12
53900 15
53900 14
53900 15
53900 11
53900 7
53900 0
53900 16
53900 19
53900 30
54000 17
54000 24
54000 19
54000 31
54000 3
54000 15
54000 12
54000 13
54000 25
54000 12
54000 13
54000 16
54000 15
54000 16
54000 12
54000 8
54000 1
54000 17
54000 20
54000 31
54100 18
54100 25
54100 20
54100 32
54100 4
54100 16
54100 13
54100 14
54100 26
54100 13
54100 14
54100 17
54100 16
54100 17
54100 13
54100 9
54100 2
54100 18
54100 21
54100 32
54200 19
54200 26
54200 21
54200 0
54200 5
54200 17
54200 14
54200 15
54200 27
54200 14
54200 15
54200 18
54200 17
54200 18
54200 14
54200 10
54200 3
54200 19
54200 22
54200 0
54300 20
54300 27
54300 22
54300 1
54300 6
54300 18
54300 15
54300 16
54300 28
54300 15
54300 16
54300 19
54300 18
54300 19
54300 15
54300 11
54300 4
54300 20
54300 23
54300 1
54400 21
54400 28
54400 23
54400 2
54400 7
54400 19
54400 16
54400 17
54400 29
54400 16
54400 17
54400 20
54400 19
54400 20
54400 16
54400 12
54400 5
54400 21
54400 24
54400 2
54500 22
54500 29
54500 24
54500 3
54500 8
54500 20
54500 17
54500 18
54500 30
54500 17
54500 18
54500 21
54500 20
54500 21
54500 17
54500 13
54500 6
54500 22
54500 25
54500 3
54600 23
54600 30
54600 25
54600 4
54600 9
54600 21
54600 18
54600 19
54600 31
54600 18
54600 19
54600 22
54600 21
54600 22
54600 18
54600 14
54600 7
54600 23
54600 26
54600 4
54700 24
54700 31
54700 26
54700 5
54700 10
54700 22
54700 19
54700 20
54700 32
54700 19
54700 20
54700 23
54700 22
54700 23
54700 19
54700 15
54700 8
54700 24
54700 27
54700 5
54800 25
54800 32
54800 27
54800 6
54800 11
54800 23
54800 20
54800 21
54800 0
54800 20
54800 21
54800 24
54800 23
54800 24
54800 20
54800 16
54800 9
54800 25
54800 28
54800 6
54900 26
54900 0
54900 28
54900 7
54900 12
54900 24
54900 21
54900 22
54900 1
54900 21
54900 22
54900 25
54900 24
54900 25
54900 21
54900 17
54900 10
54900 26
54900 29
54900 7
55000 27
55000 1
55000 29
55000 8
55000 13
55000 25
55000 22
55000 23
55000 2
55000 22
55000 23
55000 26
55000 25
55000 26
55000 22
55000 18
55000 11
55000 27
55000 30
55000 8
55100 28
55100 2
55100 30
55100 9
55100 14
55100 26
55100 23
55100 24
55100 3
55100 23
55100 24
55100 27
55100 26
55100 27
55100 23
55100 19
55100 12
55100 28
55100 31
55100 9
55200 29
55200 3
55200 31
55200 10
55200 15
55200 27
55200 24
55200 25
55200 4
55200 24
55200 25
55200 28
55200 27
55200 28
55200 24
55200 20
55200 13
55200 29
55200 32
55200 10
55300 30
55300 4
55300 32
55300 11
55300 16
55300 28
55300 25
55300 26
55300 5
55300 25
55300 26
55300 29
55300 28
55300 29
55300 25
55300 21
55300 14
55300 30
55300 0
55300 11
55400 31
55400 5
55400 0
55400 12
55400 17
55400 29
55400 26
55400 27
55400 6
55400 26
55400 27
55400 30
55400 29
55400 30
55400 26
55400 22
55400 15
55400 31
55400 1
55400 12
55500 32
55500 6
55500 1
55500 13
55500 18
55500 30
55500 27
55500 28
55500 7
55500 27
55500 28
55500 31
55500 30
55500 31
55500 27
55500 23
55500 16
55500 32
55500 2
55500 13
55600 0
55600 7
55600 2
55600 14
55600 19
55600 31
55600 28
55600 29
55600 8
55600 28
55600 29
55600 32
55600 31
55600 32
55600 28
55600 24
55600 17
55600 0
55600 3
55600 14
55700 1
55700 8
55700 3
55700 15
55700 20
55700 32
55700 29
55700 30
55700 9
55700 29
55700 30
55700 0
55700 32
55700 0
55700 29
55700 25
55700 18
55700 1
55700 4
55700 15
55800 2
55800 9
55800 4
55800 16
55800 21
55800 0
55800 30
55800 31
55800 10
55800 30
55800 31
55800 1
55800 0
55800 1
55800 30
55800 26
55800 19
55800 2
55800 5
55800 16
55901 4
55901 11
55901 6
55901 18
55901 23
55901 2
55901 32
55901 0
55901 12
55901 32
55901 0
55901 3
55901 2
55901 3
55901 32
55901 28
55901 21
55901 4
55901 7
55901 18
56000 4
56000 11
56000 6
56000 18
56000 23
56000 2
56000 32
56000 0
56000 12
56000 32
56000 0
56000 3
56000 2
56000 3
56000 32
56000 28
56000 21
56000 4
56000 7
56000 18
56100 5
56100 12
56100 7
56100 19
56100 24
56100 3
56100 0
56100 1
56100 13
56100 0
56100 1
56100 4
56100 3
56100 4
56100 0
56100 29
56100 22
56100 5
56100 8
56100 19
56200 6
56200 13
56200 8
56200 20
56200 25
56200 4
56200 1
56200 2
56200 14
56200 1
56200 2
56200 5
56200 4
56200 5
56200 1
56200 30
56200 23
56200 6
56200 9
56200 20
56300 7
56300 14
56300 9
56300 21
56300 26
56300 5
56300 2
56300 3
56300 15
56300 2
56300 3
56300 6
56300 5
56300 6
56300 2
56300 31
56300 24
56300 7
56300 10
56300 21
56400 8
56400 15
56400 10
56400 22
56400 27
56400 6
56400 3
56400 4
56400 16
56400 3
56400 4
56400 7
56400 6
56400 7
56400 3
56400 32
56400 25
56400 8
56400 11
56400 22
56500 9
56500 16
56500 11
56500 23
56500 28
56500 7
56500 4
56500 5
56500 17
56500 4
56500 5
56500 8
56500 7
56500 8
56500 4
56500 0
56500 26
56500 9
56500 12
56500 23
56601 11
56601 18
56601 13
56601 25
56601 30
56601 9
56601 6
56601 7
56601 19
56601 6
56601 7
56601 10
56601 9
56601 10
56601 6
56601 2
56601 28
56601 11
56601 14
56601 25
56700 11
56700 18
56700 13
56700 25
56700 30
56700 9
56700 6
56700 7
56700 19
56700 6
56700 7
56700 10
56700 9
56700 10
56700 6
56700 2
56700 28
56700 11
56700 14
56700 25
56800 12
56800 19
56800 14
56800 26
56800 31
56800 10
56800 7
56800 8
56800 20
56800 7
56800 8
56800 11
56800 10
56800 11
56800 7
56800 3
56800 29
56800 12
56800 15
56800 26
56900 13
56900 20
56900 15
56900 27
56900 32
56900 11
56900 8
56900 9
56900 21
56900 8
56900 9
56900 12
56900 11
56900 12
56900 8
56900 4
56900 30
56900 13
56900 16
56900 27
57000 14
57000 21
57000 16
57000 28
57000 0
57000 12
57000 9
57000 10
57000 22
57000 9
57000 10
57000 13
57000 12
57000 13
57000 9
57000 5
57000 31
57000 14
57000 17
57000 28
57100 15
57100 22
57100 17
57100 29
57100 1
57100 13
57100 10
57100 11
57100 23
57100 10
57100 11
57100 14
57100 13
57100 14
57100 10
57100 6
57100 32
57100 15
57100 18
57100 29
57200 16
57200 23
57200 18
57200 30
57200 2
57200 14
57200 11
57200 12
57200 24
57200 11
57200 12
57200 15
57200 14
57200 15
57200 11
57200 7
57200 0
57200 16
57200 19
57200 30
57300 17
57300 24
57300 19
57300 31
57300 3
57300 15
57300 12
57300 13
57300 25
57300 12
57300 13
57300 16
57300 15
57300 16
57300 12
57300 8
57300 1
57300 17
57300 20
57300 31
57400 18
57400 25
57400 20
57400 32
57400 4
57400 16
57400 13
57400 14
57400 26
57400 13
57400 14
57400 17
57400 16
57400 17
57400 13
57400 9
57400 2
57400 18
57400 21
57400 32
57500 19
57500 26
57500 21
57500 0
57500 5
57500 17
57500 14
57500 15
57500 27
57500 14
57500 15
57500 18
57500 17
57500 18
57500 14
57500 10
57500 3
57500 19
57500 22
57500 0
57600 20
57600 27
57600 22
57600 1
57600 6
57600 18
57600 15
57600 16
57600 28
57600 15
57600 16
57600 19
57600 18
57600 19
57600 15
57600 11
57600 4
57600 20
57600 23
57600 1
57700 21
57700 28
57700 23
57700 2
57700 7
57700 19
57700 16
57700 17
57700 29
57700 16
57700 17
57700 20
57700 19
57700 20
57700 16
57700 12
57700 5
57700 21
57700 24
57700 2
57800 22
57800 29
57800 24
57800 3
57800 8
57800 20
57800 17
57800 18
57800 30
57800 17
57800 18
57800 21
57800 20
57800 21
57800 17
57800 13
57800 6
57800 22
57800 25
57800 3
57900 23
57900 30
57900 25
57900 4
57900 9
57900 21
57900 18
57900 19
57900 31
57900 18
57900 19
57900 22
57900 21
57900 22
57900 18
57900 14
57900 7
57900 23
57900 26
57900 4
58000 24
58000 31
58000 26
58000 5
58000 10
58000 22
58000 19
58000 20
58000 32
58000 19
58000 20
58000 23
58000 22
58000 23
58000 19
58000 15
58000 8
58000 24
58000 27
58000 5
58100 25
58100 32
58100 27
58100 6
58100 11
58100 23
58100 20
58100 21
58100 0
58100 20
58100 21
58100 24
58100 23
58100 24
58100 20
58100 16
58100 9
58100 25
58100 28
58100 6
58200 26
58200 0
58200 28
58200 7
58200 12
58200 24
58200 21
58200 22
58200 1
58200 21
58200 22
58200 25
58200 24
58200 25
58200 21
58200 17
58200 10
58200 26
58200 29
58200 7
58300 27
58300 1
58300 29
58300 8
58300 13
58300 25
58300 22
58300 23
58300 2
58300 22
58300 23
58300 26
58300 25
58300 26
58300 22
58300 18
58300 11
58300 27
58300 30
58300 8
58400 28
58400 2
58400 30
58400 9
58400 14
58400 26
58400 23
58400 24
58400 3
58400 23
58400 24
58400 27
58400 26
58400 27
58400 23
58400 19
58400 12
58400 28
58400 31
58400 9
58500 29
58500 3
58500 31
58500 10
58500 15
58500 27
58500 24
58500 25
58500 4
58500 24
58500 25
58500 28
58500 27
58500 28
58500 24
58500 20
58500 13
58500 29
58500 32
58500 10
58600 30
58600 4
58600 32
58600 11
58600 16
58600 28
58600 25
58600 26
58600 5
58600 25
58600 26
58600 29
58600 28
58600 29
58600 25
58600 21
58600 14
58600 30
58600 0
58600 11
58700 31
58700 5
58700 0
58700 12
58700 17
58700 29
58700 26
58700 27
58700 6
58700 26
58700 27
58700 30
58700 29
58700 30
58700 26
58700 22
58700 15
58700 31
58700 1
58700 12
58800 32
58800 6
58800 1
58800 13
58800 18
58800 30
58800 27
58800 28
58800 7
58800 27
58800 28
58800 31
58800 30
58800 31
58800 27
58800 23
58800 16
58800 32
58800 2
58800 13
58900 0
58900 7
58900 2
58900 14
58900 19
58900 31
58900 28
58900 29
58900 8
58900 28
58900 29
58900 32
58900 31
58900 32
58900 28
58900 24
58900 17
58900 0
58900 3
58900 14
59000 1
59000 8
59000 3
59000 15
59000 20
59000 32
59000 29
59000 30
59000 9
59000 29
59000 30
59000 0
59000 32
59000 0
59000 29
59000 25
59000 18
59000 1
59000 4
59000 15
59100 2
59100 9
59100 4
59100 16
59100 21
59100 0
59100 30
59100 31
59100 10
59100 30
59100 31
59100 1
59100 0
59100 1
59100 30
59100 26
59100 19
59100 2
59100 5
59100 16
59200 3
59200 10
59200 5
59200 17
59200 22
59200 1
59200 31
59200 32
59200 11
59200 31
59200 32
59200 2
59200 1
59200 2
59200 31
59200 27
59200 20
59200 3
59200 6
59200 17
59300 4
59300 11
59300 6
59300 18
59300 23
59300 2
59300 32
59300 0
59300 12
59300 32
59300 0
59300 3
59300 2
59300 3
59300 32
59300 28
59300 21
59300 4
59300 7
59300 18
59400 5
59400 12
59400 7
59400 19
59400 24
59400 3
59400 0
59400 1
59400 13
59400 0
59400 1
59400 4
59400 3
59400 4
59400 0
59400 29
59400 22
59400 5
59400 8
59400 19
59500 6
59500 13
59500 8
59500 20
59500 25
59500 4
59500 1
59500 2
59500 14
59500 1
59500 2
59500 5
59500 4
59500 5
59500 1
59500 30
59500 23
59500 6
59500 9
59500 20
59601 8
59601 15
59601 10
59601 22
59601 27
59601 6
59601 3
59601 4
59601 16
59601 3
59601 4
59601 7
59601 6
59601 7
59601 3
59601 32
59601 25
59601 8
59601 11
59601 22
