1 18
1 146
1 417
1 465
1 19
1 5
159 176
159 304
159 575
159 29
159 12
159 31
168 185
168 6
168 313
168 584
168 5
168 21
168 7
180 197
180 18
180 325
180 596
180 17
180 0
180 19
279 296
279 117
279 424
279 695
279 17
279 33
279 19
380 397
380 218
380 162
380 4
380 19
380 2
380 21
479 496
479 317
479 30
479 4
479 19
479 35
479 21
479 90
579 596
579 417
579 31
579 5
579 20
579 3
579 22
579 190
680 235
680 518
680 0
680 7
680 22
680 5
680 24
680 291
779 4
779 23
779 0
779 7
779 22
779 5
779 24
779 390
880 6
880 25
880 2
880 9
880 24
880 7
880 26
880 491
980 7
980 26
980 3
980 10
980 25
980 8
980 27
980 30
1079 7
1079 26
1079 3
1079 10
1079 25
1079 8
1079 27
1079 30
1179 8
1179 27
1179 4
1179 11
1179 26
1179 9
1179 28
1179 31
1289 19
1289 5
1289 15
1289 22
1289 4
1289 20
1289 6
1289 9
1381 12
1381 31
1381 8
1381 15
1381 30
1381 13
1381 32
1381 2
1480 12
1480 31
1480 8
1480 15
1480 30
1480 13
1480 32
1480 2
1579 12
1579 31
1579 8
1579 15
1579 30
1579 13
1579 32
1579 2
1680 14
1680 0
1680 10
1680 17
1680 32
1680 15
1680 1
1680 4
1780 15
1780 1
1780 11
1780 18
1780 33
1780 33
1780 66
1780 16
1780 2
1780 5
1880 16
1880 2
1880 12
1880 34
1880 19
1880 133
1880 1
1880 166
1880 17
1880 3
1880 6
1979 16
1979 2
1979 12
1979 133
1979 19
1979 232
1979 1
1979 1
1979 17
1979 3
1979 6
2079 17
2079 3
2079 13
2079 233
2079 20
2079 332
2079 2
2079 2
2079 18
2079 4
2079 7
2184 23
2184 9
2184 19
2184 338
2184 26
2184 8
2184 8
2184 8
2184 24
2184 10
2184 13
2279 19
2279 5
2279 15
2279 433
2279 22
2279 4
2279 4
2279 4
2279 20
2279 6
2279 9
2381 22
2381 8
2381 13
2381 18
2381 7
2381 25
2381 7
2381 7
2381 7
2381 23
2381 9
2381 12
2479 21
2479 7
2479 111
2479 17
2479 6
2479 24
2479 54
2479 6
2479 6
2479 6
2479 22
2479 8
2479 11
2579 22
2579 8
2579 23
2579 211
2579 18
2579 7
2579 25
2579 154
2579 7
2579 7
2579 7
2579 23
2579 9
2579 12
2679 23
2679 9
2679 123
2679 311
2679 19
2679 8
2679 26
2679 254
2679 8
2679 8
2679 8
2679 24
2679 10
2679 13
2779 24
2779 10
2779 223
2779 15
2779 20
2779 9
2779 27
2779 354
2779 9
2779 9
2779 9
2779 25
2779 11
2779 14
2879 25
2879 11
2879 323
2879 16
2879 21
2879 10
2879 28
2879 25
2879 10
2879 50
2879 10
2879 10
2879 26
2879 12
2879 15
2979 26
2979 12
2979 27
2979 17
2979 22
2979 11
2979 29
2979 26
2979 11
2979 150
2979 80
2979 11
2979 11
2979 27
2979 13
2979 16
3079 27
3079 13
3079 28
3079 18
3079 23
3079 12
3079 30
3079 27
3079 12
3079 250
3079 180
3079 12
3079 91
3079 12
3079 28
3079 14
3079 17
3179 28
3179 14
3179 29
3179 19
3179 24
3179 13
3179 31
3179 28
3179 13
3179 20
3179 280
3179 13
3179 191
3179 13
3179 29
3179 15
3179 18
3280 30
3280 16
3280 31
3280 21
3280 26
3280 15
3280 0
3280 30
3280 15
3280 22
3280 18
3280 15
3280 292
3280 15
3280 31
3280 17
3280 20
3379 30
3379 16
3379 31
3379 21
3379 26
3379 15
3379 0
3379 30
3379 15
3379 22
3379 18
3379 15
3379 28
3379 15
3379 31
3379 17
3379 20
3479 31
3479 17
3479 32
3479 22
3479 27
3479 16
3479 1
3479 31
3479 16
3479 23
3479 19
3479 16
3479 29
3479 16
3479 32
3479 18
3479 21
3580 0
3580 19
3580 1
3580 24
3580 29
3580 18
3580 3
3580 0
3580 18
3580 25
3580 21
3580 18
3580 31
3580 18
3580 1
3580 20
3580 23
3580 85
3680 1
3680 20
3680 2
3680 25
3680 30
3680 19
3680 4
3680 1
3680 19
3680 26
3680 22
3680 19
3680 32
3680 19
3680 2
3680 37
3680 21
3680 24
3680 185
3779 1
3779 20
3779 2
3779 25
3779 30
3779 19
3779 4
3779 1
3779 19
3779 26
3779 22
3779 19
3779 32
3779 19
3779 2
3779 136
3779 21
3779 24
3779 20
3880 3
3880 22
3880 4
3880 27
3880 32
3880 21
3880 6
3880 3
3880 21
3880 28
3880 24
3880 21
3880 1
3880 21
3880 4
3880 6
3880 23
3880 26
3880 22
3987 11
3987 30
3987 12
3987 35
3987 7
3987 29
3987 14
3987 11
3987 29
3987 3
3987 32
3987 29
3987 9
3987 29
3987 12
3987 14
3987 31
3987 1
3987 30
4079 4
4079 23
4079 5
4079 28
4079 0
4079 22
4079 7
4079 4
4079 22
4079 29
4079 25
4079 22
4079 2
4079 22
4079 5
4079 7
4079 24
4079 27
4079 23
4179 5
4179 24
4179 6
4179 29
4179 1
4179 23
4179 8
4179 5
4179 23
4179 30
4179 26
4179 23
4179 3
4179 23
4179 6
4179 8
4179 25
4179 28
4179 24
4279 6
4279 25
4279 7
4279 30
4279 2
4279 24
4279 9
4279 6
4279 24
4279 31
4279 27
4279 24
4279 4
4279 24
4279 7
4279 9
4279 26
4279 29
4279 25
4380 8
4380 27
4380 9
4380 32
4380 4
4380 26
4380 11
4380 8
4380 26
4380 0
4380 29
4380 26
4380 6
4380 26
4380 9
4380 11
4380 28
4380 31
4380 27
4479 8
4479 27
4479 9
4479 32
4479 4
4479 26
4479 11
4479 8
4479 26
4479 0
4479 29
4479 26
4479 6
4479 26
4479 9
4479 11
4479 28
4479 31
4479 27
4579 9
4579 28
4579 10
4579 0
4579 5
4579 27
4579 12
4579 9
4579 27
4579 1
4579 30
4579 27
4579 7
4579 27
4579 10
4579 12
4579 29
4579 32
4579 28
4679 10
4679 29
4679 11
4679 1
4679 6
4679 28
4679 13
4679 10
4679 28
4679 2
4679 31
4679 28
4679 8
4679 28
4679 11
4679 13
4679 30
4679 0
4679 29
4780 12
4780 31
4780 13
4780 3
4780 96
4780 8
4780 30
4780 15
4780 12
4780 30
4780 4
4780 33
4780 30
4780 10
4780 30
4780 13
4780 15
4780 32
4780 2
4780 31
4879 12
4879 80
4879 31
4879 13
4879 3
4879 195
4879 8
4879 30
4879 15
4879 12
4879 30
4879 4
4879 33
4879 30
4879 10
4879 30
4879 13
4879 15
4879 32
4879 2
4879 31
4979 13
4979 180
4979 32
4979 14
4979 4
4979 295
4979 9
4979 31
4979 16
4979 13
4979 31
4979 5
4979 1
4979 31
4979 11
4979 31
4979 14
4979 16
4979 0
4979 3
4979 32
5082 17
5082 283
5082 3
5082 18
5082 8
5082 398
5082 13
5082 35
5082 20
5082 17
5082 2
5082 9
5082 5
5082 2
5082 15
5082 2
5082 18
5082 20
5082 4
5082 7
5082 3
5179 15
5179 17
5179 1
5179 16
5179 6
5179 0
5179 11
5179 0
5179 18
5179 15
5179 0
5179 7
5179 36
5179 0
5179 13
5179 0
5179 16
5179 18
5179 2
5179 5
5179 1
5283 20
5283 22
5283 6
5283 21
5283 11
5283 5
5283 16
5283 5
5283 23
5283 20
5283 12
5283 5
5283 12
5283 8
5283 5
5283 18
5283 5
5283 21
5283 23
5283 7
5283 10
5283 6
5379 17
5379 19
5379 3
5379 18
5379 8
5379 2
5379 13
5379 2
5379 20
5379 17
5379 108
5379 2
5379 9
5379 5
5379 2
5379 15
5379 2
5379 18
5379 20
5379 4
5379 7
5379 3
5480 19
5480 21
5480 5
5480 20
5480 10
5480 4
5480 15
5480 4
5480 22
5480 19
5480 209
5480 4
5480 11
5480 7
5480 4
5480 17
5480 4
5480 20
5480 22
5480 6
5480 9
5480 5
5580 20
5580 22
5580 6
5580 21
5580 11
5580 5
5580 16
5580 5
5580 23
5580 20
5580 12
5580 5
5580 12
5580 8
5580 5
5580 18
5580 5
5580 21
5580 23
5580 7
5580 10
5580 6
5679 20
5679 22
5679 6
5679 21
5679 11
5679 38
5679 16
5679 5
5679 23
5679 20
5679 12
5679 5
5679 12
5679 8
5679 5
5679 18
5679 5
5679 21
5679 23
5679 7
5679 10
5679 6
5779 21
5779 23
5779 7
5779 22
5779 12
5779 6
5779 17
5779 6
5779 24
5779 59
5779 21
5779 13
5779 6
5779 13
5779 9
5779 6
5779 19
5779 6
5779 22
5779 24
5779 47
5779 8
5779 11
5779 7
5879 22
5879 24
5879 8
5879 23
5879 13
5879 7
5879 18
5879 7
5879 25
5879 159
5879 10
5879 22
5879 14
5879 7
5879 14
5879 10
5879 7
5879 20
5879 7
5879 23
5879 25
5879 147
5879 9
5879 12
5879 8
5979 23
5979 57
5979 25
5979 9
5979 24
5979 14
5979 8
5979 19
5979 8
5979 26
5979 259
5979 110
5979 23
5979 15
5979 8
5979 15
5979 11
5979 8
5979 21
5979 8
5979 24
5979 26
5979 247
5979 10
5979 13
5979 9
6080 25
6080 158
6080 27
6080 11
6080 26
6080 16
6080 10
6080 21
6080 10
6080 28
6080 360
6080 211
6080 25
6080 17
6080 10
6080 17
6080 13
6080 10
6080 23
6080 10
6080 26
6080 28
6080 18
6080 12
6080 15
6080 11
6179 25
6179 257
6179 27
6179 11
6179 26
6179 16
6179 10
6179 21
6179 10
6179 28
6179 459
6179 310
6179 25
6179 17
6179 10
6179 17
6179 13
6179 10
6179 23
6179 10
6179 26
6179 28
6179 18
6179 12
6179 15
6179 11
6279 26
6279 357
6279 28
6279 12
6279 27
6279 17
6279 11
6279 22
6279 11
6279 29
6279 31
6279 14
6279 26
6279 18
6279 11
6279 18
6279 14
6279 11
6279 24
6279 11
6279 27
6279 29
6279 19
6279 13
6279 16
6279 12
6379 27
6379 457
6379 29
6379 13
6379 28
6379 18
6379 12
6379 23
6379 45
6379 30
6379 32
6379 15
6379 27
6379 19
6379 12
6379 19
6379 15
6379 12
6379 25
6379 12
6379 28
6379 30
6379 20
6379 14
6379 17
6379 13
6480 29
6480 30
6480 31
6480 15
6480 30
6480 20
6480 14
6480 25
6480 14
6480 32
6480 1
6480 17
6480 29
6480 21
6480 14
6480 21
6480 17
6480 14
6480 27
6480 14
6480 30
6480 32
6480 22
6480 16
6480 19
6480 15
6579 29
6579 30
6579 31
6579 15
6579 30
6579 20
6579 14
6579 25
6579 14
6579 32
6579 1
6579 17
6579 29
6579 21
6579 14
6579 21
6579 17
6579 14
6579 27
6579 14
6579 30
6579 32
6579 22
6579 16
6579 19
6579 15
6679 30
6679 31
6679 32
6679 16
6679 31
6679 21
6679 15
6679 26
6679 15
6679 0
6679 2
6679 18
6679 30
6679 22
6679 15
6679 22
6679 18
6679 15
6679 28
6679 15
6679 31
6679 0
6679 23
6679 17
6679 20
6679 16
6780 32
6780 0
6780 1
6780 18
6780 0
6780 23
6780 17
6780 28
6780 17
6780 2
6780 4
6780 20
6780 32
6780 24
6780 17
6780 24
6780 20
6780 17
6780 30
6780 17
6780 0
6780 2
6780 25
6780 19
6780 22
6780 18
6879 32
6879 0
6879 1
6879 18
6879 0
6879 23
6879 17
6879 28
6879 17
6879 2
6879 4
6879 20
6879 32
6879 24
6879 17
6879 24
6879 20
6879 17
6879 30
6879 17
6879 0
6879 2
6879 25
6879 19
6879 22
6879 18
6979 0
6979 1
6979 2
6979 19
6979 1
6979 24
6979 18
6979 29
6979 18
6979 3
6979 5
6979 21
6979 0
6979 25
6979 18
6979 25
6979 21
6979 18
6979 31
6979 18
6979 1
6979 3
6979 26
6979 62
6979 20
6979 23
6979 19
7079 1
7079 35
7079 3
7079 20
7079 2
7079 25
7079 19
7079 30
7079 19
7079 4
7079 6
7079 22
7079 1
7079 26
7079 19
7079 26
7079 22
7079 19
7079 32
7079 19
7079 2
7079 4
7079 27
7079 162
7079 21
7079 24
7079 20
7179 2
7179 36
7179 4
7179 21
7179 3
7179 26
7179 20
7179 31
7179 20
7179 5
7179 7
7179 23
7179 2
7179 27
7179 53
7179 27
7179 23
7179 20
7179 33
7179 20
7179 3
7179 5
7179 28
7179 262
7179 22
7179 25
7179 21
7280 4
7280 5
7280 6
7280 23
7280 5
7280 28
7280 22
7280 0
7280 22
7280 7
7280 9
7280 25
7280 4
7280 29
7280 22
7280 29
7280 25
7280 22
7280 35
7280 22
7280 5
7280 7
7280 30
7280 363
7280 24
7280 27
7280 23
7380 5
7380 39
7380 7
7380 24
7380 6
7380 29
7380 23
7380 1
7380 23
7380 8
7380 10
7380 26
7380 5
7380 30
7380 23
7380 30
7380 26
7380 23
7380 3
7380 23
7380 39
7380 8
7380 31
7380 1
7380 25
7380 28
7380 24
7480 6
7480 7
7480 8
7480 25
7480 7
7480 30
7480 24
7480 2
7480 24
7480 9
7480 11
7480 27
7480 6
7480 31
7480 24
7480 31
7480 27
7480 24
7480 4
7480 24
7480 7
7480 9
7480 32
7480 2
7480 26
7480 29
7480 25
7580 7
7580 8
7580 9
7580 26
7580 8
7580 31
7580 25
7580 3
7580 25
7580 10
7580 12
7580 28
7580 7
7580 32
7580 25
7580 32
7580 28
7580 25
7580 5
7580 25
7580 8
7580 10
7580 0
7580 3
7580 27
7580 30
7580 26
7680 8
7680 9
7680 10
7680 27
7680 9
7680 32
7680 26
7680 4
7680 26
7680 11
7680 13
7680 29
7680 8
7680 0
7680 26
7680 0
7680 29
7680 26
7680 6
7680 26
7680 9
7680 11
7680 1
7680 4
7680 28
7680 31
7680 27
7779 8
7779 9
7779 10
7779 27
7779 9
7779 32
7779 26
7779 4
7779 26
7779 11
7779 13
7779 29
7779 8
7779 0
7779 26
7779 0
7779 29
7779 26
7779 6
7779 26
7779 9
7779 11
7779 1
7779 37
7779 28
7779 31
7779 27
7879 9
7879 10
7879 11
7879 28
7879 10
7879 0
7879 27
7879 5
7879 27
7879 12
7879 14
7879 30
7879 9
7879 1
7879 56
7879 27
7879 1
7879 30
7879 27
7879 7
7879 27
7879 10
7879 12
7879 2
7879 5
7879 29
7879 84
7879 32
7879 28
7980 11
7980 12
7980 13
7980 30
7980 12
7980 2
7980 29
7980 7
7980 29
7980 14
7980 16
7980 32
7980 11
7980 3
7980 157
7980 29
7980 3
7980 32
7980 29
7980 9
7980 29
7980 12
7980 14
7980 4
7980 7
7980 31
7980 185
7980 1
7980 30
8084 16
8084 17
8084 18
8084 2
8084 17
8084 7
8084 1
8084 12
8084 1
8084 19
8084 21
8084 4
8084 16
8084 8
8084 261
8084 34
8084 8
8084 4
8084 1
8084 14
8084 1
8084 17
8084 19
8084 9
8084 12
8084 3
8084 289
8084 6
8084 2
8180 13
8180 14
8180 15
8180 32
8180 14
8180 4
8180 31
8180 9
8180 31
8180 16
8180 18
8180 1
8180 13
8180 5
8180 27
8180 31
8180 5
8180 1
8180 31
8180 47
8180 11
8180 31
8180 14
8180 16
8180 39
8180 9
8180 0
8180 22
8180 3
8180 32
8280 14
8280 15
8280 16
8280 0
8280 15
8280 5
8280 32
8280 10
8280 32
8280 17
8280 19
8280 2
8280 14
8280 6
8280 28
8280 32
8280 6
8280 2
8280 32
8280 147
8280 12
8280 32
8280 15
8280 17
8280 7
8280 10
8280 1
8280 23
8280 4
8280 0
8379 14
8379 15
8379 16
8379 0
8379 15
8379 5
8379 32
8379 10
8379 32
8379 17
8379 19
8379 2
8379 14
8379 6
8379 28
8379 32
8379 6
8379 2
8379 32
8379 246
8379 12
8379 32
8379 15
8379 17
8379 7
8379 10
8379 1
8379 23
8379 4
8379 0
8480 16
8480 17
8480 18
8480 2
8480 17
8480 7
8480 1
8480 12
8480 1
8480 19
8480 21
8480 4
8480 16
8480 8
8480 30
8480 1
8480 8
8480 4
8480 1
8480 17
8480 14
8480 1
8480 17
8480 19
8480 9
8480 12
8480 3
8480 25
8480 6
8480 2
8580 17
8580 18
8580 19
8580 3
8580 18
8580 8
8580 2
8580 13
8580 2
8580 20
8580 22
8580 5
8580 17
8580 9
8580 31
8580 2
8580 9
8580 5
8580 2
8580 18
8580 15
8580 2
8580 18
8580 20
8580 10
8580 13
8580 4
8580 26
8580 7
8580 3
8679 17
8679 18
8679 19
8679 3
8679 18
8679 8
8679 2
8679 13
8679 2
8679 20
8679 22
8679 5
8679 17
8679 9
8679 31
8679 2
8679 9
8679 5
8679 2
8679 18
8679 15
8679 2
8679 18
8679 20
8679 10
8679 13
8679 4
8679 26
8679 7
8679 3
8779 18
8779 19
8779 20
8779 4
8779 19
8779 9
8779 3
8779 14
8779 3
8779 21
8779 23
8779 6
8779 18
8779 10
8779 32
8779 3
8779 10
8779 6
8779 3
8779 19
8779 16
8779 3
8779 19
8779 21
8779 11
8779 14
8779 5
8779 27
8779 8
8779 4
8879 19
8879 20
8879 21
8879 5
8879 20
8879 10
8879 4
8879 15
8879 4
8879 22
8879 24
8879 7
8879 19
8879 11
8879 0
8879 4
8879 11
8879 7
8879 4
8879 20
8879 17
8879 4
8879 20
8879 22
8879 12
8879 15
8879 6
8879 28
8879 9
8879 5
8979 20
8979 21
8979 22
8979 6
8979 21
8979 11
8979 5
8979 16
8979 5
8979 23
8979 25
8979 8
8979 20
8979 12
8979 34
8979 5
8979 12
8979 8
8979 5
8979 21
8979 18
8979 5
8979 21
8979 23
8979 13
8979 16
8979 7
8979 29
8979 10
8979 6
9079 21
9079 22
9079 23
9079 7
9079 22
9079 12
9079 6
9079 17
9079 6
9079 24
9079 26
9079 9
9079 21
9079 13
9079 2
9079 6
9079 13
9079 9
9079 6
9079 22
9079 19
9079 6
9079 22
9079 24
9079 14
9079 17
9079 8
9079 30
9079 11
9079 7
9179 22
9179 23
9179 24
9179 8
9179 23
9179 13
9179 7
9179 18
9179 7
9179 25
9179 27
9179 10
9179 22
9179 14
9179 36
9179 7
9179 14
9179 10
9179 7
9179 23
9179 20
9179 7
9179 23
9179 25
9179 15
9179 18
9179 9
9179 31
9179 12
9179 8
9280 24
9280 25
9280 26
9280 10
9280 25
9280 15
9280 9
9280 20
9280 9
9280 27
9280 29
9280 12
9280 24
9280 16
9280 5
9280 42
9280 16
9280 12
9280 9
9280 25
9280 22
9280 9
9280 25
9280 27
9280 17
9280 20
9280 11
9280 0
9280 14
9280 10
9379 24
9379 25
9379 26
9379 43
9379 25
9379 15
9379 9
9379 20
9379 9
9379 27
9379 29
9379 12
9379 24
9379 16
9379 5
9379 9
9379 16
9379 12
9379 9
9379 25
9379 22
9379 9
9379 25
9379 27
9379 17
9379 20
9379 11
9379 0
9379 14
9379 10
9479 25
9479 26
9479 27
9479 11
9479 26
9479 16
9479 10
9479 21
9479 10
9479 28
9479 30
9479 13
9479 25
9479 17
9479 6
9479 10
9479 17
9479 13
9479 10
9479 26
9479 23
9479 10
9479 26
9479 28
9479 18
9479 21
9479 12
9479 1
9479 15
9479 11
9579 26
9579 27
9579 28
9579 12
9579 27
9579 17
9579 11
9579 22
9579 11
9579 29
9579 31
9579 14
9579 26
9579 18
9579 40
9579 11
9579 18
9579 14
9579 11
9579 27
9579 24
9579 11
9579 27
9579 29
9579 19
9579 22
9579 13
9579 2
9579 16
9579 12
9679 27
9679 28
9679 29
9679 13
9679 28
9679 18
9679 12
9679 23
9679 12
9679 30
9679 32
9679 15
9679 27
9679 19
9679 8
9679 12
9679 19
9679 15
9679 12
9679 28
9679 25
9679 12
9679 28
9679 30
9679 20
9679 23
9679 14
9679 3
9679 17
9679 13
9779 28
9779 29
9779 30
9779 14
9779 29
9779 19
9779 13
9779 24
9779 13
9779 31
9779 0
9779 16
9779 28
9779 20
9779 9
9779 13
9779 20
9779 16
9779 13
9779 29
9779 26
9779 13
9779 29
9779 31
9779 21
9779 24
9779 15
9779 37
9779 18
9779 14
9879 29
9879 30
9879 31
9879 15
9879 30
9879 20
9879 14
9879 25
9879 14
9879 32
9879 1
9879 17
9879 29
9879 21
9879 10
9879 14
9879 21
9879 17
9879 14
9879 30
9879 27
9879 14
9879 30
9879 32
9879 22
9879 25
9879 16
9879 5
9879 19
9879 15
9979 30
9979 31
9979 32
9979 16
9979 31
9979 21
9979 15
9979 26
9979 15
9979 0
9979 2
9979 18
9979 30
9979 22
9979 11
9979 15
9979 22
9979 18
9979 15
9979 31
9979 28
9979 15
9979 31
9979 0
9979 23
9979 26
9979 17
9979 6
9979 20
9979 16
10079 31
10079 32
10079 0
10079 17
10079 32
10079 22
10079 16
10079 27
10079 16
10079 1
10079 3
10079 19
10079 31
10079 23
10079 12
10079 16
10079 23
10079 19
10079 16
10079 32
10079 29
10079 16
10079 32
10079 1
10079 24
10079 27
10079 18
10079 7
10079 21
10079 17
10179 32
10179 0
10179 1
10179 18
10179 0
10179 23
10179 17
10179 28
10179 17
10179 2
10179 4
10179 20
10179 32
10179 24
10179 13
10179 17
10179 24
10179 20
10179 17
10179 0
10179 30
10179 17
10179 0
10179 2
10179 25
10179 28
10179 19
10179 8
10179 22
10179 18
10279 0
10279 1
10279 2
10279 19
10279 1
10279 24
10279 18
10279 29
10279 18
10279 3
10279 5
10279 21
10279 0
10279 25
10279 14
10279 18
10279 25
10279 21
10279 18
10279 1
10279 31
10279 18
10279 1
10279 3
10279 26
10279 29
10279 20
10279 9
10279 23
10279 19
10379 1
10379 2
10379 3
10379 20
10379 2
10379 25
10379 19
10379 30
10379 19
10379 4
10379 6
10379 22
10379 1
10379 26
10379 15
10379 19
10379 26
10379 22
10379 19
10379 2
10379 32
10379 19
10379 2
10379 4
10379 27
10379 30
10379 21
10379 10
10379 24
10379 20
10480 3
10480 4
10480 5
10480 22
10480 4
10480 27
10480 21
10480 32
10480 21
10480 6
10480 8
10480 24
10480 3
10480 28
10480 17
10480 21
10480 28
10480 24
10480 21
10480 4
10480 1
10480 21
10480 4
10480 6
10480 29
10480 32
10480 23
10480 12
10480 26
10480 22
10580 4
10580 5
10580 6
10580 23
10580 5
10580 28
10580 22
10580 0
10580 22
10580 7
10580 9
10580 25
10580 4
10580 29
10580 18
10580 22
10580 29
10580 25
10580 22
10580 5
10580 2
10580 22
10580 5
10580 7
10580 30
10580 0
10580 24
10580 13
10580 27
10580 23
10679 4
10679 5
10679 6
10679 23
10679 5
10679 28
10679 22
10679 0
10679 22
10679 7
10679 9
10679 25
10679 4
10679 29
10679 18
10679 22
10679 29
10679 25
10679 22
10679 5
10679 2
10679 22
10679 5
10679 7
10679 30
10679 0
10679 24
10679 13
10679 27
10679 23
10779 5
10779 6
10779 7
10779 24
10779 6
10779 29
10779 23
10779 1
10779 23
10779 8
10779 10
10779 26
10779 5
10779 30
10779 19
10779 23
10779 30
10779 26
10779 23
10779 6
10779 3
10779 23
10779 6
10779 8
10779 31
10779 1
10779 25
10779 14
10779 28
10779 24
10880 7
10880 8
10880 9
10880 26
10880 8
10880 31
10880 25
10880 3
10880 25
10880 10
10880 12
10880 28
10880 7
10880 32
10880 21
10880 25
10880 32
10880 28
10880 25
10880 8
10880 5
10880 25
10880 8
10880 10
10880 0
10880 3
10880 27
10880 16
10880 30
10880 26
10979 7
10979 8
10979 9
10979 26
10979 8
10979 31
10979 25
10979 3
10979 25
10979 10
10979 12
10979 28
10979 7
10979 32
10979 21
10979 25
10979 32
10979 28
10979 25
10979 8
10979 5
10979 25
10979 8
10979 10
10979 0
10979 3
10979 27
10979 16
10979 30
10979 26
11079 8
11079 9
11079 10
11079 27
11079 9
11079 32
11079 26
11079 4
11079 26
11079 11
11079 13
11079 29
11079 8
11079 0
11079 22
11079 26
11079 0
11079 29
11079 26
11079 9
11079 6
11079 26
11079 9
11079 11
11079 1
11079 4
11079 28
11079 17
11079 31
11079 27
11179 9
11179 10
11179 11
11179 28
11179 10
11179 0
11179 27
11179 5
11179 27
11179 12
11179 14
11179 30
11179 9
11179 1
11179 23
11179 27
11179 1
11179 30
11179 27
11179 10
11179 7
11179 27
11179 10
11179 12
11179 2
11179 5
11179 29
11179 18
11179 32
11179 28
11279 10
11279 11
11279 12
11279 29
11279 11
11279 1
11279 28
11279 6
11279 28
11279 13
11279 15
11279 31
11279 10
11279 2
11279 24
11279 28
11279 2
11279 31
11279 28
11279 11
11279 8
11279 28
11279 11
11279 13
11279 3
11279 6
11279 30
11279 19
11279 0
11279 29
11380 12
11380 13
11380 14
11380 31
11380 13
11380 3
11380 30
11380 8
11380 30
11380 15
11380 17
11380 0
11380 12
11380 4
11380 26
11380 30
11380 4
11380 0
11380 30
11380 13
11380 10
11380 30
11380 13
11380 15
11380 5
11380 8
11380 32
11380 21
11380 2
11380 31
11479 12
11479 13
11479 14
11479 31
11479 13
11479 3
11479 30
11479 8
11479 30
11479 15
11479 17
11479 0
11479 12
11479 4
11479 26
11479 30
11479 4
11479 0
11479 30
11479 13
11479 10
11479 30
11479 13
11479 15
11479 5
11479 8
11479 32
11479 21
11479 2
11479 31
11579 13
11579 14
11579 15
11579 32
11579 14
11579 4
11579 31
11579 9
11579 31
11579 16
11579 18
11579 1
11579 13
11579 5
11579 27
11579 31
11579 5
11579 1
11579 31
11579 14
11579 11
11579 31
11579 14
11579 16
11579 6
11579 9
11579 0
11579 22
11579 3
11579 32
11680 15
11680 16
11680 17
11680 1
11680 16
11680 6
11680 0
11680 11
11680 0
11680 18
11680 20
11680 3
11680 15
11680 7
11680 29
11680 0
11680 7
11680 3
11680 0
11680 16
11680 13
11680 0
11680 16
11680 18
11680 8
11680 11
11680 2
11680 24
11680 5
11680 1
11779 15
11779 16
11779 17
11779 1
11779 16
11779 6
11779 0
11779 11
11779 0
11779 18
11779 20
11779 3
11779 15
11779 7
11779 29
11779 0
11779 7
11779 3
11779 0
11779 16
11779 13
11779 0
11779 16
11779 18
11779 8
11779 11
11779 2
11779 24
11779 5
11779 1
11879 16
11879 17
11879 18
11879 2
11879 17
11879 7
11879 1
11879 12
11879 1
11879 19
11879 21
11879 4
11879 16
11879 8
11879 30
11879 1
11879 8
11879 4
11879 1
11879 17
11879 14
11879 1
11879 17
11879 19
11879 9
11879 12
11879 3
11879 25
11879 6
11879 2
11979 17
11979 18
11979 19
11979 3
11979 18
11979 8
11979 2
11979 13
11979 2
11979 20
11979 22
11979 5
11979 17
11979 9
11979 31
11979 2
11979 9
11979 5
11979 2
11979 18
11979 15
11979 2
11979 18
11979 20
11979 10
11979 13
11979 4
11979 26
11979 7
11979 3
12079 18
12079 19
12079 20
12079 4
12079 19
12079 9
12079 3
12079 14
12079 3
12079 21
12079 23
12079 6
12079 18
12079 10
12079 32
12079 3
12079 10
12079 6
12079 3
12079 19
12079 16
12079 3
12079 19
12079 21
12079 11
12079 14
12079 5
12079 27
12079 8
12079 4
12180 20
12180 21
12180 22
12180 6
12180 21
12180 11
12180 5
12180 16
12180 5
12180 23
12180 25
12180 8
12180 20
12180 12
12180 1
12180 5
12180 12
12180 8
12180 5
12180 21
12180 18
12180 5
12180 21
12180 23
12180 13
12180 16
12180 7
12180 29
12180 10
12180 6
12279 20
12279 21
12279 22
12279 6
12279 21
12279 11
12279 5
12279 16
12279 5
12279 23
12279 25
12279 8
12279 20
12279 12
12279 1
12279 5
12279 12
12279 8
12279 5
12279 21
12279 18
12279 5
12279 21
12279 23
12279 13
12279 16
12279 7
12279 29
12279 10
12279 6
12379 21
12379 22
12379 23
12379 7
12379 22
12379 12
12379 6
12379 17
12379 6
12379 24
12379 26
12379 9
12379 21
12379 13
12379 2
12379 6
12379 13
12379 9
12379 6
12379 22
12379 19
12379 6
12379 22
12379 24
12379 14
12379 17
12379 8
12379 30
12379 7
12479 22
12479 23
12479 24
12479 8
12479 23
12479 13
12479 7
12479 18
12479 7
12479 25
12479 27
12479 10
12479 22
12479 14
12479 3
12479 7
12479 14
12479 10
12479 7
12479 23
12479 20
12479 7
12479 23
12479 25
12479 15
12479 18
12479 9
12479 31
12479 8
12579 23
12579 24
12579 25
12579 9
12579 24
12579 14
12579 8
12579 19
12579 8
12579 26
12579 28
12579 11
12579 23
12579 15
12579 4
12579 8
12579 15
12579 11
12579 8
12579 24
12579 21
12579 8
12579 24
12579 26
12579 16
12579 19
12579 10
12579 32
12579 9
12679 24
12679 25
12679 26
12679 10
12679 25
12679 15
12679 9
12679 20
12679 9
12679 27
12679 29
12679 12
12679 24
12679 16
12679 5
12679 9
12679 16
12679 12
12679 9
12679 25
12679 22
12679 9
12679 25
12679 27
12679 17
12679 20
12679 11
12679 0
12679 10
12779 25
12779 26
12779 27
12779 11
12779 26
12779 16
12779 10
12779 21
12779 10
12779 28
12779 30
12779 13
12779 25
12779 17
12779 6
12779 10
12779 17
12779 13
12779 10
12779 26
12779 23
12779 10
12779 26
12779 28
12779 18
12779 21
12779 12
12779 1
12779 11
12880 27
12880 28
12880 29
12880 13
12880 28
12880 18
12880 12
12880 23
12880 12
12880 30
12880 32
12880 15
12880 27
12880 19
12880 8
12880 12
12880 19
12880 15
12880 12
12880 28
12880 25
12880 12
12880 28
12880 30
12880 20
12880 23
12880 14
12880 3
12880 13
12979 27
12979 28
12979 29
12979 13
12979 28
12979 18
12979 12
12979 23
12979 12
12979 30
12979 32
12979 15
12979 27
12979 19
12979 8
12979 12
12979 19
12979 15
12979 12
12979 28
12979 25
12979 12
12979 28
12979 30
12979 20
12979 23
12979 14
12979 3
12979 13
13080 29
13080 30
13080 31
13080 15
13080 30
13080 20
13080 14
13080 25
13080 14
13080 32
13080 1
13080 17
13080 29
13080 21
13080 10
13080 14
13080 21
13080 17
13080 14
13080 30
13080 27
13080 14
13080 30
13080 32
13080 22
13080 25
13080 16
13080 5
13080 15
13180 30
13180 31
13180 32
13180 16
13180 31
13180 21
13180 15
13180 26
13180 15
13180 0
13180 2
13180 18
13180 30
13180 22
13180 11
13180 15
13180 22
13180 18
13180 15
13180 31
13180 28
13180 15
13180 31
13180 0
13180 23
13180 26
13180 17
13180 6
13180 16
13279 30
13279 31
13279 32
13279 16
13279 31
13279 21
13279 15
13279 26
13279 15
13279 0
13279 2
13279 18
13279 30
13279 22
13279 11
13279 15
13279 22
13279 18
13279 15
13279 31
13279 28
13279 15
13279 31
13279 0
13279 23
13279 26
13279 17
13279 6
13279 16
13380 32
13380 0
13380 1
13380 18
13380 0
13380 23
13380 17
13380 28
13380 17
13380 2
13380 4
13380 20
13380 32
13380 24
13380 13
13380 17
13380 24
13380 20
13380 17
13380 0
13380 30
13380 17
13380 0
13380 2
13380 25
13380 28
13380 19
13380 8
13380 18
13479 32
13479 0
13479 1
13479 18
13479 0
13479 23
13479 17
13479 28
13479 17
13479 2
13479 4
13479 20
13479 32
13479 24
13479 13
13479 17
13479 24
13479 20
13479 17
13479 0
13479 30
13479 17
13479 0
13479 2
13479 25
13479 28
13479 19
13479 8
13479 18
13579 0
13579 1
13579 2
13579 19
13579 1
13579 24
13579 18
13579 29
13579 18
13579 3
13579 5
13579 21
13579 0
13579 25
13579 14
13579 18
13579 25
13579 21
13579 18
13579 1
13579 31
13579 18
13579 1
13579 3
13579 26
13579 29
13579 20
13579 9
13579 19
13679 1
13679 2
13679 3
13679 20
13679 2
13679 25
13679 19
13679 30
13679 19
13679 4
13679 6
13679 22
13679 1
13679 26
13679 15
13679 19
13679 26
13679 22
13679 19
13679 2
13679 32
13679 19
13679 2
13679 4
13679 27
13679 30
13679 21
13679 10
13679 20
13779 2
13779 3
13779 4
13779 21
13779 3
13779 26
13779 20
13779 31
13779 20
13779 5
13779 7
13779 23
13779 2
13779 27
13779 16
13779 20
13779 27
13779 23
13779 20
13779 3
13779 0
13779 20
13779 3
13779 5
13779 28
13779 31
13779 22
13779 11
13779 21
13879 3
13879 4
13879 5
13879 22
13879 4
13879 27
13879 21
13879 32
13879 21
13879 6
13879 8
13879 24
13879 3
13879 28
13879 17
13879 21
13879 28
13879 24
13879 21
13879 4
13879 1
13879 21
13879 4
13879 6
13879 29
13879 32
13879 23
13879 12
13879 22
13980 5
13980 6
13980 7
13980 24
13980 6
13980 29
13980 23
13980 1
13980 23
13980 8
13980 10
13980 26
13980 5
13980 30
13980 19
13980 23
13980 30
13980 26
13980 23
13980 6
13980 3
13980 23
13980 6
13980 8
13980 31
13980 1
13980 25
13980 14
13980 24
14079 5
14079 6
14079 7
14079 24
14079 6
14079 29
14079 23
14079 1
14079 23
14079 8
14079 10
14079 26
14079 5
14079 30
14079 19
14079 23
14079 30
14079 26
14079 23
14079 6
14079 3
14079 23
14079 6
14079 8
14079 31
14079 1
14079 25
14079 14
14079 24
14179 6
14179 7
14179 8
14179 25
14179 7
14179 30
14179 24
14179 2
14179 24
14179 9
14179 11
14179 27
14179 6
14179 31
14179 20
14179 24
14179 31
14179 27
14179 24
14179 7
14179 4
14179 24
14179 7
14179 9
14179 32
14179 2
14179 26
14179 15
14179 25
14279 7
14279 8
14279 9
14279 26
14279 8
14279 31
14279 25
14279 3
14279 25
14279 10
14279 12
14279 28
14279 7
14279 32
14279 21
14279 25
14279 32
14279 28
14279 25
14279 8
14279 5
14279 25
14279 8
14279 10
14279 0
14279 3
14279 27
14279 16
14279 26
14380 9
14380 10
14380 11
14380 28
14380 10
14380 0
14380 27
14380 5
14380 27
14380 12
14380 14
14380 30
14380 9
14380 1
14380 23
14380 27
14380 1
14380 30
14380 27
14380 10
14380 7
14380 27
14380 10
14380 12
14380 2
14380 5
14380 29
14380 18
14380 28
14480 10
14480 11
14480 12
14480 29
14480 11
14480 1
14480 28
14480 6
14480 28
14480 13
14480 15
14480 31
14480 10
14480 2
14480 24
14480 28
14480 2
14480 31
14480 28
14480 11
14480 8
14480 28
14480 11
14480 13
14480 3
14480 6
14480 30
14480 19
14480 29
14579 10
14579 11
14579 12
14579 29
14579 11
14579 1
14579 28
14579 6
14579 28
14579 13
14579 15
14579 31
14579 10
14579 2
14579 24
14579 28
14579 2
14579 31
14579 28
14579 11
14579 8
14579 28
14579 11
14579 13
14579 3
14579 6
14579 30
14579 19
14579 29
14679 11
14679 12
14679 13
14679 30
14679 12
14679 2
14679 29
14679 7
14679 29
14679 14
14679 16
14679 32
14679 11
14679 3
14679 25
14679 29
14679 3
14679 32
14679 29
14679 12
14679 9
14679 29
14679 12
14679 14
14679 4
14679 7
14679 31
14679 20
14679 30
14780 13
14780 14
14780 15
14780 32
14780 14
14780 4
14780 31
14780 9
14780 31
14780 16
14780 18
14780 1
14780 13
14780 5
14780 27
14780 31
14780 5
14780 1
14780 31
14780 14
14780 11
14780 31
14780 14
14780 16
14780 6
14780 9
14780 0
14780 22
14780 32
14879 13
14879 14
14879 15
14879 32
14879 14
14879 37
14879 31
14879 9
14879 31
14879 16
14879 18
14879 1
14879 13
14879 5
14879 27
14879 31
14879 5
14879 1
14879 31
14879 14
14879 11
14879 31
14879 14
14879 16
14879 6
14879 9
14879 0
14879 22
14879 32
14979 14
14979 15
14979 16
14979 0
14979 15
14979 5
14979 32
14979 10
14979 32
14979 17
14979 19
14979 2
14979 14
14979 6
14979 28
14979 32
14979 6
14979 2
14979 32
14979 15
14979 12
14979 32
14979 15
14979 17
14979 7
14979 10
14979 1
14979 23
14979 0
15079 15
15079 16
15079 17
15079 1
15079 16
15079 6
15079 0
15079 11
15079 0
15079 18
15079 20
15079 3
15079 15
15079 7
15079 29
15079 0
15079 7
15079 3
15079 0
15079 16
15079 13
15079 0
15079 16
15079 18
15079 8
15079 11
15079 2
15079 24
15079 34
15179 16
15179 17
15179 18
15179 2
15179 17
15179 7
15179 1
15179 12
15179 1
15179 19
15179 21
15179 4
15179 16
15179 8
15179 30
15179 1
15179 8
15179 4
15179 1
15179 17
15179 14
15179 1
15179 17
15179 19
15179 9
15179 12
15179 3
15179 25
15179 2
15280 18
15280 19
15280 20
15280 4
15280 19
15280 9
15280 3
15280 14
15280 3
15280 21
15280 23
15280 6
15280 18
15280 10
15280 32
15280 3
15280 10
15280 6
15280 3
15280 19
15280 16
15280 3
15280 19
15280 21
15280 11
15280 14
15280 5
15280 27
15280 4
15380 19
15380 20
15380 21
15380 5
15380 20
15380 10
15380 4
15380 15
15380 4
15380 22
15380 24
15380 7
15380 19
15380 11
15380 0
15380 4
15380 11
15380 7
15380 4
15380 20
15380 17
15380 4
15380 20
15380 22
15380 12
15380 15
15380 6
15380 28
15380 5
15479 19
15479 20
15479 21
15479 5
15479 20
15479 10
15479 4
15479 15
15479 4
15479 22
15479 24
15479 7
15479 19
15479 11
15479 0
15479 4
15479 11
15479 7
15479 4
15479 20
15479 17
15479 4
15479 20
15479 22
15479 12
15479 15
15479 6
15479 28
15479 5
15579 20
15579 21
15579 22
15579 6
15579 21
15579 11
15579 5
15579 16
15579 5
15579 23
15579 25
15579 8
15579 20
15579 12
15579 1
15579 5
15579 12
15579 8
15579 5
15579 21
15579 18
15579 5
15579 21
15579 23
15579 13
15579 16
15579 7
15579 29
15579 6
15679 21
15679 22
15679 23
15679 7
15679 22
15679 12
15679 6
15679 17
15679 6
15679 24
15679 26
15679 9
15679 21
15679 13
15679 2
15679 6
15679 13
15679 9
15679 6
15679 22
15679 19
15679 6
15679 22
15679 24
15679 14
15679 17
15679 8
15679 30
15679 7
15779 22
15779 23
15779 24
15779 8
15779 23
15779 13
15779 7
15779 18
15779 7
15779 25
15779 27
15779 10
15779 22
15779 14
15779 36
15779 7
15779 14
15779 10
15779 7
15779 23
15779 20
15779 7
15779 23
15779 25
15779 15
15779 18
15779 9
15779 31
15779 8
15879 23
15879 24
15879 25
15879 9
15879 24
15879 14
15879 8
15879 19
15879 8
15879 26
15879 28
15879 11
15879 23
15879 15
15879 4
15879 8
15879 15
15879 11
15879 8
15879 24
15879 21
15879 8
15879 24
15879 26
15879 16
15879 19
15879 10
15879 32
15879 9
15979 24
15979 25
15979 26
15979 10
15979 25
15979 15
15979 9
15979 20
15979 9
15979 27
15979 29
15979 12
15979 24
15979 16
15979 5
15979 9
15979 16
15979 12
15979 9
15979 25
15979 22
15979 9
15979 25
15979 27
15979 17
15979 20
15979 11
15979 0
15979 10
16080 26
16080 27
16080 28
16080 12
16080 27
16080 17
16080 11
16080 22
16080 11
16080 29
16080 31
16080 14
16080 26
16080 18
16080 7
16080 11
16080 18
16080 14
16080 11
16080 27
16080 24
16080 11
16080 27
16080 29
16080 19
16080 22
16080 13
16080 2
16080 12
16180 27
16180 28
16180 29
16180 13
16180 28
16180 18
16180 12
16180 23
16180 12
16180 30
16180 32
16180 15
16180 27
16180 19
16180 8
16180 12
16180 19
16180 15
16180 12
16180 28
16180 25
16180 12
16180 28
16180 30
16180 20
16180 23
16180 14
16180 3
16180 13
16279 27
16279 28
16279 29
16279 13
16279 28
16279 18
16279 12
16279 23
16279 12
16279 30
16279 32
16279 15
16279 27
16279 19
16279 8
16279 12
16279 19
16279 15
16279 12
16279 28
16279 25
16279 12
16279 28
16279 30
16279 20
16279 23
16279 14
16279 3
16279 13
16379 28
16379 29
16379 30
16379 14
16379 29
16379 19
16379 13
16379 24
16379 13
16379 31
16379 0
16379 16
16379 28
16379 20
16379 9
16379 13
16379 20
16379 16
16379 13
16379 29
16379 26
16379 13
16379 29
16379 31
16379 21
16379 24
16379 15
16379 4
16379 14
16480 30
16480 31
16480 32
16480 16
16480 31
16480 21
16480 15
16480 26
16480 15
16480 0
16480 2
16480 18
16480 30
16480 22
16480 11
16480 15
16480 22
16480 18
16480 15
16480 31
16480 28
16480 15
16480 31
16480 0
16480 23
16480 26
16480 17
16480 6
16480 16
16579 30
16579 31
16579 32
16579 16
16579 31
16579 21
16579 15
16579 26
16579 15
16579 0
16579 2
16579 18
16579 30
16579 22
16579 11
16579 15
16579 22
16579 18
16579 15
16579 31
16579 28
16579 15
16579 31
16579 0
16579 23
16579 26
16579 17
16579 39
16579 16
16680 32
16680 0
16680 1
16680 18
16680 0
16680 23
16680 17
16680 28
16680 17
16680 2
16680 4
16680 20
16680 32
16680 24
16680 13
16680 17
16680 24
16680 20
16680 17
16680 0
16680 30
16680 17
16680 0
16680 2
16680 25
16680 28
16680 19
16680 8
16680 18
16780 0
16780 1
16780 2
16780 19
16780 34
16780 24
16780 18
16780 29
16780 18
16780 3
16780 5
16780 21
16780 0
16780 25
16780 14
16780 18
16780 25
16780 21
16780 18
16780 1
16780 31
16780 18
16780 1
16780 3
16780 26
16780 29
16780 20
16780 9
16780 19
16879 0
16879 1
16879 2
16879 19
16879 1
16879 24
16879 18
16879 29
16879 18
16879 3
16879 5
16879 21
16879 0
16879 25
16879 14
16879 18
16879 25
16879 21
16879 18
16879 1
16879 31
16879 18
16879 1
16879 3
16879 26
16879 29
16879 20
16879 9
16879 19
16980 2
16980 3
16980 4
16980 21
16980 3
16980 26
16980 20
16980 31
16980 20
16980 5
16980 7
16980 23
16980 2
16980 27
16980 16
16980 20
16980 27
16980 23
16980 20
16980 3
16980 0
16980 20
16980 3
16980 5
16980 28
16980 31
16980 22
16980 11
16980 21
17079 2
17079 3
17079 4
17079 21
17079 3
17079 26
17079 20
17079 31
17079 20
17079 5
17079 7
17079 23
17079 2
17079 27
17079 16
17079 20
17079 27
17079 23
17079 20
17079 3
17079 0
17079 20
17079 3
17079 5
17079 28
17079 31
17079 22
17079 11
17079 21
17180 4
17180 5
17180 6
17180 23
17180 5
17180 28
17180 22
17180 0
17180 22
17180 7
17180 9
17180 25
17180 4
17180 29
17180 18
17180 22
17180 29
17180 25
17180 22
17180 5
17180 2
17180 22
17180 5
17180 7
17180 30
17180 33
17180 24
17180 13
17180 23
17279 4
17279 5
17279 6
17279 23
17279 38
17279 28
17279 22
17279 0
17279 22
17279 7
17279 9
17279 25
17279 4
17279 29
17279 18
17279 22
17279 29
17279 25
17279 22
17279 5
17279 2
17279 22
17279 5
17279 7
17279 30
17279 0
17279 24
17279 13
17279 23
17380 6
17380 7
17380 8
17380 25
17380 7
17380 30
17380 24
17380 2
17380 24
17380 9
17380 11
17380 27
17380 6
17380 31
17380 20
17380 24
17380 31
17380 27
17380 24
17380 7
17380 4
17380 24
17380 7
17380 9
17380 32
17380 2
17380 26
17380 15
17380 25
17479 6
17479 40
17479 8
17479 25
17479 7
17479 30
17479 24
17479 2
17479 24
17479 9
17479 11
17479 27
17479 6
17479 31
17479 20
17479 24
17479 31
17479 27
17479 24
17479 7
17479 4
17479 24
17479 7
17479 9
17479 32
17479 2
17479 26
17479 15
17479 25
17579 7
17579 8
17579 9
17579 26
17579 8
17579 31
17579 25
17579 3
17579 25
17579 10
17579 12
17579 28
17579 7
17579 32
17579 21
17579 25
17579 32
17579 28
17579 25
17579 8
17579 5
17579 25
17579 8
17579 10
17579 0
17579 3
17579 27
17579 16
17579 26
17679 8
17679 9
17679 10
17679 27
17679 9
17679 32
17679 26
17679 4
17679 26
17679 11
17679 13
17679 29
17679 8
17679 0
17679 22
17679 26
17679 0
17679 29
17679 26
17679 9
17679 6
17679 26
17679 9
17679 11
17679 1
17679 4
17679 28
17679 17
17679 27
17779 9
17779 10
17779 11
17779 28
17779 10
17779 0
17779 27
17779 5
17779 27
17779 12
17779 14
17779 30
17779 9
17779 1
17779 23
17779 27
17779 1
17779 30
17779 27
17779 10
17779 7
17779 27
17779 10
17779 12
17779 2
17779 5
17779 29
17779 18
17779 28
17881 12
17881 13
17881 14
17881 31
17881 13
17881 3
17881 30
17881 8
17881 30
17881 15
17881 17
17881 0
17881 12
17881 4
17881 26
17881 30
17881 4
17881 0
17881 30
17881 13
17881 10
17881 30
17881 13
17881 15
17881 5
17881 8
17881 32
17881 21
17881 31
17979 12
17979 13
17979 30
17979 12
17979 2
17979 29
17979 7
17979 29
17979 14
17979 16
17979 32
17979 11
17979 3
17979 25
17979 29
17979 3
17979 32
17979 29
17979 12
17979 9
17979 29
17979 12
17979 14
17979 4
17979 7
17979 31
17979 20
17979 30
18079 13
18079 14
18079 31
18079 13
18079 3
18079 30
18079 8
18079 30
18079 15
18079 17
18079 0
18079 12
18079 4
18079 26
18079 30
18079 37
18079 0
18079 30
18079 13
18079 10
18079 30
18079 13
18079 15
18079 5
18079 8
18079 32
18079 21
18079 31
18179 14
18179 15
18179 32
18179 14
18179 4
18179 31
18179 9
18179 31
18179 16
18179 18
18179 1
18179 13
18179 5
18179 27
18179 31
18179 5
18179 1
18179 31
18179 14
18179 11
18179 31
18179 14
18179 16
18179 6
18179 9
18179 0
18179 22
18179 32
18279 15
18279 16
18279 0
18279 15
18279 38
18279 32
18279 10
18279 32
18279 17
18279 19
18279 2
18279 14
18279 6
18279 28
18279 32
18279 6
18279 2
18279 32
18279 15
18279 12
18279 32
18279 15
18279 17
18279 7
18279 10
18279 1
18279 23
18279 0
18379 16
18379 17
18379 1
18379 16
18379 6
18379 0
18379 11
18379 0
18379 18
18379 20
18379 3
18379 15
18379 7
18379 29
18379 33
18379 7
18379 3
18379 0
18379 16
18379 13
18379 0
18379 16
18379 18
18379 8
18379 11
18379 2
18379 24
18379 1
18479 17
18479 18
18479 2
18479 17
18479 7
18479 1
18479 12
18479 1
18479 19
18479 21
18479 4
18479 16
18479 8
18479 30
18479 1
18479 8
18479 4
18479 1
18479 17
18479 14
18479 1
18479 17
18479 19
18479 9
18479 12
18479 3
18479 25
18479 2
18579 18
18579 19
18579 3
18579 18
18579 8
18579 35
18579 13
18579 2
18579 20
18579 22
18579 5
18579 17
18579 9
18579 31
18579 2
18579 9
18579 5
18579 2
18579 18
18579 15
18579 2
18579 18
18579 20
18579 10
18579 13
18579 4
18579 26
18579 3
18679 19
18679 20
18679 4
18679 19
18679 9
18679 3
18679 14
18679 3
18679 21
18679 23
18679 6
18679 18
18679 10
18679 32
18679 3
18679 10
18679 6
18679 3
18679 19
18679 16
18679 3
18679 19
18679 21
18679 11
18679 14
18679 5
18679 27
18679 4
18779 20
18779 21
18779 5
18779 20
18779 10
18779 4
18779 15
18779 4
18779 22
18779 24
18779 7
18779 19
18779 11
18779 0
18779 4
18779 11
18779 7
18779 4
18779 20
18779 17
18779 4
18779 20
18779 22
18779 12
18779 15
18779 6
18779 28
18779 5
18879 21
18879 22
18879 6
18879 21
18879 11
18879 5
18879 16
18879 5
18879 23
18879 25
18879 8
18879 20
18879 12
18879 1
18879 5
18879 12
18879 8
18879 5
18879 21
18879 18
18879 5
18879 21
18879 23
18879 13
18879 16
18879 7
18879 29
18879 6
18979 22
18979 23
18979 7
18979 22
18979 12
18979 6
18979 17
18979 6
18979 24
18979 26
18979 9
18979 21
18979 13
18979 2
18979 6
18979 13
18979 9
18979 6
18979 22
18979 19
18979 6
18979 22
18979 24
18979 14
18979 17
18979 8
18979 30
18979 7
19080 24
19080 25
19080 9
19080 24
19080 14
19080 8
19080 19
19080 8
19080 26
19080 28
19080 11
19080 23
19080 15
19080 4
19080 8
19080 15
19080 11
19080 8
19080 24
19080 21
19080 8
19080 24
19080 26
19080 16
19080 19
19080 10
19080 32
19080 9
19179 24
19179 25
19179 9
19179 24
19179 14
19179 8
19179 19
19179 8
19179 26
19179 28
19179 11
19179 23
19179 15
19179 4
19179 8
19179 15
19179 11
19179 8
19179 24
19179 21
19179 8
19179 24
19179 26
19179 16
19179 19
19179 10
19179 32
19179 9
19279 25
19279 26
19279 10
19279 25
19279 15
19279 9
19279 20
19279 9
19279 27
19279 29
19279 12
19279 24
19279 16
19279 5
19279 9
19279 16
19279 12
19279 9
19279 25
19279 22
19279 9
19279 25
19279 27
19279 17
19279 20
19279 11
19279 0
19279 10
19379 26
19379 27
19379 11
19379 26
19379 16
19379 10
19379 21
19379 10
19379 28
19379 30
19379 13
19379 25
19379 17
19379 6
19379 10
19379 17
19379 13
19379 10
19379 26
19379 23
19379 10
19379 26
19379 28
19379 18
19379 21
19379 12
19379 1
19379 11
19479 27
19479 28
19479 12
19479 27
19479 17
19479 11
19479 22
19479 11
19479 29
19479 31
19479 14
19479 26
19479 18
19479 7
19479 11
19479 18
19479 14
19479 11
19479 27
19479 24
19479 11
19479 27
19479 29
19479 19
19479 22
19479 13
19479 2
19479 12
19580 29
19580 30
19580 14
19580 29
19580 19
19580 13
19580 24
19580 13
19580 31
19580 0
19580 16
19580 28
19580 20
19580 9
19580 13
19580 20
19580 16
19580 13
19580 29
19580 26
19580 13
19580 29
19580 31
19580 21
19580 24
19580 15
19580 4
19580 14
19679 29
19679 30
19679 14
19679 29
19679 19
19679 13
19679 24
19679 13
19679 31
19679 0
19679 16
19679 28
19679 20
19679 9
19679 13
19679 20
19679 16
19679 13
19679 29
19679 26
19679 13
19679 29
19679 31
19679 21
19679 24
19679 15
19679 4
19679 14
19780 31
19780 32
19780 16
19780 31
19780 21
19780 15
19780 26
19780 15
19780 0
19780 2
19780 18
19780 30
19780 22
19780 11
19780 15
19780 22
19780 18
19780 15
19780 31
19780 28
19780 15
19780 31
19780 0
19780 23
19780 26
19780 17
19780 6
19780 16
19880 32
19880 0
19880 17
19880 32
19880 22
19880 16
19880 27
19880 16
19880 1
19880 3
19880 19
19880 31
19880 23
19880 12
19880 16
19880 23
19880 19
19880 16
19880 32
19880 29
19880 16
19880 32
19880 1
19880 24
19880 27
19880 18
19880 7
19880 17
19980 0
19980 1
19980 18
19980 0
19980 23
19980 17
19980 28
19980 17
19980 2
19980 4
19980 20
19980 32
19980 24
19980 13
19980 17
19980 24
19980 20
19980 17
19980 0
19980 30
19980 17
19980 0
19980 2
19980 25
19980 28
19980 19
19980 8
19980 18
20079 0
20079 1
20079 18
20079 0
20079 23
20079 17
20079 28
20079 17
20079 2
20079 4
20079 20
20079 32
20079 24
20079 13
20079 17
20079 24
20079 20
20079 17
20079 0
20079 30
20079 17
20079 0
20079 2
20079 25
20079 28
20079 19
20079 8
20079 18
20179 1
20179 2
20179 19
20179 1
20179 24
20179 18
20179 29
20179 18
20179 3
20179 5
20179 21
20179 0
20179 25
20179 14
20179 18
20179 25
20179 21
20179 18
20179 1
20179 31
20179 18
20179 1
20179 3
20179 26
20179 29
20179 20
20179 9
20179 19
20279 2
20279 3
20279 20
20279 2
20279 25
20279 19
20279 30
20279 19
20279 4
20279 6
20279 22
20279 1
20279 26
20279 15
20279 19
20279 26
20279 22
20279 19
20279 35
20279 32
20279 19
20279 2
20279 4
20279 27
20279 30
20279 21
20279 10
20279 20
20379 3
20379 4
20379 21
20379 3
20379 26
20379 20
20379 31
20379 20
20379 5
20379 7
20379 23
20379 2
20379 27
20379 16
20379 20
20379 27
20379 23
20379 20
20379 3
20379 0
20379 20
20379 36
20379 5
20379 28
20379 31
20379 22
20379 11
20379 21
20479 4
20479 5
20479 22
20479 4
20479 27
20479 21
20479 32
20479 21
20479 6
20479 8
20479 24
20479 3
20479 28
20479 17
20479 21
20479 28
20479 24
20479 21
20479 4
20479 1
20479 21
20479 4
20479 6
20479 29
20479 32
20479 23
20479 12
20479 22
20579 5
20579 6
20579 23
20579 5
20579 28
20579 22
20579 0
20579 22
20579 7
20579 9
20579 25
20579 4
20579 29
20579 18
20579 22
20579 29
20579 25
20579 22
20579 5
20579 2
20579 22
20579 5
20579 7
20579 30
20579 0
20579 24
20579 13
20579 23
20680 7
20680 8
20680 25
20680 7
20680 30
20680 24
20680 2
20680 24
20680 9
20680 11
20680 27
20680 6
20680 31
20680 20
20680 24
20680 31
20680 27
20680 24
20680 7
20680 4
20680 24
20680 7
20680 9
20680 32
20680 2
20680 26
20680 15
20680 25
20779 7
20779 8
20779 25
20779 7
20779 30
20779 24
20779 2
20779 24
20779 9
20779 11
20779 27
20779 6
20779 31
20779 20
20779 24
20779 31
20779 27
20779 24
20779 7
20779 4
20779 24
20779 7
20779 9
20779 32
20779 2
20779 26
20779 15
20779 25
20879 8
20879 9
20879 26
20879 8
20879 31
20879 25
20879 3
20879 25
20879 10
20879 12
20879 28
20879 7
20879 32
20879 21
20879 25
20879 32
20879 28
20879 25
20879 8
20879 5
20879 25
20879 8
20879 10
20879 0
20879 3
20879 27
20879 16
20879 26
20979 9
20979 10
20979 27
20979 9
20979 32
20979 26
20979 4
20979 26
20979 11
20979 13
20979 29
20979 8
20979 0
20979 22
20979 26
20979 0
20979 29
20979 26
20979 9
20979 6
20979 26
20979 9
20979 11
20979 1
20979 4
20979 28
20979 17
20979 27
21079 10
21079 11
21079 28
21079 10
21079 0
21079 27
21079 5
21079 27
21079 12
21079 14
21079 30
21079 9
21079 1
21079 23
21079 27
21079 1
21079 30
21079 27
21079 10
21079 7
21079 27
21079 10
21079 12
21079 2
21079 5
21079 29
21079 18
21079 28
21179 11
21179 12
21179 29
21179 11
21179 1
21179 28
21179 6
21179 28
21179 13
21179 15
21179 31
21179 10
21179 2
21179 24
21179 28
21179 2
21179 31
21179 28
21179 11
21179 8
21179 28
21179 11
21179 13
21179 3
21179 6
21179 30
21179 19
21179 29
21279 12
21279 13
21279 30
21279 12
21279 2
21279 29
21279 7
21279 29
21279 14
21279 16
21279 32
21279 11
21279 3
21279 25
21279 29
21279 3
21279 32
21279 29
21279 12
21279 9
21279 29
21279 12
21279 14
21279 4
21279 7
21279 31
21279 20
21279 30
21379 13
21379 14
21379 31
21379 13
21379 3
21379 30
21379 8
21379 30
21379 15
21379 17
21379 0
21379 4
21379 26
21379 30
21379 4
21379 0
21379 30
21379 13
21379 10
21379 30
21379 13
21379 15
21379 5
21379 8
21379 32
21379 21
21379 31
21479 14
21479 15
21479 32
21479 14
21479 4
21479 31
21479 9
21479 31
21479 16
21479 18
21479 1
21479 5
21479 27
21479 31
21479 5
21479 1
21479 31
21479 14
21479 11
21479 31
21479 14
21479 16
21479 6
21479 9
21479 0
21479 22
21479 32
21579 15
21579 16
21579 0
21579 15
21579 5
21579 32
21579 10
21579 32
21579 17
21579 19
21579 2
21579 6
21579 28
21579 32
21579 6
21579 2
21579 32
21579 15
21579 12
21579 32
21579 15
21579 17
21579 7
21579 10
21579 1
21579 23
21579 0
21679 16
21679 17
21679 1
21679 16
21679 6
21679 0
21679 11
21679 0
21679 18
21679 20
21679 3
21679 7
21679 29
21679 0
21679 7
21679 3
21679 0
21679 16
21679 13
21679 0
21679 16
21679 18
21679 8
21679 11
21679 2
21679 24
21679 1
21779 17
21779 18
21779 2
21779 17
21779 7
21779 1
21779 12
21779 1
21779 19
21779 21
21779 4
21779 8
21779 30
21779 1
21779 8
21779 4
21779 1
21779 17
21779 14
21779 1
21779 17
21779 19
21779 9
21779 12
21779 3
21779 2
21879 18
21879 19
21879 3
21879 18
21879 8
21879 2
21879 13
21879 2
21879 20
21879 22
21879 5
21879 9
21879 31
21879 2
21879 9
21879 5
21879 2
21879 18
21879 15
21879 2
21879 18
21879 20
21879 10
21879 13
21879 4
21879 3
21979 19
21979 20
21979 4
21979 19
21979 9
21979 3
21979 14
21979 3
21979 21
21979 23
21979 6
21979 10
21979 32
21979 3
21979 10
21979 6
21979 3
21979 19
21979 16
21979 3
21979 19
21979 21
21979 11
21979 14
21979 5
21979 4
22079 20
22079 21
22079 5
22079 20
22079 10
22079 4
22079 15
22079 4
22079 22
22079 24
22079 7
22079 11
22079 0
22079 4
22079 11
22079 7
22079 4
22079 20
22079 17
22079 4
22079 20
22079 22
22079 12
22079 15
22079 6
22079 5
22179 21
22179 22
22179 6
22179 21
22179 11
22179 5
22179 16
22179 5
22179 23
22179 25
22179 8
22179 12
22179 1
22179 5
22179 12
22179 8
22179 5
22179 21
22179 18
22179 5
22179 21
22179 23
22179 13
22179 16
22179 7
22179 6
22279 22
22279 23
22279 7
22279 22
22279 12
22279 6
22279 17
22279 6
22279 24
22279 26
22279 9
22279 13
22279 2
22279 6
22279 13
22279 9
22279 6
22279 22
22279 19
22279 6
22279 22
22279 24
22279 14
22279 17
22279 8
22279 7
22379 23
22379 24
22379 8
22379 23
22379 13
22379 7
22379 18
22379 7
22379 25
22379 27
22379 10
22379 14
22379 3
22379 7
22379 14
22379 10
22379 7
22379 23
22379 20
22379 7
22379 23
22379 25
22379 15
22379 18
22379 9
22379 8
22479 24
22479 25
22479 9
22479 24
22479 14
22479 8
22479 19
22479 8
22479 26
22479 28
22479 11
22479 15
22479 4
22479 8
22479 15
22479 11
22479 8
22479 24
22479 21
22479 8
22479 24
22479 26
22479 16
22479 19
22479 10
22479 9
22580 26
22580 27
22580 11
22580 26
22580 16
22580 10
22580 21
22580 10
22580 28
22580 30
22580 13
22580 17
22580 6
22580 10
22580 17
22580 13
22580 10
22580 26
22580 23
22580 10
22580 26
22580 28
22580 18
22580 21
22580 12
22580 11
22679 26
22679 27
22679 11
22679 26
22679 16
22679 10
22679 21
22679 10
22679 28
22679 30
22679 13
22679 17
22679 6
22679 10
22679 17
22679 13
22679 10
22679 26
22679 23
22679 10
22679 26
22679 28
22679 18
22679 21
22679 12
22679 11
22779 27
22779 28
22779 12
22779 27
22779 17
22779 11
22779 22
22779 11
22779 29
22779 31
22779 14
22779 18
22779 7
22779 11
22779 18
22779 14
22779 11
22779 27
22779 24
22779 11
22779 27
22779 29
22779 19
22779 22
22779 13
22779 12
22879 28
22879 29
22879 13
22879 28
22879 18
22879 12
22879 23
22879 12
22879 30
22879 32
22879 15
22879 19
22879 8
22879 12
22879 19
22879 15
22879 12
22879 28
22879 25
22879 12
22879 28
22879 30
22879 20
22879 23
22879 14
22879 13
22979 29
22979 30
22979 14
22979 29
22979 19
22979 13
22979 24
22979 13
22979 31
22979 0
22979 16
22979 20
22979 9
22979 13
22979 20
22979 16
22979 13
22979 29
22979 26
22979 13
22979 29
22979 31
22979 21
22979 24
22979 15
22979 14
23079 30
23079 31
23079 15
23079 30
23079 20
23079 14
23079 25
23079 14
23079 32
23079 1
23079 17
23079 21
23079 10
23079 14
23079 21
23079 17
23079 14
23079 30
23079 27
23079 14
23079 30
23079 32
23079 22
23079 25
23079 16
23079 15
23179 31
23179 32
23179 16
23179 31
23179 21
23179 15
23179 26
23179 15
23179 0
23179 2
23179 18
23179 22
23179 11
23179 15
23179 22
23179 18
23179 15
23179 31
23179 28
23179 15
23179 31
23179 0
23179 23
23179 26
23179 17
23179 16
23279 32
23279 0
23279 17
23279 32
23279 22
23279 16
23279 27
23279 16
23279 1
23279 3
23279 19
23279 23
23279 12
23279 16
23279 23
23279 19
23279 16
23279 32
23279 29
23279 16
23279 32
23279 1
23279 24
23279 27
23279 18
23279 17
23379 0
23379 1
23379 18
23379 0
23379 23
23379 17
23379 28
23379 17
23379 2
23379 4
23379 20
23379 24
23379 13
23379 17
23379 24
23379 20
23379 17
23379 0
23379 30
23379 17
23379 0
23379 2
23379 25
23379 28
23379 19
23379 18
23479 1
23479 2
23479 19
23479 1
23479 24
23479 18
23479 29
23479 18
23479 3
23479 5
23479 21
23479 25
23479 14
23479 18
23479 25
23479 21
23479 18
23479 1
23479 31
23479 18
23479 1
23479 3
23479 26
23479 29
23479 20
23479 19
23580 3
23580 4
23580 21
23580 3
23580 26
23580 20
23580 31
23580 20
23580 5
23580 7
23580 23
23580 27
23580 16
23580 20
23580 27
23580 23
23580 20
23580 3
23580 0
23580 20
23580 3
23580 5
23580 28
23580 31
23580 22
23580 21
23679 3
23679 4
23679 21
23679 3
23679 26
23679 20
23679 31
23679 20
23679 5
23679 7
23679 23
23679 27
23679 16
23679 20
23679 27
23679 23
23679 20
23679 3
23679 0
23679 20
23679 3
23679 28
23679 31
23679 22
23679 21
23779 4
23779 5
23779 22
23779 4
23779 27
23779 21
23779 32
23779 21
23779 6
23779 8
23779 24
23779 28
23779 17
23779 28
23779 24
23779 21
23779 4
23779 1
23779 21
23779 4
23779 29
23779 32
23779 23
23779 22
23879 5
23879 6
23879 23
23879 5
23879 28
23879 22
23879 0
23879 22
23879 7
23879 9
23879 25
23879 29
23879 18
23879 29
23879 25
23879 22
23879 5
23879 2
23879 22
23879 5
23879 30
23879 0
23879 24
23879 23
23979 6
23979 7
23979 24
23979 6
23979 29
23979 23
23979 1
23979 23
23979 8
23979 10
23979 26
23979 30
23979 19
23979 30
23979 26
23979 23
23979 6
23979 23
23979 6
23979 31
23979 1
23979 25
23979 24
24079 7
24079 8
24079 25
24079 7
24079 30
24079 24
24079 2
24079 24
24079 9
24079 11
24079 27
24079 31
24079 20
24079 31
24079 27
24079 24
24079 7
24079 24
24079 7
24079 32
24079 2
24079 26
24079 25
24179 8
24179 9
24179 26
24179 8
24179 31
24179 25
24179 3
24179 25
24179 10
24179 12
24179 28
24179 32
24179 21
24179 32
24179 28
24179 25
24179 8
24179 25
24179 8
24179 0
24179 3
24179 27
24179 26
24280 10
24280 11
24280 28
24280 10
24280 0
24280 27
24280 5
24280 27
24280 12
24280 14
24280 30
24280 1
24280 23
24280 1
24280 30
24280 27
24280 10
24280 27
24280 10
24280 2
24280 5
24280 29
24280 28
24380 11
24380 12
24380 29
24380 11
24380 1
24380 28
24380 6
24380 28
24380 13
24380 15
24380 31
24380 2
24380 24
24380 2
24380 31
24380 28
24380 11
24380 28
24380 11
24380 3
24380 6
24380 30
24380 29
24479 11
24479 12
24479 29
24479 11
24479 1
24479 28
24479 6
24479 28
24479 13
24479 15
24479 31
24479 2
24479 24
24479 2
24479 31
24479 28
24479 11
24479 28
24479 11
24479 3
24479 6
24479 30
24479 29
24579 12
24579 13
24579 30
24579 12
24579 2
24579 29
24579 7
24579 29
24579 14
24579 16
24579 32
24579 3
24579 25
24579 3
24579 32
24579 29
24579 12
24579 29
24579 12
24579 4
24579 7
24579 31
24579 30
24679 13
24679 14
24679 31
24679 13
24679 3
24679 8
24679 30
24679 15
24679 17
24679 0
24679 4
24679 26
24679 4
24679 0
24679 30
24679 13
24679 30
24679 13
24679 5
24679 8
24679 32
24679 31
24779 14
24779 15
24779 32
24779 14
24779 4
24779 9
24779 31
24779 16
24779 18
24779 1
24779 5
24779 27
24779 5
24779 1
24779 31
24779 14
24779 31
24779 14
24779 6
24779 9
24779 0
24779 32
24879 15
24879 16
24879 0
24879 15
24879 5
24879 10
24879 32
24879 17
24879 19
24879 2
24879 6
24879 28
24879 6
24879 2
24879 32
24879 15
24879 32
24879 15
24879 7
24879 10
24879 1
24879 0
24979 16
24979 17
24979 1
24979 16
24979 6
24979 11
24979 0
24979 18
24979 20
24979 3
24979 7
24979 29
24979 7
24979 3
24979 0
24979 16
24979 0
24979 16
24979 8
24979 11
24979 2
24979 1
25079 17
25079 18
25079 2
25079 17
25079 7
25079 12
25079 1
25079 19
25079 21
25079 4
25079 8
25079 30
25079 8
25079 4
25079 1
25079 17
25079 1
25079 17
25079 9
25079 12
25079 3
25079 2
25179 18
25179 19
25179 3
25179 18
25179 8
25179 13
25179 2
25179 20
25179 22
25179 5
25179 9
25179 31
25179 9
25179 5
25179 2
25179 18
25179 2
25179 18
25179 10
25179 13
25179 4
25179 3
25279 19
25279 20
25279 4
25279 19
25279 9
25279 14
25279 3
25279 21
25279 23
25279 6
25279 10
25279 32
25279 10
25279 6
25279 3
25279 19
25279 3
25279 19
25279 11
25279 14
25279 5
25279 4
25379 20
25379 21
25379 5
25379 20
25379 10
25379 15
25379 4
25379 22
25379 24
25379 7
25379 11
25379 0
25379 11
25379 7
25379 4
25379 20
25379 4
25379 20
25379 12
25379 15
25379 6
25379 5
25479 21
25479 22
25479 6
25479 21
25479 11
25479 16
25479 5
25479 23
25479 25
25479 8
25479 12
25479 1
25479 12
25479 8
25479 5
25479 21
25479 5
25479 21
25479 13
25479 16
25479 7
25479 6
25579 22
25579 23
25579 7
25579 22
25579 12
25579 17
25579 6
25579 24
25579 26
25579 9
25579 13
25579 2
25579 13
25579 9
25579 6
25579 22
25579 6
25579 22
25579 14
25579 17
25579 8
25579 7
25679 23
25679 24
25679 8
25679 23
25679 13
25679 18
25679 7
25679 25
25679 27
25679 10
25679 14
25679 3
25679 14
25679 10
25679 7
25679 23
25679 7
25679 23
25679 15
25679 18
25679 9
25679 8
25779 24
25779 25
25779 9
25779 24
25779 14
25779 19
25779 8
25779 26
25779 28
25779 11
25779 15
25779 4
25779 15
25779 11
25779 8
25779 24
25779 8
25779 24
25779 16
25779 19
25779 10
25779 9
25879 25
25879 26
25879 10
25879 25
25879 15
25879 20
25879 9
25879 27
25879 29
25879 12
25879 16
25879 5
25879 16
25879 12
25879 9
25879 25
25879 9
25879 25
25879 17
25879 20
25879 11
25879 10
25979 26
25979 27
25979 11
25979 26
25979 16
25979 21
25979 10
25979 28
25979 30
25979 13
25979 17
25979 6
25979 17
25979 13
25979 10
25979 26
25979 10
25979 26
25979 18
25979 21
25979 12
25979 11
26079 27
26079 28
26079 12
26079 27
26079 17
26079 22
26079 11
26079 29
26079 31
26079 14
26079 18
26079 7
26079 18
26079 14
26079 11
26079 27
26079 11
26079 27
26079 19
26079 22
26079 13
26079 12
26179 28
26179 29
26179 13
26179 28
26179 18
26179 23
26179 12
26179 30
26179 32
26179 15
26179 19
26179 8
26179 19
26179 15
26179 12
26179 28
26179 12
26179 28
26179 20
26179 23
26179 14
26179 13
26279 29
26279 30
26279 14
26279 29
26279 19
26279 24
26279 13
26279 31
26279 0
26279 16
26279 20
26279 9
26279 20
26279 16
26279 13
26279 29
26279 13
26279 29
26279 21
26279 24
26279 15
26279 14
26379 30
26379 31
26379 15
26379 30
26379 20
26379 25
26379 14
26379 32
26379 1
26379 17
26379 21
26379 10
26379 21
26379 17
26379 14
26379 30
26379 14
26379 30
26379 22
26379 25
26379 16
26379 15
26479 31
26479 32
26479 16
26479 31
26479 21
26479 26
26479 15
26479 0
26479 2
26479 18
26479 22
26479 11
26479 22
26479 18
26479 15
26479 31
26479 15
26479 31
26479 23
26479 26
26479 17
26578 31
26578 32
26578 16
26578 31
26578 21
26578 26
26578 15
26578 0
26578 2
26578 18
26578 22
26578 11
26578 22
26578 18
26578 15
26578 31
26578 15
26578 31
26578 23
26578 26
26578 17
26680 1
26680 2
26680 19
26680 1
26680 24
26680 29
26680 18
26680 3
26680 5
26680 21
26680 25
26680 14
26680 25
26680 21
26680 18
26680 1
26680 18
26680 1
26680 26
26680 29
26680 20
26779 1
26779 2
26779 19
26779 1
26779 24
26779 29
26779 18
26779 3
26779 5
26779 21
26779 25
26779 14
26779 25
26779 21
26779 18
26779 1
26779 18
26779 1
26779 29
26779 20
26879 2
26879 3
26879 20
26879 2
26879 25
26879 30
26879 19
26879 4
26879 6
26879 22
26879 26
26879 15
26879 26
26879 22
26879 19
26879 2
26879 19
26879 2
26879 30
26879 21
26979 3
26979 4
26979 21
26979 3
26979 26
26979 31
26979 20
26979 5
26979 7
26979 23
26979 27
26979 16
26979 27
26979 23
26979 20
26979 3
26979 20
26979 3
26979 31
26979 22
27078 3
27078 4
27078 21
27078 3
27078 26
27078 31
27078 20
27078 5
27078 7
27078 23
27078 27
27078 16
27078 27
27078 23
27078 20
27078 3
27078 20
27078 3
27078 31
27078 22
27180 6
27180 7
27180 24
27180 6
27180 29
27180 1
27180 23
27180 8
27180 10
27180 26
27180 30
27180 19
27180 30
27180 26
27180 23
27180 6
27180 23
27180 6
27180 1
27180 25
27279 6
27279 7
27279 24
27279 6
27279 29
27279 1
27279 23
27279 8
27279 10
27279 26
27279 30
27279 19
27279 30
27279 26
27279 23
27279 6
27279 23
27279 6
27279 1
27279 25
27379 7
27379 8
27379 25
27379 7
27379 30
27379 2
27379 24
27379 9
27379 11
27379 27
27379 31
27379 20
27379 31
27379 27
27379 24
27379 7
27379 24
27379 7
27379 2
27379 26
27479 8
27479 9
27479 26
27479 8
27479 31
27479 3
27479 25
27479 10
27479 12
27479 28
27479 32
27479 21
27479 32
27479 28
27479 25
27479 8
27479 25
27479 8
27479 3
27479 27
27579 9
27579 10
27579 27
27579 9
27579 32
27579 4
27579 26
27579 11
27579 13
27579 29
27579 0
27579 22
27579 0
27579 29
27579 26
27579 9
27579 26
27579 9
27579 4
27579 28
27679 10
27679 11
27679 28
27679 10
27679 0
27679 5
27679 27
27679 12
27679 14
27679 30
27679 1
27679 23
27679 1
27679 30
27679 27
27679 10
27679 27
27679 10
27679 5
27679 29
27779 11
27779 12
27779 29
27779 11
27779 1
27779 6
27779 28
27779 13
27779 15
27779 31
27779 2
27779 24
27779 2
27779 31
27779 28
27779 11
27779 28
27779 11
27779 6
27779 30
27879 12
27879 13
27879 30
27879 12
27879 2
27879 7
27879 29
27879 14
27879 16
27879 32
27879 3
27879 25
27879 3
27879 32
27879 29
27879 12
27879 29
27879 12
27879 7
27879 31
27979 13
27979 14
27979 31
27979 13
27979 3
27979 8
27979 30
27979 15
27979 17
27979 0
27979 4
27979 26
27979 4
27979 0
27979 30
27979 13
27979 30
27979 13
27979 8
27979 32
28079 14
28079 15
28079 32
28079 14
28079 4
28079 9
28079 31
28079 16
28079 18
28079 1
28079 5
28079 27
28079 5
28079 1
28079 31
28079 14
28079 31
28079 14
28079 9
28079 0
28179 15
28179 16
28179 0
28179 15
28179 5
28179 10
28179 32
28179 17
28179 19
28179 2
28179 6
28179 28
28179 6
28179 2
28179 32
28179 15
28179 32
28179 15
28179 10
28279 16
28279 17
28279 1
28279 16
28279 6
28279 11
28279 0
28279 18
28279 20
28279 3
28279 7
28279 29
28279 7
28279 3
28279 0
28279 16
28279 0
28279 16
28279 11
28379 17
28379 18
28379 2
28379 17
28379 7
28379 12
28379 1
28379 19
28379 21
28379 4
28379 8
28379 30
28379 8
28379 4
28379 1
28379 17
28379 1
28379 17
28379 12
28479 18
28479 19
28479 3
28479 18
28479 8
28479 13
28479 2
28479 20
28479 22
28479 5
28479 9
28479 31
28479 9
28479 5
28479 2
28479 18
28479 2
28479 18
28479 13
28579 19
28579 20
28579 4
28579 19
28579 9
28579 14
28579 3
28579 21
28579 23
28579 6
28579 10
28579 32
28579 10
28579 6
28579 3
28579 19
28579 3
28579 19
28579 14
28679 20
28679 21
28679 5
28679 20
28679 10
28679 15
28679 4
28679 22
28679 24
28679 7
28679 11
28679 0
28679 11
28679 7
28679 4
28679 20
28679 4
28679 20
28679 15
28779 21
28779 22
28779 6
28779 21
28779 11
28779 16
28779 5
28779 23
28779 25
28779 8
28779 12
28779 1
28779 12
28779 8
28779 5
28779 21
28779 5
28779 21
28779 16
28879 22
28879 23
28879 7
28879 22
28879 12
28879 17
28879 6
28879 24
28879 26
28879 9
28879 13
28879 2
28879 13
28879 9
28879 6
28879 22
28879 6
28879 22
28879 17
28979 23
28979 24
28979 8
28979 23
28979 13
28979 18
28979 7
28979 25
28979 27
28979 10
28979 14
28979 3
28979 14
28979 10
28979 7
28979 23
28979 7
28979 23
28979 18
29079 24
29079 25
29079 9
29079 24
29079 14
29079 19
29079 8
29079 26
29079 28
29079 11
29079 15
29079 4
29079 15
29079 11
29079 8
29079 24
29079 8
29079 24
29079 19
29179 25
29179 26
29179 10
29179 25
29179 15
29179 20
29179 9
29179 27
29179 29
29179 12
29179 16
29179 5
29179 16
29179 12
29179 9
29179 25
29179 9
29179 25
29179 20
29279 26
29279 27
29279 11
29279 26
29279 16
29279 21
29279 10
29279 28
29279 30
29279 13
29279 17
29279 6
29279 17
29279 13
29279 10
29279 26
29279 10
29279 26
29279 21
29379 27
29379 28
29379 12
29379 27
29379 17
29379 22
29379 11
29379 29
29379 31
29379 14
29379 18
29379 7
29379 18
29379 14
29379 11
29379 27
29379 11
29379 27
29379 22
29479 28
29479 29
29479 13
29479 28
29479 18
29479 23
29479 12
29479 30
29479 32
29479 15
29479 19
29479 8
29479 19
29479 15
29479 12
29479 28
29479 12
29479 28
29479 23
29579 29
29579 30
29579 14
29579 29
29579 19
29579 24
29579 13
29579 31
29579 0
29579 16
29579 20
29579 9
29579 20
29579 16
29579 13
29579 29
29579 13
29579 29
29579 24
29679 30
29679 31
29679 15
29679 30
29679 20
29679 25
29679 14
29679 32
29679 1
29679 17
29679 21
29679 10
29679 21
29679 17
29679 14
29679 30
29679 14
29679 30
29679 25
29779 31
29779 32
29779 16
29779 31
29779 21
29779 26
29779 15
29779 0
29779 2
29779 18
29779 22
29779 11
29779 22
29779 18
29779 15
29779 31
29779 15
29779 31
29779 26
29880 0
29880 1
29880 18
29880 0
29880 23
29880 28
29880 17
29880 2
29880 4
29880 20
29880 24
29880 13
29880 24
29880 20
29880 17
29880 0
29880 17
29880 0
29880 28
29979 0
29979 1
29979 18
29979 0
29979 23
29979 28
29979 17
29979 2
29979 4
29979 20
29979 24
29979 13
29979 24
29979 20
29979 17
29979 0
29979 17
29979 0
29979 28
30079 1
30079 2
30079 19
30079 1
30079 24
30079 29
30079 18
30079 3
30079 5
30079 21
30079 25
30079 14
30079 25
30079 21
30079 18
30079 1
30079 18
30079 1
30079 29
30179 2
30179 3
30179 20
30179 2
30179 25
30179 30
30179 19
30179 4
30179 6
30179 22
30179 26
30179 15
30179 26
30179 22
30179 19
30179 2
30179 19
30179 2
30179 30
30279 3
30279 4
30279 21
30279 3
30279 26
30279 31
30279 20
30279 5
30279 7
30279 23
30279 27
30279 16
30279 27
30279 23
30279 20
30279 3
30279 20
30279 3
30279 31
30379 4
30379 5
30379 22
30379 4
30379 27
30379 32
30379 21
30379 6
30379 8
30379 24
30379 28
30379 17
30379 28
30379 24
30379 21
30379 4
30379 21
30379 4
30379 32
30479 5
30479 6
30479 23
30479 5
30479 28
30479 0
30479 22
30479 7
30479 9
30479 25
30479 29
30479 18
30479 29
30479 25
30479 22
30479 5
30479 22
30479 5
30479 0
30579 6
30579 7
30579 24
30579 6
30579 29
30579 1
30579 23
30579 8
30579 10
30579 26
30579 30
30579 19
30579 30
30579 26
30579 23
30579 6
30579 23
30579 6
30579 1
30679 7
30679 8
30679 25
30679 7
30679 30
30679 2
30679 24
30679 9
30679 11
30679 27
30679 31
30679 20
30679 31
30679 27
30679 24
30679 7
30679 24
30679 7
30679 2
30779 8
30779 9
30779 26
30779 8
30779 31
30779 3
30779 25
30779 10
30779 12
30779 28
30779 32
30779 21
30779 32
30779 28
30779 25
30779 8
30779 25
30779 8
30779 3
30879 9
30879 10
30879 27
30879 9
30879 32
30879 4
30879 26
30879 11
30879 13
30879 29
30879 0
30879 22
30879 0
30879 29
30879 26
30879 9
30879 26
30879 9
30879 4
30979 10
30979 11
30979 28
30979 10
30979 33
30979 5
30979 27
30979 12
30979 14
30979 30
30979 1
30979 23
30979 1
30979 30
30979 27
30979 10
30979 27
30979 10
30979 5
31078 10
31078 11
31078 28
31078 10
31078 0
31078 5
31078 27
31078 12
31078 14
31078 30
31078 1
31078 23
31078 1
31078 30
31078 27
31078 10
31078 27
31078 10
31078 5
31179 12
31179 13
31179 30
31179 12
31179 2
31179 7
31179 29
31179 14
31179 16
31179 32
31179 3
31179 25
31179 3
31179 32
31179 29
31179 12
31179 29
31179 12
31179 7
31279 13
31279 14
31279 31
31279 13
31279 3
31279 8
31279 30
31279 15
31279 17
31279 0
31279 4
31279 26
31279 4
31279 0
31279 30
31279 13
31279 30
31279 13
31279 8
31379 14
31379 15
31379 32
31379 14
31379 4
31379 9
31379 31
31379 16
31379 18
31379 1
31379 5
31379 27
31379 5
31379 1
31379 31
31379 14
31379 31
31379 14
31379 9
31478 14
31478 15
31478 32
31478 14
31478 4
31478 9
31478 31
31478 16
31478 18
31478 1
31478 5
31478 27
31478 5
31478 1
31478 31
31478 14
31478 31
31478 14
31478 9
31579 16
31579 17
31579 1
31579 16
31579 6
31579 11
31579 0
31579 18
31579 20
31579 3
31579 7
31579 29
31579 7
31579 3
31579 0
31579 16
31579 0
31579 16
31579 11
31679 17
31679 18
31679 2
31679 17
31679 7
31679 12
31679 1
31679 19
31679 21
31679 4
31679 8
31679 30
31679 8
31679 4
31679 1
31679 17
31679 1
31679 17
31679 12
31779 18
31779 19
31779 3
31779 18
31779 8
31779 13
31779 2
31779 20
31779 22
31779 5
31779 9
31779 31
31779 5
31779 2
31779 18
31779 2
31779 18
31779 13
31879 19
31879 20
31879 4
31879 19
31879 9
31879 14
31879 3
31879 21
31879 23
31879 6
31879 10
31879 32
31879 6
31879 3
31879 19
31879 3
31879 19
31879 14
31980 21
31980 22
31980 6
31980 21
31980 11
31980 16
31980 5
31980 23
31980 25
31980 8
31980 12
31980 1
31980 8
31980 5
31980 21
31980 5
31980 21
31980 16
32079 21
32079 22
32079 6
32079 21
32079 11
32079 16
32079 5
32079 23
32079 25
32079 8
32079 12
32079 1
32079 8
32079 5
32079 21
32079 5
32079 21
32079 16
32179 22
32179 23
32179 7
32179 22
32179 12
32179 17
32179 6
32179 24
32179 26
32179 9
32179 13
32179 2
32179 9
32179 6
32179 22
32179 6
32179 22
32179 17
32279 23
32279 24
32279 8
32279 23
32279 13
32279 18
32279 7
32279 25
32279 27
32279 10
32279 14
32279 3
32279 10
32279 7
32279 23
32279 7
32279 23
32279 18
32379 24
32379 25
32379 9
32379 24
32379 14
32379 19
32379 8
32379 26
32379 28
32379 11
32379 15
32379 4
32379 11
32379 8
32379 24
32379 8
32379 24
32379 19
32480 26
32480 27
32480 11
32480 26
32480 16
32480 21
32480 10
32480 28
32480 30
32480 13
32480 17
32480 6
32480 13
32480 10
32480 26
32480 10
32480 26
32480 21
32580 27
32580 28
32580 12
32580 27
32580 17
32580 22
32580 11
32580 29
32580 31
32580 14
32580 18
32580 7
32580 14
32580 11
32580 27
32580 11
32580 27
32580 22
32679 27
32679 28
32679 12
32679 27
32679 17
32679 22
32679 11
32679 29
32679 31
32679 14
32679 18
32679 7
32679 14
32679 11
32679 27
32679 11
32679 27
32679 22
32780 29
32780 30
32780 14
32780 29
32780 19
32780 24
32780 13
32780 31
32780 0
32780 16
32780 20
32780 9
32780 16
32780 13
32780 29
32780 13
32780 29
32780 24
32880 30
32880 31
32880 15
32880 30
32880 20
32880 25
32880 14
32880 32
32880 1
32880 17
32880 21
32880 10
32880 17
32880 14
32880 30
32880 14
32880 30
32880 25
32979 30
32979 31
32979 15
32979 30
32979 20
32979 25
32979 14
32979 32
32979 1
32979 17
32979 21
32979 10
32979 17
32979 14
32979 30
32979 14
32979 30
32979 25
33086 5
33086 6
33086 23
33086 5
33086 28
33086 0
33086 22
33086 7
33086 9
33086 25
33086 29
33086 18
33086 25
33086 22
33086 5
33086 22
33086 5
33086 0
33180 0
33180 1
33180 18
33180 0
33180 23
33180 28
33180 17
33180 2
33180 4
33180 20
33180 24
33180 13
33180 20
33180 17
33180 0
33180 17
33180 0
33180 28
33280 1
33280 2
33280 19
33280 1
33280 24
33280 29
33280 18
33280 3
33280 5
33280 21
33280 25
33280 14
33280 21
33280 18
33280 1
33280 18
33280 1
33280 29
33379 1
33379 2
33379 19
33379 1
33379 24
33379 29
33379 18
33379 3
33379 5
33379 21
33379 25
33379 14
33379 21
33379 18
33379 1
33379 18
33379 1
33379 29
33480 3
33480 4
33480 21
33480 3
33480 26
33480 31
33480 20
33480 5
33480 7
33480 23
33480 27
33480 16
33480 23
33480 20
33480 3
33480 20
33480 3
33480 31
33580 4
33580 5
33580 22
33580 4
33580 27
33580 32
33580 21
33580 6
33580 8
33580 24
33580 28
33580 17
33580 24
33580 21
33580 4
33580 21
33580 4
33580 32
33679 4
33679 5
33679 22
33679 4
33679 27
33679 32
33679 21
33679 6
33679 8
33679 24
33679 28
33679 17
33679 24
33679 21
33679 4
33679 21
33679 4
33679 32
33780 6
33780 7
33780 24
33780 6
33780 29
33780 1
33780 23
33780 8
33780 10
33780 26
33780 30
33780 19
33780 26
33780 23
33780 6
33780 23
33780 6
33780 1
33879 6
33879 7
33879 24
33879 6
33879 29
33879 1
33879 23
33879 8
33879 10
33879 26
33879 30
33879 19
33879 26
33879 23
33879 6
33879 23
33879 6
33879 1
33980 8
33980 9
33980 26
33980 8
33980 31
33980 3
33980 25
33980 10
33980 12
33980 28
33980 32
33980 21
33980 28
33980 25
33980 8
33980 25
33980 8
33980 3
34080 9
34080 10
34080 27
34080 9
34080 32
34080 4
34080 26
34080 11
34080 13
34080 29
34080 0
34080 22
34080 29
34080 26
34080 9
34080 26
34080 9
34080 4
34180 10
34180 11
34180 28
34180 10
34180 0
34180 5
34180 27
34180 12
34180 14
34180 30
34180 1
34180 23
34180 30
34180 27
34180 10
34180 27
34180 10
34180 5
34280 11
34280 12
34280 29
34280 11
34280 1
34280 6
34280 28
34280 13
34280 15
34280 31
34280 2
34280 24
34280 31
34280 28
34280 11
34280 28
34280 11
34280 6
34380 12
34380 13
34380 30
34380 12
34380 2
34380 7
34380 29
34380 14
34380 16
34380 32
34380 3
34380 25
34380 32
34380 29
34380 12
34380 29
34380 12
34380 7
34479 12
34479 13
34479 30
34479 12
34479 2
34479 7
34479 29
34479 14
34479 16
34479 32
34479 3
34479 25
34479 32
34479 29
34479 12
34479 29
34479 12
34479 7
34579 13
34579 14
34579 31
34579 13
34579 3
34579 8
34579 30
34579 15
34579 17
34579 0
34579 4
34579 26
34579 0
34579 30
34579 13
34579 30
34579 13
34579 8
34679 14
34679 15
34679 32
34679 14
34679 4
34679 9
34679 31
34679 16
34679 18
34679 1
34679 5
34679 27
34679 1
34679 31
34679 14
34679 31
34679 14
34679 9
34779 15
34779 16
34779 0
34779 15
34779 5
34779 10
34779 32
34779 17
34779 19
34779 2
34779 6
34779 28
34779 2
34779 32
34779 15
34779 32
34779 15
34779 10
34879 16
34879 17
34879 1
34879 16
34879 6
34879 11
34879 0
34879 18
34879 20
34879 3
34879 7
34879 29
34879 3
34879 0
34879 16
34879 0
34879 16
34879 11
34979 17
34979 18
34979 2
34979 17
34979 7
34979 12
34979 1
34979 19
34979 21
34979 4
34979 8
34979 30
34979 4
34979 1
34979 17
34979 1
34979 17
34979 12
35080 19
35080 20
35080 4
35080 19
35080 9
35080 14
35080 3
35080 21
35080 23
35080 6
35080 10
35080 32
35080 6
35080 3
35080 19
35080 3
35080 19
35080 14
35180 20
35180 21
35180 5
35180 20
35180 10
35180 15
35180 4
35180 22
35180 24
35180 7
35180 11
35180 0
35180 7
35180 4
35180 20
35180 4
35180 20
35180 15
35279 20
35279 21
35279 5
35279 20
35279 10
35279 15
35279 4
35279 22
35279 24
35279 7
35279 11
35279 0
35279 7
35279 4
35279 20
35279 4
35279 20
35279 15
35380 22
35380 23
35380 7
35380 22
35380 12
35380 17
35380 6
35380 24
35380 26
35380 9
35380 13
35380 2
35380 9
35380 6
35380 22
35380 6
35380 22
35380 17
35480 23
35480 24
35480 8
35480 23
35480 13
35480 18
35480 7
35480 25
35480 27
35480 10
35480 14
35480 3
35480 10
35480 7
35480 23
35480 7
35480 23
35480 18
35579 23
35579 24
35579 8
35579 23
35579 13
35579 18
35579 7
35579 25
35579 27
35579 10
35579 14
35579 3
35579 10
35579 7
35579 23
35579 7
35579 23
35579 18
35680 25
35680 26
35680 10
35680 25
35680 15
35680 20
35680 9
35680 27
35680 29
35680 12
35680 16
35680 5
35680 12
35680 9
35680 25
35680 9
35680 25
35680 20
35779 25
35779 26
35779 10
35779 25
35779 15
35779 20
35779 9
35779 27
35779 29
35779 12
35779 16
35779 5
35779 12
35779 9
35779 25
35779 9
35779 25
35779 20
35879 26
35879 27
35879 11
35879 26
35879 16
35879 21
35879 28
35879 30
35879 13
35879 17
35879 6
35879 13
35879 10
35879 26
35879 10
35879 26
35879 21
35979 27
35979 28
35979 12
35979 27
35979 17
35979 22
35979 29
35979 31
35979 14
35979 18
35979 7
35979 14
35979 11
35979 27
35979 11
35979 27
35979 22
36079 28
36079 29
36079 13
36079 28
36079 18
36079 23
36079 30
36079 32
36079 15
36079 19
36079 8
36079 15
36079 12
36079 28
36079 12
36079 28
36079 23
36179 29
36179 30
36179 14
36179 29
36179 19
36179 24
36179 31
36179 0
36179 16
36179 20
36179 9
36179 16
36179 13
36179 29
36179 13
36179 29
36179 24
36279 30
36279 31
36279 15
36279 30
36279 20
36279 25
36279 32
36279 1
36279 17
36279 21
36279 10
36279 17
36279 14
36279 30
36279 14
36279 30
36279 25
36379 31
36379 32
36379 16
36379 31
36379 21
36379 26
36379 0
36379 2
36379 18
36379 22
36379 11
36379 18
36379 15
36379 31
36379 15
36379 31
36379 26
36479 32
36479 0
36479 17
36479 32
36479 22
36479 27
36479 1
36479 3
36479 19
36479 23
36479 12
36479 19
36479 16
36479 32
36479 16
36479 32
36479 27
36579 0
36579 1
36579 18
36579 0
36579 23
36579 28
36579 2
36579 4
36579 20
36579 24
36579 13
36579 20
36579 17
36579 0
36579 17
36579 0
36579 28
36679 1
36679 2
36679 19
36679 1
36679 24
36679 29
36679 3
36679 5
36679 21
36679 25
36679 14
36679 21
36679 18
36679 1
36679 18
36679 1
36679 29
36779 2
36779 3
36779 20
36779 2
36779 25
36779 30
36779 4
36779 6
36779 22
36779 26
36779 15
36779 22
36779 19
36779 2
36779 19
36779 2
36779 30
36879 3
36879 4
36879 21
36879 3
36879 26
36879 31
36879 5
36879 7
36879 27
36879 16
36879 23
36879 20
36879 3
36879 20
36879 3
36879 31
36979 4
36979 5
36979 22
36979 4
36979 27
36979 32
36979 6
36979 8
36979 28
36979 17
36979 24
36979 21
36979 4
36979 21
36979 4
36979 32
37079 5
37079 6
37079 23
37079 5
37079 28
37079 0
37079 7
37079 9
37079 29
37079 18
37079 25
37079 22
37079 5
37079 22
37079 5
37079 0
37179 6
37179 7
37179 24
37179 6
37179 29
37179 1
37179 8
37179 10
37179 30
37179 19
37179 26
37179 23
37179 6
37179 23
37179 6
37179 1
37279 7
37279 8
37279 25
37279 7
37279 30
37279 2
37279 9
37279 11
37279 31
37279 20
37279 27
37279 24
37279 7
37279 24
37279 7
37279 2
37379 8
37379 9
37379 26
37379 8
37379 31
37379 3
37379 10
37379 12
37379 32
37379 21
37379 28
37379 25
37379 8
37379 25
37379 8
37379 3
37479 9
37479 10
37479 27
37479 9
37479 32
37479 4
37479 11
37479 13
37479 0
37479 22
37479 29
37479 26
37479 9
37479 26
37479 9
37479 4
37579 10
37579 11
37579 28
37579 10
37579 0
37579 5
37579 12
37579 14
37579 1
37579 23
37579 30
37579 27
37579 10
37579 27
37579 10
37579 5
37679 11
37679 12
37679 29
37679 11
37679 1
37679 6
37679 13
37679 15
37679 2
37679 24
37679 31
37679 28
37679 11
37679 28
37679 11
37679 6
37779 12
37779 13
37779 30
37779 12
37779 2
37779 7
37779 14
37779 16
37779 3
37779 25
37779 32
37779 29
37779 12
37779 29
37779 12
37779 7
37879 13
37879 14
37879 31
37879 13
37879 3
37879 8
37879 15
37879 17
37879 4
37879 26
37879 0
37879 30
37879 13
37879 30
37879 13
37879 8
37979 14
37979 15
37979 32
37979 14
37979 4
37979 9
37979 16
37979 18
37979 5
37979 27
37979 1
37979 31
37979 14
37979 31
37979 14
37979 9
38079 15
38079 16
38079 0
38079 15
38079 5
38079 10
38079 17
38079 19
38079 6
38079 28
38079 2
38079 32
38079 15
38079 32
38079 15
38079 10
38179 16
38179 17
38179 1
38179 16
38179 6
38179 11
38179 18
38179 20
38179 7
38179 29
38179 3
38179 0
38179 16
38179 0
38179 16
38179 11
38279 17
38279 18
38279 2
38279 17
38279 7
38279 12
38279 19
38279 21
38279 8
38279 30
38279 4
38279 1
38279 17
38279 1
38279 17
38279 12
38379 18
38379 19
38379 3
38379 18
38379 8
38379 13
38379 20
38379 22
38379 9
38379 31
38379 5
38379 2
38379 18
38379 2
38379 18
38379 13
38479 19
38479 20
38479 4
38479 19
38479 9
38479 14
38479 21
38479 23
38479 10
38479 32
38479 6
38479 3
38479 19
38479 3
38479 19
38479 14
38579 20
38579 21
38579 5
38579 20
38579 10
38579 15
38579 22
38579 24
38579 11
38579 0
38579 7
38579 4
38579 20
38579 4
38579 20
38579 15
38679 21
38679 22
38679 6
38679 21
38679 11
38679 16
38679 23
38679 25
38679 12
38679 1
38679 8
38679 5
38679 21
38679 5
38679 21
38679 16
38779 22
38779 23
38779 7
38779 22
38779 12
38779 17
38779 24
38779 26
38779 13
38779 2
38779 9
38779 6
38779 22
38779 6
38779 22
38779 17
38879 23
38879 24
38879 8
38879 23
38879 13
38879 18
38879 25
38879 27
38879 14
38879 3
38879 10
38879 7
38879 23
38879 7
38879 23
38879 18
38979 24
38979 25
38979 9
38979 24
38979 14
38979 19
38979 26
38979 28
38979 15
38979 4
38979 11
38979 8
38979 24
38979 8
38979 24
38979 19
39079 25
39079 26
39079 10
39079 25
39079 15
39079 20
39079 27
39079 29
39079 16
39079 5
39079 12
39079 9
39079 25
39079 9
39079 25
39079 20
39179 26
39179 27
39179 11
39179 26
39179 16
39179 21
39179 28
39179 30
39179 17
39179 6
39179 13
39179 10
39179 26
39179 10
39179 26
39179 21
39279 27
39279 28
39279 12
39279 27
39279 17
39279 22
39279 29
39279 31
39279 18
39279 7
39279 14
39279 11
39279 27
39279 11
39279 27
39279 22
39379 28
39379 29
39379 13
39379 28
39379 23
39379 30
39379 32
39379 19
39379 8
39379 15
39379 12
39379 28
39379 12
39379 28
39379 23
39479 29
39479 30
39479 14
39479 29
39479 24
39479 31
39479 0
39479 20
39479 9
39479 16
39479 13
39479 29
39479 13
39479 29
39479 24
39579 30
39579 31
39579 15
39579 30
39579 25
39579 32
39579 1
39579 21
39579 10
39579 17
39579 14
39579 30
39579 14
39579 30
39579 25
39679 31
39679 32
39679 16
39679 31
39679 26
39679 0
39679 2
39679 22
39679 11
39679 18
39679 15
39679 31
39679 15
39679 31
39679 26
39779 32
39779 0
39779 17
39779 32
39779 27
39779 1
39779 3
39779 23
39779 12
39779 19
39779 16
39779 32
39779 16
39779 32
39779 27
39879 0
39879 1
39879 18
39879 0
39879 28
39879 2
39879 4
39879 24
39879 13
39879 20
39879 17
39879 0
39879 17
39879 0
39879 28
39979 1
39979 2
39979 19
39979 1
39979 29
39979 3
39979 5
39979 25
39979 14
39979 21
39979 18
39979 1
39979 18
39979 1
39979 29
40079 2
40079 3
40079 20
40079 2
40079 30
40079 4
40079 6
40079 26
40079 15
40079 22
40079 19
40079 2
40079 19
40079 2
40079 30
40179 3
40179 4
40179 21
40179 3
40179 31
40179 5
40179 7
40179 27
40179 16
40179 23
40179 20
40179 3
40179 20
40179 3
40179 31
40279 4
40279 5
40279 22
40279 4
40279 32
40279 6
40279 8
40279 28
40279 17
40279 24
40279 21
40279 4
40279 21
40279 4
40279 32
40379 5
40379 6
40379 23
40379 5
40379 0
40379 7
40379 9
40379 29
40379 18
40379 25
40379 22
40379 5
40379 22
40379 5
40379 0
40480 7
40480 8
40480 25
40480 7
40480 2
40480 9
40480 11
40480 31
40480 20
40480 27
40480 24
40480 7
40480 24
40480 7
40480 2
40579 7
40579 8
40579 25
40579 7
40579 2
40579 9
40579 11
40579 31
40579 20
40579 27
40579 24
40579 7
40579 24
40579 7
40579 2
40679 8
40679 9
40679 26
40679 8
40679 3
40679 10
40679 12
40679 32
40679 21
40679 28
40679 25
40679 8
40679 25
40679 8
40679 3
40779 9
40779 10
40779 27
40779 9
40779 4
40779 11
40779 13
40779 0
40779 22
40779 29
40779 26
40779 9
40779 26
40779 9
40779 4
40879 10
40879 11
40879 28
40879 10
40879 5
40879 12
40879 14
40879 1
40879 23
40879 30
40879 27
40879 10
40879 27
40879 10
40879 5
40979 11
40979 12
40979 29
40979 11
40979 6
40979 13
40979 15
40979 2
40979 24
40979 31
40979 28
40979 11
40979 28
40979 11
40979 6
41079 12
41079 13
41079 30
41079 12
41079 7
41079 14
41079 16
41079 3
41079 25
41079 32
41079 29
41079 12
41079 29
41079 12
41079 7
41179 13
41179 14
41179 31
41179 13
41179 8
41179 15
41179 17
41179 4
41179 26
41179 0
41179 30
41179 13
41179 30
41179 13
41179 8
41279 14
41279 15
41279 32
41279 14
41279 9
41279 16
41279 18
41279 5
41279 27
41279 1
41279 31
41279 14
41279 31
41279 14
41279 9
41378 14
41378 15
41378 32
41378 14
41378 9
41378 16
41378 18
41378 5
41378 27
41378 1
41378 31
41378 14
41378 31
41378 14
41378 9
41478 15
41478 16
41478 0
41478 15
41478 10
41478 17
41478 19
41478 6
41478 28
41478 2
41478 32
41478 15
41478 32
41478 15
41478 10
41579 17
41579 18
41579 2
41579 17
41579 12
41579 19
41579 21
41579 8
41579 30
41579 4
41579 1
41579 17
41579 1
41579 17
41579 12
41679 18
41679 19
41679 3
41679 18
41679 13
41679 20
41679 22
41679 9
41679 31
41679 5
41679 2
41679 18
41679 2
41679 18
41679 13
41779 19
41779 20
41779 4
41779 19
41779 14
41779 21
41779 23
41779 10
41779 32
41779 6
41779 3
41779 19
41779 3
41779 19
41779 14
41879 20
41879 21
41879 5
41879 20
41879 15
41879 22
41879 24
41879 11
41879 0
41879 7
41879 4
41879 20
41879 4
41879 20
41879 15
41979 21
41979 22
41979 6
41979 21
41979 16
41979 23
41979 25
41979 12
41979 1
41979 8
41979 5
41979 21
41979 5
41979 21
41979 16
42079 22
42079 23
42079 7
42079 22
42079 17
42079 24
42079 26
42079 13
42079 2
42079 9
42079 6
42079 22
42079 6
42079 22
42079 17
42179 23
42179 24
42179 8
42179 23
42179 18
42179 25
42179 27
42179 14
42179 3
42179 10
42179 7
42179 23
42179 7
42179 23
42179 18
42279 24
42279 25
42279 9
42279 24
42279 19
42279 26
42279 28
42279 15
42279 4
42279 11
42279 8
42279 24
42279 8
42279 24
42279 19
42379 25
42379 26
42379 10
42379 25
42379 20
42379 27
42379 29
42379 16
42379 5
42379 12
42379 9
42379 25
42379 9
42379 25
42379 20
42478 25
42478 26
42478 10
42478 25
42478 20
42478 27
42478 29
42478 16
42478 5
42478 12
42478 9
42478 25
42478 9
42478 25
42478 20
42580 28
42580 29
42580 13
42580 28
42580 23
42580 30
42580 32
42580 19
42580 8
42580 15
42580 12
42580 28
42580 12
42580 28
42580 23
42679 28
42679 29
42679 13
42679 28
42679 23
42679 30
42679 32
42679 19
42679 8
42679 15
42679 12
42679 28
42679 28
42679 23
42780 30
42780 31
42780 15
42780 30
42780 25
42780 32
42780 1
42780 21
42780 10
42780 17
42780 14
42780 30
42780 30
42780 25
42879 30
42879 31
42879 15
42879 30
42879 32
42879 1
42879 21
42879 10
42879 17
42879 14
42879 30
42879 30
42879 25
42980 32
42980 0
42980 17
42980 32
42980 1
42980 3
42980 23
42980 12
42980 19
42980 16
42980 32
42980 32
42980 27
43079 32
43079 0
43079 17
43079 32
43079 1
43079 3
43079 23
43079 12
43079 19
43079 16
43079 32
43079 32
43079 27
43179 0
43179 1
43179 18
43179 0
43179 2
43179 4
43179 24
43179 13
43179 20
43179 17
43179 0
43179 0
43179 28
43279 1
43279 2
43279 19
43279 1
43279 3
43279 5
43279 25
43279 14
43279 21
43279 18
43279 1
43279 1
43279 29
43379 2
43379 3
43379 20
43379 2
43379 4
43379 6
43379 26
43379 15
43379 22
43379 19
43379 2
43379 2
43379 30
43479 3
43479 4
43479 21
43479 3
43479 5
43479 7
43479 27
43479 16
43479 23
43479 20
43479 3
43479 3
43479 31
43579 4
43579 5
43579 22
43579 4
43579 6
43579 8
43579 28
43579 17
43579 24
43579 21
43579 4
43579 4
43579 32
43679 5
43679 6
43679 23
43679 5
43679 7
43679 9
43679 29
43679 18
43679 25
43679 22
43679 5
43679 5
43679 0
43779 6
43779 24
43779 6
43779 8
43779 10
43779 30
43779 19
43779 26
43779 23
43779 6
43779 6
43779 1
43879 7
43879 25
43879 7
43879 9
43879 11
43879 31
43879 20
43879 27
43879 24
43879 7
43879 7
43879 2
43979 8
43979 26
43979 8
43979 10
43979 12
43979 32
43979 21
43979 28
43979 25
43979 8
43979 8
43979 3
44079 9
44079 27
44079 9
44079 11
44079 13
44079 0
44079 22
44079 29
44079 26
44079 9
44079 9
44079 4
44179 10
44179 28
44179 10
44179 12
44179 14
44179 1
44179 23
44179 30
44179 27
44179 10
44179 10
44179 5
44279 11
44279 29
44279 11
44279 13
44279 15
44279 2
44279 24
44279 31
44279 28
44279 11
44279 11
44279 6
44379 12
44379 30
44379 12
44379 14
44379 16
44379 3
44379 25
44379 32
44379 29
44379 45
44379 12
44379 7
44479 13
44479 31
44479 13
44479 15
44479 17
44479 4
44479 26
44479 0
44479 30
44479 13
44479 13
44479 8
44580 15
44580 0
44580 15
44580 17
44580 19
44580 6
44580 28
44580 2
44580 32
44580 15
44580 15
44580 10
44679 15
44679 0
44679 15
44679 17
44679 19
44679 6
44679 28
44679 2
44679 32
44679 15
44679 15
44679 10
44779 16
44779 1
44779 16
44779 18
44779 20
44779 7
44779 29
44779 3
44779 0
44779 16
44779 16
44779 11
44879 17
44879 2
44879 17
44879 19
44879 21
44879 8
44879 30
44879 4
44879 1
44879 17
44879 17
44879 12
44979 18
44979 3
44979 18
44979 20
44979 22
44979 9
44979 31
44979 5
44979 2
44979 18
44979 18
44979 13
45079 19
45079 4
45079 19
45079 21
45079 23
45079 10
45079 32
45079 6
45079 3
45079 19
45079 19
45079 14
45179 20
45179 5
45179 20
45179 22
45179 24
45179 11
45179 0
45179 7
45179 4
45179 20
45179 20
45179 15
45279 21
45279 6
45279 21
45279 23
45279 25
45279 12
45279 1
45279 8
45279 5
45279 21
45279 21
45279 16
45379 22
45379 7
45379 22
45379 24
45379 26
45379 13
45379 2
45379 9
45379 6
45379 22
45379 22
45379 17
45479 23
45479 8
45479 23
45479 25
45479 27
45479 14
45479 3
45479 10
45479 7
45479 23
45479 23
45479 18
45579 24
45579 9
45579 24
45579 26
45579 28
45579 15
45579 4
45579 11
45579 8
45579 24
45579 24
45579 19
45679 25
45679 10
45679 25
45679 27
45679 29
45679 16
45679 5
45679 12
45679 9
45679 25
45679 25
45679 20
45779 26
45779 11
45779 26
45779 28
45779 30
45779 17
45779 13
45779 10
45779 26
45779 26
45779 21
45879 27
45879 12
45879 27
45879 29
45879 31
45879 18
45879 14
45879 11
45879 27
45879 27
45879 22
45978 12
45978 27
45978 29
45978 31
45978 18
45978 14
45978 11
45978 27
45978 27
45978 22
46079 14
46079 29
46079 31
46079 0
46079 20
46079 16
46079 13
46079 29
46079 29
46079 24
46179 15
46179 30
46179 32
46179 1
46179 21
46179 17
46179 14
46179 30
46179 30
46179 25
46279 16
46279 31
46279 0
46279 2
46279 22
46279 18
46279 15
46279 31
46279 31
46279 26
46379 17
46379 32
46379 1
46379 3
46379 23
46379 19
46379 16
46379 32
46379 32
46379 27
46482 21
46482 3
46482 5
46482 7
46482 27
46482 23
46482 20
46482 3
46482 3
46482 31
46579 19
46579 1
46579 3
46579 5
46579 25
46579 21
46579 1
46579 1
46579 29
46678 19
46678 1
46678 3
46678 5
46678 25
46678 21
46678 1
46678 1
46678 29
46779 21
46779 3
46779 5
46779 7
46779 27
46779 23
46779 3
46779 3
46779 31
46879 22
46879 4
46879 6
46879 8
46879 28
46879 24
46879 4
46879 4
46879 32
46979 23
46979 5
46979 7
46979 9
46979 29
46979 25
46979 5
46979 5
46979 0
47079 24
47079 6
47079 8
47079 10
47079 30
47079 26
47079 6
47079 6
47079 1
47179 25
47179 7
47179 9
47179 11
47179 31
47179 27
47179 7
47179 7
47179 2
47279 26
47279 8
47279 10
47279 12
47279 32
47279 28
47279 8
47279 8
47279 3
47380 28
47380 10
47380 12
47380 14
47380 1
47380 30
47380 10
47380 10
47380 5
47479 28
47479 10
47479 12
47479 14
47479 1
47479 30
47479 10
47479 10
47479 5
47582 32
47582 14
47582 16
47582 18
47582 5
47582 1
47582 14
47582 14
47582 9
47679 30
47679 12
47679 14
47679 16
47679 3
47679 32
47679 12
47679 12
47679 7
47779 31
47779 13
47779 15
47779 17
47779 4
47779 0
47779 13
47779 13
47779 8
47879 32
47879 14
47879 16
47879 18
47879 5
47879 1
47879 14
47879 14
47879 9
47979 0
47979 15
47979 17
47979 19
47979 6
47979 2
47979 15
47979 15
47979 10
48079 1
48079 16
48079 18
48079 20
48079 7
48079 3
48079 16
48079 16
48079 11
48179 2
48179 17
48179 19
48179 21
48179 8
48179 4
48179 17
48179 17
48179 12
48279 3
48279 18
48279 20
48279 22
48279 9
48279 5
48279 18
48279 18
48279 13
48379 4
48379 19
48379 21
48379 23
48379 10
48379 6
48379 19
48379 19
48379 14
48479 5
48479 20
48479 22
48479 24
48479 11
48479 7
48479 20
48479 20
48479 15
48579 6
48579 21
48579 23
48579 25
48579 12
48579 8
48579 21
48579 21
48579 16
48679 7
48679 22
48679 24
48679 26
48679 13
48679 9
48679 22
48679 22
48679 17
48779 8
48779 23
48779 25
48779 27
48779 14
48779 10
48779 23
48779 23
48779 18
48878 8
48878 23
48878 25
48878 27
48878 14
48878 23
48878 23
48878 18
48979 10
48979 25
48979 27
48979 29
48979 16
48979 25
48979 25
48979 20
49079 11
49079 26
49079 28
49079 30
49079 17
49079 26
49079 26
49079 21
49179 12
49179 27
49179 29
49179 31
49179 18
49179 27
49179 27
49179 22
49279 13
49279 28
49279 30
49279 32
49279 19
49279 28
49279 28
49279 23
49379 14
49379 29
49379 31
49379 0
49379 20
49379 29
49379 29
49379 24
49479 15
49479 30
49479 32
49479 1
49479 21
49479 30
49479 30
49479 25
49579 16
49579 31
49579 2
49579 22
49579 31
49579 31
49579 26
49679 17
49679 32
49679 3
49679 23
49679 32
49679 32
49679 27
49779 18
49779 0
49779 4
49779 24
49779 0
49779 0
49779 28
49879 19
49879 1
49879 5
49879 25
49879 1
49879 1
49879 29
49979 20
49979 2
49979 6
49979 26
49979 2
49979 2
49979 30
50079 21
50079 3
50079 7
50079 27
50079 3
50079 3
50079 31
50179 22
50179 4
50179 8
50179 28
50179 4
50179 4
50179 32
50279 23
50279 5
50279 9
50279 29
50279 5
50279 5
50279 0
50379 24
50379 6
50379 10
50379 30
50379 6
50379 6
50379 1
50479 25
50479 7
50479 11
50479 31
50479 7
50479 7
50479 2
50579 26
50579 8
50579 12
50579 32
50579 8
50579 8
50579 3
50679 27
50679 9
50679 13
50679 0
50679 9
50679 9
50679 4
50779 28
50779 10
50779 14
50779 1
50779 10
50779 10
50779 5
50880 30
50880 12
50880 16
50880 3
50880 12
50880 12
50880 7
50978 29
50978 11
50978 15
50978 2
50978 11
50978 11
50978 6
51079 31
51079 13
51079 17
51079 4
51079 13
51079 13
51079 8
51179 32
51179 14
51179 18
51179 5
51179 14
51179 14
51179 9
51279 0
51279 15
51279 19
51279 6
51279 15
51279 15
51279 10
51379 1
51379 16
51379 20
51379 7
51379 16
51379 16
51379 11
51480 3
51480 18
51480 22
51480 9
51480 18
51480 18
51480 13
51579 3
51579 18
51579 22
51579 9
51579 18
51579 18
51579 13
51679 4
51679 19
51679 23
51679 10
51679 19
51679 19
51679 14
51779 5
51779 20
51779 24
51779 11
51779 20
51779 20
51779 15
51879 6
51879 21
51879 25
51879 12
51879 21
51879 21
51879 16
51979 7
51979 22
51979 26
51979 13
51979 22
51979 22
51979 17
52079 8
52079 23
52079 27
52079 14
52079 23
52079 23
52079 18
52179 9
52179 24
52179 28
52179 15
52179 24
52179 24
52179 19
52279 10
52279 25
52279 29
52279 16
52279 25
52279 25
52279 20
52379 11
52379 26
52379 30
52379 17
52379 26
52379 26
52379 21
52479 12
52479 27
52479 31
52479 18
52479 27
52479 27
52479 22
52579 13
52579 28
52579 32
52579 19
52579 28
52579 28
52579 23
52679 14
52679 29
52679 0
52679 20
52679 29
52679 29
52679 24
52779 15
52779 30
52779 1
52779 21
52779 30
52779 30
52779 25
52879 16
52879 31
52879 2
52879 22
52879 31
52879 31
52879 26
52979 17
52979 32
52979 3
52979 23
52979 32
52979 32
52979 27
53078 17
53078 32
53078 3
53078 23
53078 32
53078 32
53078 27
53179 19
53179 1
53179 5
53179 25
53179 1
53179 1
53179 29
53279 20
53279 2
53279 6
53279 26
53279 2
53279 2
53279 30
53379 21
53379 3
53379 7
53379 27
53379 3
53379 3
53379 31
53479 22
53479 4
53479 8
53479 28
53479 4
53479 4
53479 32
53579 23
53579 5
53579 9
53579 29
53579 5
53579 5
53579 0
53679 24
53679 6
53679 10
53679 30
53679 6
53679 6
53679 1
53780 26
53780 8
53780 12
53780 32
53780 8
53780 8
53780 3
53879 26
53879 8
53879 12
53879 32
53879 8
53879 8
53879 3
53979 27
53979 9
53979 13
53979 0
53979 9
53979 9
53979 4
54079 28
54079 10
54079 14
54079 1
54079 10
54079 5
54179 29
54179 11
54179 15
54179 2
54179 11
54179 6
54280 31
54280 13
54280 17
54280 4
54280 13
54280 8
54379 31
54379 13
54379 17
54379 4
54379 13
54379 8
54479 32
54479 14
54479 18
54479 5
54479 14
54479 9
54579 0
54579 15
54579 19
54579 6
54579 15
54579 10
54678 0
54678 15
54678 19
54678 6
54678 15
54678 10
54778 1
54778 16
54778 20
54778 7
54778 16
54778 11
54879 3
54879 18
54879 22
54879 9
54879 18
54879 13
54979 4
54979 19
54979 23
54979 10
54979 19
54979 14
55079 5
55079 20
55079 24
55079 11
55079 20
55079 15
55179 6
55179 21
55179 25
55179 12
55179 21
55179 16
55279 7
55279 22
55279 26
55279 13
55279 22
55279 17
55379 8
55379 23
55379 27
55379 14
55379 23
55379 18
55479 9
55479 24
55479 28
55479 15
55479 24
55479 19
55578 9
55578 24
55578 28
55578 15
55578 24
55578 19
55679 11
55679 26
55679 30
55679 17
55679 26
55679 21
55779 12
55779 27
55779 31
55779 18
55779 27
55779 22
55879 13
55879 28
55879 32
55879 19
55879 28
55879 23
55979 14
55979 29
55979 0
55979 20
55979 29
55979 24
56079 15
56079 30
56079 1
56079 21
56079 30
56079 25
56179 16
56179 31
56179 2
56179 22
56179 31
56179 26
56279 17
56279 32
56279 3
56279 23
56279 32
56279 27
56379 18
56379 0
56379 4
56379 24
56379 0
56379 28
56479 19
56479 1
56479 5
56479 25
56479 1
56479 29
56579 20
56579 2
56579 6
56579 26
56579 2
56579 30
56679 21
56679 3
56679 7
56679 27
56679 3
56679 31
56779 22
56779 4
56779 8
56779 28
56779 4
56779 32
56879 23
56879 5
56879 9
56879 29
56879 5
56879 0
56979 24
56979 6
56979 10
56979 30
56979 6
57082 28
57082 10
57082 14
57082 1
57082 10
57179 8
57179 12
57179 32
57179 8
57279 9
57279 13
57279 0
57279 9
57379 10
57379 14
57379 1
57379 10
57479 11
57479 15
57479 2
57479 11
57579 12
57579 16
57579 3
57579 12
57679 13
57679 17
57679 4
57679 13
57779 14
57779 18
57779 5
57779 14
57879 15
57879 19
57879 6
57879 15
57979 16
57979 20
57979 7
57979 16
58079 17
58079 21
58079 8
58079 17
58179 18
58179 22
58179 9
58179 18
58279 19
58279 23
58279 10
58379 20
58379 24
58379 11
58479 21
58479 25
58479 12
58579 22
58579 26
58579 13
58679 23
58679 27
58679 14
58778 23
58778 27
58778 14
58879 25
58879 29
58879 16
58979 26
58979 30
58979 17
59079 27
59079 31
59079 18
59179 28
59179 32
59179 19
59279 29
59279 0
59279 20
59379 30
59379 1
59379 21
59479 31
59479 2
59479 22
59578 31
59578 2
59578 22
59679 0
59679 4
59679 24
59779 1
59779 5
59779 25
