15787 15383 16284 16836 16158 15523 15176 15185 15985 15105
15040 16601 16143 16465 16199 17021 14875 15702 15934 15850
16013 15735 15127 16601 15251 16254 15093 15668 14727 15203
15858 17311 16197 16982 14992 15628 15814 16709 15611 15704
14443 15446 16190 16737 16215 16162 16673 15977 16235 17000
16749 15099 16230 16687 16115 15932 16716 15391 16165 16341
16325 15917 15521 16788 15933 16042 16938 15868 15763 14605
16026 16958 17061 15135 15348 16167 15273 16511 16337 17704
15039 16007 16978 16399 15863 16160 16418 16657 16863 15817
16788 16030 16511 16080 16477 16279 15713 14153 16479 16104
16918 15529 16232 16437 16192 15433 16529 15446 15894 17241
16587 16004 14686 15123 16782 16130 16579 15872 16846 15554
15532 15630 16424 16081 15572 15601 15046 16919 16092 16486
16458 16154 16149 16007 17146 15608 15166 16904 15616 15368
17040 17067 16756 14914 15559 16212 15263 16100 16219 15727
16177 16559 15591 15086 16134 15703 16979 15279 15462 15485
15842 15040 16197 15852 15462 16626 15358 16220 15599 16045
16574 14891 15293 15425 16734 16564 16674 15090 14557 15783
15590 15326 17346 16611 17226 15654 16831 16557 15304 16239
16354 15638 15663 16169 16666 15830 15197 17473 15742 15496
15628 15419 17067 16285 15143 16499 17955 16254 16664 15773
16077 16754 16147 16186 16088 15606 15726 14424 16234 15296
15140 15426 16290 15928 15612 15992 15614 15466 16059 16046
16208 15392 16108 16690 15526 15715 16655 15908 15965 15246
17140 17059 16562 15391 16204 14989 17898 16321 15768 16154
16289 15815 14862 16640 16323 15224 16166 16216 16344 16813
15419 15195 16108 16425 16134 16866 16032 16575 16166 15597
16192 17208 17054 16340 17324 16407 17285 16346 15513 16547
16413 16043 16271 16077 16249 15332 19321 16741 16201 16056
15600 15169 15796 15481 16085 16452 16484 15609 16695 16504
16600 17170 14658 16338 14338 16465 17098 15561 17721 14820
16153 15021 16289 16613 16720 15532 16541 16705 16414 15888
15998 16004 16981 14731 16616 14984 17655 15948 16641 15295
16413 16194 16021 16342 16252 15496 16016 16686 15858 16067
16817 15252 17076 15514 16186 16723 18633 16319 15562 16869
15790 16231 16477 16088 15332 15537 16697 16340 16225 14531
16536 15082 14934 15633 15947 13762 18743 15422 15689 15774
16322 15667 16443 16171 15938 16287 16407 17099 16509 16421
16267 16222 17219 16731 15916 16433 18810 15926 14938 15897
15729 16641 15599 17081 16756 15526 16037 16621 16271 15878
15292 15767 16301 15914 15295 16182 17990 15069 16186 16697
15737 16647 15769 14855 16082 16224 16398 15380 15801 15626
16215 15648 15260 15590 16323 15884 17761 16008 15773 17626
15792 14165 15984 17273 15954 15888 16494 16547 15982 16323
16659 14535 15758 16242 15188 15584 17666 16526 16510 16333
15095 16443 16829 15544 15622 16266 17350 15544 15964 16125
15890 15721 15884 15405 16678 16257 17847 16362 15804 15881
15286 16983 16508 15504 17200 16069 15964 16175 15866 16307
16952 16469 16862 16423 16286 15085 17959 15457 15970 15287
16595 16536 15591 13752 15077 15155 15804 14665 15705 16856
16676 16083 16284 14556 15231 14567 17070 16098 16813 15863
17251 15988 14777 15879 16066 15701 15361 14203 17249 16367
14962 16200 15254 16263 16346 15534 18733 15786 16047 15799
15411 14912 15231 14808 15605 14869 16573 15377 16693 15398
15786 16151 15820 14735 15616 15787 18193 15871 15877 15958
16104 15239 15245 16098 16237 15782 16402 16488 15870 16332
14869 14958 16879 15371 16037 15671 18234 15620 15592 16568
15747 16094 15016 15266 15191 16126 15856 16630 15664 15296
16176 16032 15090 16198 16780 16686 17070 15075 16271 16075
16279 15706 15950 15350 16504 16405 16717 16560 15875 16173
