sde               0.00     1.21    0.00    2.42     0.00   155.03   127.94     0.01    2.96    1.91    2.96   0.41   0.10
sde               0.00     0.00    0.00    0.00     0.00     0.00     0.00     0.00    0.00    0.00    0.00   0.00   0.00
sde               0.00   398.00    0.00 1313.00     0.00 51492.00    78.43     0.74    0.55    0.00    0.55   0.36  47.60
sde               0.00   638.00    0.00 2370.00     0.00 85028.00    71.75     1.27    0.54    0.00    0.54   0.35  82.40
sde               0.00   640.00    0.00 2332.00     0.00 93568.00    80.25     1.31    0.56    0.00    0.56   0.37  85.60
sde               0.00   678.00    0.00 2334.00     0.00 94740.00    81.18     1.44    0.62    0.00    0.62   0.37  87.20
sde               0.00   620.00    0.00 2269.00     0.00 81596.00    71.92     1.28    0.57    0.00    0.57   0.38  85.20
sde               0.00   651.00    0.00 2262.00     0.00 93408.00    82.59     1.31    0.58    0.00    0.58   0.37  83.60
sde               0.00   637.00    0.00 2046.00     0.00 97292.00    95.10     1.32    0.65    0.00    0.65   0.39  80.80
sde               0.00   619.00    0.00 2170.00     0.00 80272.00    73.98     1.24    0.57    0.00    0.57   0.38  82.40
sde               0.00   660.00    0.00 2324.00     0.00 80896.00    69.62     1.23    0.53    0.00    0.53   0.36  84.80
sde               0.00   653.00    0.00 2297.00     0.00 78236.00    68.12     1.22    0.53    0.00    0.53   0.36  82.80
sde               0.00   657.00    0.00 2235.00     0.00 77564.00    69.41     1.31    0.59    0.00    0.59   0.39  87.60
sde               0.00   654.00    0.00 2341.00     0.00 78496.00    67.06     1.25    0.53    0.00    0.53   0.35  82.80
sde               0.00   671.00    0.00 2388.00     0.00 80984.00    67.83     1.32    0.56    0.00    0.56   0.36  86.40
sde               0.00   656.00    0.00 2290.00     0.00 78092.00    68.20     1.26    0.55    0.00    0.55   0.37  84.40
sde               0.00   702.00    0.00 2331.00     0.00 80724.00    69.26     1.20    0.51    0.00    0.51   0.36  84.00
sde               0.00   666.00    0.00 2286.00     0.00 79292.00    69.37     1.20    0.52    0.00    0.52   0.37  85.60
sde               0.00   668.00    0.00 2255.00     0.00 77284.00    68.54     1.10    0.49    0.00    0.49   0.38  85.20
sde               0.00   683.00    0.00 2297.00     0.00 80832.00    70.38     1.16    0.51    0.00    0.51   0.36  83.60
sde               0.00   690.00    0.00 2252.00     0.00 80460.00    71.46     1.09    0.48    0.00    0.48   0.36  80.80
sde               0.00   636.00    0.00 2186.00     0.00 75356.00    68.94     1.16    0.53    0.00    0.53   0.39  85.60
sde               0.00   670.00    0.00 2285.00     0.00 78156.00    68.41     1.17    0.51    0.00    0.51   0.38  86.00
sde               0.00   695.00    0.00 2310.00     0.00 78272.00    67.77     1.16    0.50    0.00    0.50   0.36  84.00
sde               0.00   660.00    0.00 2213.00     0.00 77964.00    70.46     1.14    0.52    0.00    0.52   0.39  86.40
sde               0.00   673.00    0.00 2288.00     0.00 80904.00    70.72     1.17    0.51    0.00    0.51   0.37  83.60
sde               0.00   673.00    0.00 2286.00     0.00 78376.00    68.57     1.10    0.48    0.00    0.48   0.37  84.00
sde               0.00   679.00    0.00 2263.00     0.00 77788.00    68.75     1.14    0.51    0.00    0.51   0.37  83.60
sde               0.00   681.00    0.00 2311.00     0.00 81036.00    70.13     1.13    0.49    0.00    0.49   0.37  84.80
sde               0.00   657.00    0.00 2240.00     0.00 78164.00    69.79     1.15    0.51    0.00    0.51   0.38  85.20
sde               0.00   698.00    0.00 2326.00     0.00 79444.00    68.31     1.08    0.46    0.00    0.46   0.35  81.60
sde               0.00   669.00    0.00 2229.00     0.00 76932.00    69.03     1.14    0.50    0.00    0.50   0.39  87.20
sde               0.00   696.00    0.00 2293.00     0.00 81940.00    71.47     1.16    0.51    0.00    0.51   0.38  86.40
sde               0.00   674.00    0.00 2295.00     0.00 79924.00    69.65     1.16    0.51    0.00    0.51   0.36  83.20
sde               0.00   679.00    0.00 2244.00     0.00 78016.00    69.53     1.12    0.50    0.00    0.50   0.39  86.40
sde               0.00   684.00    0.00 2282.00     0.00 78152.00    68.49     1.10    0.48    0.00    0.48   0.37  84.40
sde               0.00   672.00    0.00 2301.00     0.00 80912.00    70.33     1.17    0.51    0.00    0.51   0.36  82.80
sde               0.00   650.00    0.00 2195.00     0.00 75452.00    68.75     1.13    0.52    0.00    0.52   0.39  84.80
sde               0.00   659.00    0.00 2191.00     0.00 77680.00    70.91     1.17    0.53    0.00    0.53   0.40  86.80
sde               0.00   636.00    0.00 2125.00     0.00 72888.00    68.60     1.22    0.57    0.00    0.57   0.40  86.00
sde               0.00   624.00    0.00 2131.00     0.00 74788.00    70.19     1.16    0.55    0.00    0.55   0.41  86.80
sde               0.00   621.00    0.00 2097.00     0.00 72372.00    69.02     1.25    0.60    0.00    0.60   0.42  87.60
sde               0.00   661.00    0.00 2241.00     0.00 78072.00    69.68     1.08    0.48    0.00    0.48   0.37  83.60
sde               0.00   695.00    0.00 2276.00     0.00 80680.00    70.90     1.12    0.49    0.00    0.49   0.38  87.20
sde               0.00   682.00    0.00 2320.00     0.00 78492.00    67.67     1.22    0.52    0.00    0.52   0.37  84.80
sde               0.00   671.00    0.00 2246.00     0.00 78096.00    69.54     1.19    0.53    0.00    0.53   0.39  86.80
sde               0.00   682.00    0.00 2294.00     0.00 80756.00    70.41     1.06    0.46    0.00    0.46   0.36  83.20
sde               0.00   643.00    0.00 2170.00     0.00 75248.00    69.35     1.15    0.53    0.00    0.53   0.40  86.40
sde               0.00   683.00    0.00 2287.00     0.00 80940.00    70.78     1.14    0.50    0.00    0.50   0.38  86.00
sde               0.00   648.00    0.00 2175.00     0.00 75276.00    69.22     1.12    0.51    0.00    0.51   0.39  85.60
sde               0.00   684.00    0.00 2293.00     0.00 80808.00    70.48     1.08    0.47    0.00    0.47   0.37  84.00
sde               0.00   652.00    0.00 2244.00     0.00 78100.00    69.61     1.08    0.48    0.00    0.48   0.38  84.80
sde               0.00   656.00    0.00 2224.00     0.00 78056.00    70.19     1.08    0.49    0.00    0.49   0.39  86.80
sde               0.00   681.00    0.00 2324.00     0.00 81036.00    69.74     1.13    0.49    0.00    0.49   0.38  87.60
sde               0.00   657.00    0.00 2212.00     0.00 78040.00    70.56     1.08    0.48    0.00    0.48   0.39  86.00
sde               0.00   684.00    0.00 2297.00     0.00 80912.00    70.45     1.07    0.47    0.00    0.47   0.37  85.20
sde               0.00   653.00    0.00 2220.00     0.00 77924.00    70.20     1.14    0.51    0.00    0.51   0.40  89.60
sde               0.00   641.00    0.00 2204.00     0.00 75532.00    68.54     1.04    0.47    0.00    0.47   0.38  83.20
sde               0.00   673.00    0.00 2281.00     0.00 80864.00    70.90     1.08    0.47    0.00    0.47   0.37  84.00
sde               0.00   686.00    0.00 2287.00     0.00 80784.00    70.65     1.07    0.47    0.00    0.47   0.37  83.60
sde               0.00   665.00    0.00 2276.00     0.00 78416.00    68.91     1.00    0.44    0.00    0.44   0.36  82.40
sde               0.00   645.00    0.00 2184.00     0.00 77880.00    71.32     1.06    0.49    0.00    0.49   0.37  81.20
sde               0.00   679.00    0.00 2233.00     0.00 78196.00    70.04     1.06    0.48    0.00    0.48   0.39  87.60
sde               0.00   680.00    0.00 2302.00     0.00 78252.00    67.99     1.09    0.47    0.00    0.47   0.36  82.80
sde               0.00   676.00    0.00 2282.00     0.00 80896.00    70.90     1.07    0.47    0.00    0.47   0.36  81.60
sde               0.00   657.00    0.00 2223.00     0.00 78068.00    70.24     1.09    0.49    0.00    0.49   0.38  84.40
sde               0.00   674.00    0.00 2289.00     0.00 81016.00    70.79     1.02    0.44    0.00    0.44   0.37  84.00
sde               0.00   665.00    0.00 2221.00     0.00 77992.00    70.23     1.05    0.47    0.00    0.47   0.37  83.20
sde               0.00   670.00    0.00 2282.00     0.00 78304.00    68.63     1.11    0.49    0.00    0.49   0.38  85.60
sde               0.00   664.00    0.00 2252.00     0.00 78168.00    69.42     1.08    0.48    0.00    0.48   0.38  84.80
sde               0.00   662.00    0.00 2251.00     0.00 78288.00    69.56     1.12    0.50    0.00    0.50   0.37  84.40
sde               0.00   660.00    0.00 2211.00     0.00 77872.00    70.44     1.17    0.53    0.00    0.53   0.39  86.40
sde               0.00   663.00    0.00 2226.00     0.00 77968.00    70.05     1.10    0.49    0.00    0.49   0.38  85.60
sde               0.00   621.00    0.00 2132.00     0.00 75220.00    70.56     1.10    0.52    0.00    0.52   0.40  84.40
sde               0.00   636.00    0.00 2151.00     0.00 75348.00    70.06     1.09    0.51    0.00    0.51   0.39  84.40
sde               0.00   682.00    0.00 2244.00     0.00 80532.00    71.78     1.13    0.50    0.00    0.50   0.40  89.60
sde               0.00   627.00    0.00 2133.00     0.00 75128.00    70.44     1.16    0.54    0.00    0.54   0.42  89.60
sde               0.00   664.00    0.00 2273.00     0.00 78360.00    68.95     1.11    0.49    0.00    0.49   0.38  86.40
sde               0.00   642.00    0.00 2188.00     0.00 75444.00    68.96     1.15    0.53    0.00    0.53   0.38  84.00
sde               0.00   671.00    0.00 2223.00     0.00 77876.00    70.06     1.04    0.47    0.00    0.47   0.37  82.40
sde               0.00   660.00    0.00 2238.00     0.00 80668.00    72.09     1.12    0.50    0.00    0.50   0.38  84.40
sde               0.00   669.00    0.00 2284.00     0.00 78416.00    68.67     1.03    0.45    0.00    0.45   0.37  83.60
sde               0.00   640.00    0.00 2155.00     0.00 75228.00    69.82     1.06    0.49    0.00    0.49   0.38  82.80
sde               0.00   641.00    0.00 2155.00     0.00 75128.00    69.72     1.12    0.52    0.00    0.52   0.39  84.80
sde               0.00   630.00    0.00 2167.00     0.00 72672.00    67.07     1.08    0.50    0.00    0.50   0.38  82.00
sde               0.00   667.00    0.00 2282.00     0.00 80976.00    70.97     1.02    0.45    0.00    0.45   0.36  81.20
sde               0.00   681.00    0.00 2284.00     0.00 78228.00    68.50     1.10    0.48    0.00    0.48   0.39  88.40
sde               0.00   669.00    0.00 2278.00     0.00 80840.00    70.97     1.14    0.50    0.00    0.50   0.38  86.40
sde               0.00   641.00    0.00 2194.00     0.00 77896.00    71.01     1.14    0.52    0.00    0.52   0.40  87.20
sde               0.00   655.00    0.00 2238.00     0.00 75788.00    67.73     1.12    0.50    0.00    0.50   0.38  86.00
sde               0.00   686.00    0.00 2284.00     0.00 81548.00    71.41     1.09    0.47    0.00    0.47   0.37  85.60
sde               0.00   652.00    0.00 2225.00     0.00 77160.00    69.36     1.09    0.49    0.00    0.49   0.38  85.20
sde               0.00   692.00    0.00 2287.00     0.00 78420.00    68.58     1.02    0.44    0.00    0.44   0.36  83.20
sde               0.00   648.00    0.00 2167.00     0.00 78008.00    72.00     1.02    0.47    0.00    0.47   0.38  81.60
sde               0.00   689.00    0.00 2319.00     0.00 80780.00    69.67     1.13    0.49    0.00    0.49   0.37  86.80
sde               0.00   669.00    0.00 2265.00     0.00 80940.00    71.47     1.07    0.47    0.00    0.47   0.37  83.20
sde               0.00   660.00    0.00 2238.00     0.00 78128.00    69.82     1.10    0.49    0.00    0.49   0.39  86.80
sde               0.00   656.00    0.00 2212.00     0.00 75480.00    68.25     1.12    0.50    0.00    0.50   0.38  84.40
sde               0.00   675.00    0.00 2296.00     0.00 80784.00    70.37     1.12    0.49    0.00    0.49   0.37  84.80
sde               0.00   653.00    0.00 2220.00     0.00 78156.00    70.41     1.12    0.51    0.00    0.51   0.39  86.00
sde               0.00   666.00    0.00 2246.00     0.00 78140.00    69.58     1.12    0.50    0.00    0.50   0.38  84.80
sde               0.00   650.00    0.00 2169.00     0.00 77768.00    71.71     1.14    0.53    0.00    0.53   0.39  84.80
sde               0.00   643.00    0.00 2231.00     0.00 75640.00    67.81     1.07    0.48    0.00    0.48   0.39  87.60
sde               0.00   670.00    0.00 2236.00     0.00 80596.00    72.09     1.12    0.50    0.00    0.50   0.39  87.20
sde               0.00   672.00    0.00 2268.00     0.00 78248.00    69.00     1.13    0.50    0.00    0.50   0.37  84.80
sde               0.00   656.00    0.00 2230.00     0.00 78104.00    70.05     1.09    0.49    0.00    0.49   0.38  85.20
sde               0.00   671.00    0.00 2273.00     0.00 80836.00    71.13     1.10    0.48    0.00    0.48   0.37  85.20
sde               0.00   663.00    0.00 2261.00     0.00 78192.00    69.17     1.10    0.49    0.00    0.49   0.37  84.00
sde               0.00   652.00    0.00 2196.00     0.00 75400.00    68.67     1.04    0.47    0.00    0.47   0.37  81.60
sde               0.00   675.00    0.00 2310.00     0.00 80968.00    70.10     1.13    0.49    0.00    0.49   0.37  85.60
sde               0.00   659.00    0.00 2245.00     0.00 78168.00    69.64     1.12    0.50    0.00    0.50   0.39  87.60
sde               0.00   623.00    0.00 2132.00     0.00 72552.00    68.06     1.14    0.53    0.00    0.53   0.42  88.80
sde               0.00   670.00    0.00 2273.00     0.00 80824.00    71.12     1.06    0.46    0.00    0.46   0.37  84.40
sde               0.00   616.00    0.00 2111.00     0.00 72484.00    68.67     1.10    0.52    0.00    0.52   0.39  83.20
sde               0.00   672.00    0.00 2266.00     0.00 78152.00    68.98     1.06    0.47    0.00    0.47   0.37  84.80
sde               0.00   675.00    0.00 2307.00     0.00 81076.00    70.29     1.12    0.49    0.00    0.49   0.37  86.40
sde               0.00   651.00    0.00 2206.00     0.00 78004.00    70.72     1.08    0.49    0.00    0.49   0.39  85.20
sde               0.00   656.00    0.00 2210.00     0.00 78052.00    70.64     1.15    0.52    0.00    0.52   0.40  87.60
sde               0.00   673.00    0.00 2293.00     0.00 78220.00    68.23     1.08    0.47    0.00    0.47   0.38  86.40
sde               0.00   652.00    0.00 2231.00     0.00 78172.00    70.08     1.11    0.50    0.00    0.50   0.39  86.80
sde               0.00   678.00    0.00 2295.00     0.00 80908.00    70.51     1.08    0.47    0.00    0.47   0.37  84.40
sde               0.00   675.00    0.00 2269.00     0.00 78148.00    68.88     1.10    0.48    0.00    0.48   0.38  85.20
sde               0.00   696.00    0.00 2299.00     0.00 81016.00    70.48     1.14    0.50    0.00    0.50   0.38  87.20
sde               0.00   655.00    0.00 2221.00     0.00 78040.00    70.27     1.06    0.48    0.00    0.48   0.38  84.00
sde               0.00   665.00    0.00 2246.00     0.00 79324.00    70.64     1.08    0.48    0.00    0.48   0.38  84.80
sde               0.00   668.00    0.00 2257.00     0.00 77084.00    68.31     1.09    0.49    0.00    0.49   0.37  84.40
sde               0.00   678.00    0.00 2293.00     0.00 80924.00    70.58     1.06    0.46    0.00    0.46   0.36  83.60
sde               0.00   646.00    0.00 2199.00     0.00 75364.00    68.54     1.10    0.50    0.00    0.50   0.38  84.40
sde               0.00   673.00    0.00 2260.00     0.00 78120.00    69.13     1.05    0.46    0.00    0.46   0.36  82.40
sde               0.00   632.00    0.00 2162.00     0.00 77924.00    72.09     1.09    0.51    0.00    0.51   0.39  83.60
sde               0.00   679.00    0.00 2310.00     0.00 80968.00    70.10     1.03    0.45    0.00    0.45   0.35  81.60
sde               0.00   657.00    0.00 2219.00     0.00 76516.00    68.96     1.08    0.48    0.00    0.48   0.38  83.60
sde               0.00   661.00    0.00 2214.00     0.00 79484.00    71.80     1.09    0.50    0.00    0.50   0.39  86.80
sde               0.00   671.00    0.00 2306.00     0.00 78480.00    68.07     1.09    0.48    0.00    0.48   0.37  84.40
sde               0.00   639.00    0.00 2170.00     0.00 75272.00    69.38     1.03    0.48    0.00    0.48   0.38  81.60
sde               0.00   681.00    0.00 2282.00     0.00 80876.00    70.88     1.04    0.46    0.00    0.46   0.36  82.80
sde               0.00   678.00    0.00 2292.00     0.00 78228.00    68.26     1.09    0.48    0.00    0.48   0.38  86.80
sde               0.00   669.00    0.00 2304.00     0.00 81036.00    70.34     1.10    0.48    0.00    0.48   0.38  86.40
sde               0.00   651.00    0.00 2189.00     0.00 76152.00    69.58     1.04    0.47    0.00    0.47   0.37  80.40
sde               0.00   674.00    0.00 2252.00     0.00 79900.00    70.96     1.08    0.48    0.00    0.48   0.36  82.00
sde               0.00   642.00    0.00 2189.00     0.00 75352.00    68.85     1.08    0.49    0.00    0.49   0.39  84.80
sde               0.00   670.00    0.00 2295.00     0.00 78468.00    68.38     1.06    0.46    0.00    0.46   0.36  83.60
sde               0.00   678.00    0.00 2271.00     0.00 80708.00    71.08     1.10    0.48    0.00    0.48   0.38  86.00
sde               0.00   655.00    0.00 2195.00     0.00 75308.00    68.62     1.04    0.47    0.00    0.47   0.37  81.60
sde               0.00   659.00    0.00 2263.00     0.00 80848.00    71.45     1.08    0.47    0.00    0.47   0.37  83.60
sde               0.00   657.00    0.00 2251.00     0.00 78300.00    69.57     1.06    0.48    0.00    0.48   0.37  84.40
sde               0.00   639.00    0.00 2153.00     0.00 75084.00    69.75     1.06    0.49    0.00    0.49   0.40  86.40
sde               0.00   664.00    0.00 2229.00     0.00 77992.00    69.98     1.12    0.50    0.00    0.50   0.38  83.60
sde               0.00   641.00    0.00 2202.00     0.00 78068.00    70.91     1.09    0.50    0.00    0.50   0.38  82.80
sde               0.00   615.00    0.00 2109.00     0.00 69996.00    66.38     1.09    0.52    0.00    0.52   0.40  83.60
sde               0.00   624.00    0.00 2107.00     0.00 74904.00    71.10     1.12    0.53    0.00    0.53   0.39  82.00
sde               0.00   653.00    0.00 2176.00     0.00 75244.00    69.16     1.08    0.50    0.00    0.50   0.40  86.40
sde               0.00   656.00    0.00 2203.00     0.00 75552.00    68.59     1.21    0.55    0.00    0.55   0.40  87.20
sde               0.00   633.00    0.00 2117.00     0.00 75092.00    70.94     1.13    0.53    0.00    0.53   0.39  83.20
sde               0.00   622.00    0.00 2128.00     0.00 75216.00    70.69     1.07    0.50    0.00    0.50   0.41  86.40
sde               0.00   681.00    0.00 2264.00     0.00 78048.00    68.95     1.08    0.48    0.00    0.48   0.37  84.00
sde               0.00   626.00    0.00 2135.00     0.00 75256.00    70.50     1.10    0.52    0.00    0.52   0.39  83.60
sde               0.00   645.00    0.00 2182.00     0.00 75352.00    69.07     1.10    0.51    0.00    0.51   0.39  85.60
sde               0.00   623.00    0.00 2106.00     0.00 75148.00    71.37     1.11    0.53    0.00    0.53   0.40  85.20
sde               0.00   640.00    0.00 2134.00     0.00 74940.00    70.23     1.14    0.53    0.00    0.53   0.40  85.60
sde               0.00   610.00    0.00 2113.00     0.00 73612.00    69.68     1.16    0.54    0.00    0.54   0.43  90.00
sde               0.00   634.00    0.00 2145.00     0.00 76716.00    71.53     1.10    0.52    0.00    0.52   0.40  85.60
sde               0.00   642.00    0.00 2170.00     0.00 72876.00    67.17     1.07    0.49    0.00    0.49   0.39  84.80
sde               0.00   680.00    0.00 2267.00     0.00 80608.00    71.11     1.04    0.46    0.00    0.46   0.37  83.20
sde               0.00   643.00    0.00 2203.00     0.00 78064.00    70.87     1.10    0.50    0.00    0.50   0.38  84.80
sde               0.00   664.00    0.00 2263.00     0.00 80776.00    71.39     1.10    0.49    0.00    0.49   0.38  86.40
sde               0.00   682.00    0.00 2246.00     0.00 78120.00    69.56     1.12    0.50    0.00    0.50   0.38  86.40
sde               0.00   651.00    0.00 2230.00     0.00 78084.00    70.03     1.08    0.48    0.00    0.48   0.38  84.80
sde               0.00   643.56    0.00 2224.75     0.00 77449.50    69.63     1.11    0.50    0.00    0.50   0.38  84.36
sde               0.00   648.00    0.00 2195.00     0.00 75356.00    68.66     1.12    0.51    0.00    0.51   0.38  84.40
sde               0.00   669.00    0.00 2214.00     0.00 80380.00    72.61     1.11    0.50    0.00    0.50   0.38  84.40
sde               0.00   661.00    0.00 2281.00     0.00 78384.00    68.73     1.13    0.50    0.00    0.50   0.37  85.20
sde               0.00   641.00    0.00 2202.00     0.00 75516.00    68.59     1.04    0.47    0.00    0.47   0.38  84.40
sde               0.00   655.00    0.00 2197.00     0.00 77860.00    70.88     1.06    0.48    0.00    0.48   0.37  81.60
sde               0.00   639.00    0.00 2129.00     0.00 75028.00    70.48     1.09    0.51    0.00    0.51   0.39  83.20
sde               0.00   649.00    0.00 2251.00     0.00 78256.00    69.53     1.08    0.48    0.00    0.48   0.38  85.20
sde               0.00   660.00    0.00 2243.00     0.00 78256.00    69.78     1.03    0.46    0.00    0.46   0.36  80.00
sde               0.00   688.00    0.00 2334.00     0.00 78388.00    67.17     1.12    0.48    0.00    0.48   0.38  87.60
sde               0.00   661.00    0.00 2211.00     0.00 77928.00    70.49     1.08    0.49    0.00    0.49   0.38  84.40
sde               0.00   653.00    0.00 2268.00     0.00 80296.00    70.81     1.14    0.50    0.00    0.50   0.37  82.80
sde               0.00   661.00    0.00 2343.00     0.00 76360.00    65.18     1.18    0.51    0.00    0.51   0.35  82.00
sde               0.00   658.00    0.00 2246.00     0.00 77724.00    69.21     1.23    0.55    0.00    0.55   0.37  84.00
sde               0.00   684.00    0.00 2343.00     0.00 78384.00    66.91     1.28    0.54    0.00    0.54   0.36  83.20
sde               0.00   635.00    0.00 2247.00     0.00 78028.00    69.45     1.15    0.51    0.00    0.51   0.36  80.00
sde               0.00   648.00    0.00 2315.00     0.00 78228.00    67.58     1.28    0.55    0.00    0.55   0.37  84.80
sde               0.00   657.00    0.00 2252.00     0.00 75204.00    66.79     1.24    0.55    0.00    0.55   0.38  86.00
sde               0.00   640.00    0.00 2243.00     0.00 77884.00    69.45     1.26    0.56    0.00    0.56   0.37  82.80
sde               0.00   656.00    0.00 2342.00     0.00 78348.00    66.91     1.31    0.56    0.00    0.56   0.35  82.00
sde               0.00   651.00    0.00 2313.00     0.00 78292.00    67.70     1.20    0.52    0.00    0.52   0.35  80.00
sde               0.00   647.00    0.00 2191.00     0.00 77376.00    70.63     1.21    0.55    0.00    0.55   0.36  78.80
sde               0.00   643.00    0.00 2286.00     0.00 75624.00    66.16     1.20    0.53    0.00    0.53   0.35  80.80
sde               0.00   649.00    0.00 2193.00     0.00 75356.00    68.72     1.16    0.53    0.00    0.53   0.37  81.60
sde               0.00   646.00    0.00 2213.00     0.00 75492.00    68.23     1.14    0.52    0.00    0.52   0.38  84.80
sde               0.00   672.00    0.00 2189.00     0.00 77544.00    70.85     1.16    0.53    0.00    0.53   0.38  83.60
sde               0.00   658.00    0.00 2235.00     0.00 78156.00    69.94     1.09    0.49    0.00    0.49   0.36  81.20
sde               0.00   637.00    0.00 2167.00     0.00 75264.00    69.46     1.17    0.54    0.00    0.54   0.38  82.40
sde               0.00   636.00    0.00 2110.00     0.00 72272.00    68.50     1.17    0.56    0.00    0.56   0.38  81.20
sde               0.00   554.00    0.00 1846.00     0.00 64676.00    70.07     1.40    0.75    0.00    0.75   0.45  83.60
sde               0.00   565.00    0.00 1923.00     0.00 66488.00    69.15     1.30    0.68    0.00    0.68   0.45  86.00
sde               0.00   624.00    0.00 2108.00     0.00 72628.00    68.91     1.18    0.56    0.00    0.56   0.39  81.60
sde               0.00   616.00    0.00 2125.00     0.00 71392.00    67.19     1.22    0.58    0.00    0.58   0.40  86.00
sde               0.00   695.00    0.00 2251.00     0.00 80484.00    71.51     1.15    0.51    0.00    0.51   0.37  83.20
sde               0.00   649.00    0.00 2219.00     0.00 75368.00    67.93     1.10    0.49    0.00    0.49   0.37  81.60
sde               0.00   642.00    0.00 2166.00     0.00 75304.00    69.53     1.11    0.51    0.00    0.51   0.38  82.80
sde               0.00   671.00    0.00 2272.00     0.00 78164.00    68.81     1.17    0.52    0.00    0.52   0.38  86.40
sde               0.00   682.00    0.00 2252.00     0.00 78020.00    69.29     1.17    0.52    0.00    0.52   0.37  82.80
sde               0.00   636.00    0.00 2173.00     0.00 75196.00    69.21     1.04    0.48    0.00    0.48   0.37  81.20
sde               0.00   659.00    0.00 2246.00     0.00 78156.00    69.60     1.12    0.50    0.00    0.50   0.36  81.60
sde               0.00   677.00    0.00 2290.00     0.00 78236.00    68.33     1.13    0.49    0.00    0.49   0.36  82.00
sde               0.00   677.00    0.00 2226.00     0.00 77744.00    69.85     1.12    0.50    0.00    0.50   0.36  81.20
sde               0.00   669.00    0.00 2248.00     0.00 78220.00    69.59     1.15    0.51    0.00    0.51   0.38  84.40
sde               0.00   656.00    0.00 2239.00     0.00 75592.00    67.52     1.14    0.51    0.00    0.51   0.38  86.00
sde               0.00   695.00    0.00 2273.00     0.00 78268.00    68.87     1.08    0.47    0.00    0.47   0.36  82.40
sde               0.00   698.00    0.00 2283.00     0.00 78020.00    68.35     1.10    0.48    0.00    0.48   0.36  81.60
sde               0.00   654.00    0.00 2214.00     0.00 78028.00    70.49     1.15    0.52    0.00    0.52   0.38  85.20
sde               0.00   678.00    0.00 2311.00     0.00 78272.00    67.74     1.18    0.51    0.00    0.51   0.36  82.80
sde               0.00   658.00    0.00 2230.00     0.00 77972.00    69.93     1.12    0.50    0.00    0.50   0.38  84.40
sde               0.00   677.00    0.00 2238.00     0.00 80532.00    71.97     1.11    0.50    0.00    0.50   0.37  82.00
sde               0.00   642.00    0.00 2190.00     0.00 75392.00    68.85     1.12    0.51    0.00    0.51   0.38  84.00
sde               0.00   672.00    0.00 2257.00     0.00 78132.00    69.24     1.12    0.50    0.00    0.50   0.36  82.00
sde               0.00   664.00    0.00 2224.00     0.00 75336.00    67.75     1.08    0.48    0.00    0.48   0.37  82.40
sde               0.00   684.00    0.00 2288.00     0.00 80788.00    70.62     1.18    0.52    0.00    0.52   0.36  81.60
sde               0.00   656.00    0.00 2229.00     0.00 75560.00    67.80     1.12    0.50    0.00    0.50   0.38  85.20
sde               0.00   638.00    0.00 2162.00     0.00 75180.00    69.55     1.06    0.49    0.00    0.49   0.36  77.60
sde               0.00   660.00    0.00 2180.00     0.00 77840.00    71.41     1.02    0.47    0.00    0.47   0.39  84.00
sde               0.00   663.00    0.00 2260.00     0.00 78208.00    69.21     1.06    0.47    0.00    0.47   0.37  83.60
sde               0.00   645.00    0.00 2247.00     0.00 76808.00    68.36     1.06    0.47    0.00    0.47   0.36  81.20
sde               0.00   651.00    0.00 2180.00     0.00 76768.00    70.43     1.06    0.49    0.00    0.49   0.38  83.60
sde               0.00   672.00    0.00 2265.00     0.00 78116.00    68.98     1.11    0.49    0.00    0.49   0.37  84.80
sde               0.00   644.00    0.00 2189.00     0.00 75360.00    68.85     1.08    0.49    0.00    0.49   0.38  82.80
sde               0.00   661.00    0.00 2254.00     0.00 78152.00    69.35     1.08    0.48    0.00    0.48   0.37  84.00
sde               0.00   641.00    0.00 2173.00     0.00 77992.00    71.78     1.04    0.48    0.00    0.48   0.39  85.20
sde               0.00   681.00    0.00 2241.00     0.00 80496.00    71.84     1.07    0.48    0.00    0.48   0.37  83.60
sde               0.00   630.00    0.00 2169.00     0.00 75392.00    69.52     1.01    0.46    0.00    0.46   0.37  81.20
sde               0.00   670.00    0.00 2275.00     0.00 78256.00    68.80     1.04    0.45    0.00    0.45   0.37  84.40
sde               0.00   644.00    0.00 2192.00     0.00 78052.00    71.22     1.09    0.50    0.00    0.50   0.39  86.40
sde               0.00   684.00    0.00 2292.00     0.00 78120.00    68.17     1.09    0.48    0.00    0.48   0.37  85.20
sde               0.00   649.00    0.00 2206.00     0.00 78128.00    70.83     1.04    0.48    0.00    0.48   0.37  82.00
sde               0.00   657.00    0.00 2227.00     0.00 78084.00    70.12     1.07    0.48    0.00    0.48   0.37  83.20
sde               0.00   634.00    0.00 2152.00     0.00 75328.00    70.01     1.02    0.47    0.00    0.47   0.38  81.20
sde               0.00   639.00    0.00 2112.00     0.00 77412.00    73.31     1.00    0.48    0.00    0.48   0.38  80.00
sde               0.00   621.00    0.00 2161.00     0.00 72880.00    67.45     1.06    0.49    0.00    0.49   0.38  82.00
sde               0.00   692.00    0.00 2253.00     0.00 78176.00    69.40     1.04    0.47    0.00    0.47   0.36  82.00
sde               0.00   666.00    0.00 2245.00     0.00 79152.00    70.51     1.08    0.48    0.00    0.48   0.37  82.80
sde               0.00   646.00    0.00 2150.00     0.00 76668.00    71.32     1.04    0.49    0.00    0.49   0.38  81.60
sde               0.00   650.00    0.00 2213.00     0.00 77996.00    70.49     1.02    0.46    0.00    0.46   0.36  78.80
sde               0.00   633.00    0.00 2133.00     0.00 75288.00    70.59     0.99    0.47    0.00    0.47   0.37  78.40
sde               0.00   670.00    0.00 2266.00     0.00 78224.00    69.04     1.09    0.48    0.00    0.48   0.38  86.00
sde               0.00   650.00    0.00 2179.00     0.00 77808.00    71.42     1.04    0.48    0.00    0.48   0.38  83.20
sde               0.00   658.00    0.00 2226.00     0.00 78084.00    70.16     1.04    0.47    0.00    0.47   0.36  81.20
sde               0.00   614.00    0.00 2089.00     0.00 72500.00    69.41     1.06    0.51    0.00    0.51   0.39  81.20
sde               0.00   675.00    0.00 2233.00     0.00 80580.00    72.17     1.02    0.46    0.00    0.46   0.37  82.00
sde               0.00   645.00    0.00 2206.00     0.00 77960.00    70.68     1.07    0.48    0.00    0.48   0.38  83.60
sde               0.00   674.00    0.00 2276.00     0.00 78300.00    68.80     1.04    0.46    0.00    0.46   0.36  82.00
sde               0.00   644.00    0.00 2184.00     0.00 75344.00    69.00     1.02    0.47    0.00    0.47   0.38  83.20
sde               0.00   665.00    0.00 2249.00     0.00 80864.00    71.91     1.04    0.46    0.00    0.46   0.35  79.60
sde               0.00   638.00    0.00 2169.00     0.00 75164.00    69.31     1.04    0.48    0.00    0.48   0.38  81.60
sde               0.00   672.00    0.00 2271.00     0.00 80820.00    71.18     1.00    0.44    0.00    0.44   0.35  79.60
sde               0.00   651.00    0.00 2226.00     0.00 75640.00    67.96     1.08    0.49    0.00    0.49   0.38  85.60
sde               0.00   671.00    0.00 2256.00     0.00 78104.00    69.24     1.04    0.46    0.00    0.46   0.37  83.20
sde               0.00   638.00    0.00 2165.00     0.00 77696.00    71.77     1.03    0.47    0.00    0.47   0.38  83.20
sde               0.00   659.00    0.00 2249.00     0.00 78272.00    69.61     1.06    0.47    0.00    0.47   0.36  81.60
sde               0.00   659.00    0.00 2209.00     0.00 78020.00    70.64     1.07    0.48    0.00    0.48   0.37  82.80
sde               0.00   668.00    0.00 2281.00     0.00 78180.00    68.55     1.06    0.46    0.00    0.46   0.37  84.00
sde               0.00   642.00    0.00 2182.00     0.00 78024.00    71.52     1.05    0.48    0.00    0.48   0.39  85.60
sde               0.00   665.00    0.00 2243.00     0.00 79168.00    70.59     1.03    0.45    0.00    0.45   0.37  83.60
sde               0.00   650.00    0.00 2179.00     0.00 76900.00    70.58     1.05    0.48    0.00    0.48   0.39  84.00
sde               0.00   667.00    0.00 2263.00     0.00 78732.00    69.58     1.15    0.51    0.00    0.51   0.38  85.60
sde               0.00   654.00    0.00 2235.00     0.00 77596.00    69.44     1.08    0.49    0.00    0.49   0.38  85.60
sde               0.00   666.00    0.00 2265.00     0.00 80772.00    71.32     1.04    0.46    0.00    0.46   0.36  81.60
sde               0.00   662.00    0.00 2208.00     0.00 77892.00    70.55     1.15    0.52    0.00    0.52   0.39  85.20
sde               0.00   667.00    0.00 2291.00     0.00 78316.00    68.37     1.08    0.47    0.00    0.47   0.37  84.80
sde               0.00   681.00    0.00 2215.00     0.00 78148.00    70.56     1.06    0.48    0.00    0.48   0.37  81.60
sde               0.00   657.00    0.00 2261.00     0.00 78316.00    69.28     1.05    0.47    0.00    0.47   0.37  84.00
sde               0.00   683.00    0.00 2297.00     0.00 78280.00    68.16     1.04    0.45    0.00    0.45   0.36  83.20
sde               0.00   654.00    0.00 2213.00     0.00 78052.00    70.54     1.08    0.49    0.00    0.49   0.39  85.60
sde               0.00   668.00    0.00 2253.00     0.00 80768.00    71.70     0.99    0.44    0.00    0.44   0.35  78.00
sde               0.00   666.00    0.00 2204.00     0.00 78040.00    70.82     1.10    0.50    0.00    0.50   0.38  84.80
sde               0.00   654.00    0.00 2249.00     0.00 80684.00    71.75     1.09    0.48    0.00    0.48   0.37  83.20
sde               0.00   647.00    0.00 2181.00     0.00 77928.00    71.46     1.01    0.46    0.00    0.46   0.37  81.20
sde               0.00   673.00    0.00 2282.00     0.00 78304.00    68.63     1.02    0.45    0.00    0.45   0.36  82.80
sde               0.00   661.00    0.00 2189.00     0.00 77868.00    71.14     1.06    0.49    0.00    0.49   0.38  83.60
sde               0.00   668.00    0.00 2289.00     0.00 80888.00    70.68     1.08    0.47    0.00    0.47   0.38  86.00
sde               0.00   637.00    0.00 2181.00     0.00 77996.00    71.52     1.04    0.48    0.00    0.48   0.37  81.60
sde               0.00   680.00    0.00 2293.00     0.00 78384.00    68.37     1.08    0.47    0.00    0.47   0.37  85.20
sde               0.00   647.00    0.00 2180.00     0.00 77776.00    71.35     0.98    0.45    0.00    0.45   0.37  79.60
sde               0.00   662.00    0.00 2249.00     0.00 78180.00    69.52     1.04    0.47    0.00    0.47   0.36  82.00
sde               0.00   639.00    0.00 2194.00     0.00 75620.00    68.93     1.04    0.48    0.00    0.48   0.39  84.80
sde               0.00   666.00    0.00 2256.00     0.00 80620.00    71.47     1.05    0.46    0.00    0.46   0.36  81.20
sde               0.00   653.00    0.00 2188.00     0.00 76280.00    69.73     1.07    0.49    0.00    0.49   0.38  82.80
sde               0.00   664.00    0.00 2275.00     0.00 79796.00    70.15     1.04    0.46    0.00    0.46   0.37  83.20
sde               0.00   642.00    0.00 2212.00     0.00 75552.00    68.31     1.02    0.46    0.00    0.46   0.36  80.40
sde               0.00   679.00    0.00 2249.00     0.00 80668.00    71.74     1.00    0.45    0.00    0.45   0.36  80.80
sde               0.00   668.00    0.00 2269.00     0.00 78140.00    68.88     1.04    0.46    0.00    0.46   0.37  84.40
sde               0.00   635.00    0.00 2181.00     0.00 75416.00    69.16     1.06    0.49    0.00    0.49   0.39  84.00
sde               0.00   655.00    0.00 2262.00     0.00 78300.00    69.23     1.13    0.50    0.00    0.50   0.37  84.80
sde               0.00   655.00    0.00 2157.00     0.00 77716.00    72.06     1.10    0.51    0.00    0.51   0.39  84.40
sde               0.00   659.00    0.00 2260.00     0.00 78056.00    69.08     1.05    0.46    0.00    0.46   0.37  84.40
sde               0.00   633.00    0.00 2181.00     0.00 75432.00    69.17     1.05    0.48    0.00    0.48   0.38  83.60
sde               0.00   688.00    0.00 2353.00     0.00 83684.00    71.13     1.17    0.50    0.00    0.50   0.38  88.40
