sde               0.00     1.35    0.00    2.91     0.00   183.23   126.07     0.01    2.67    1.92    2.67   0.42   0.12
sde               0.00     1.00    0.00    4.00     0.00    20.00    10.00     0.00    0.00    0.00    0.00   0.00   0.00
sde               0.00   384.00    0.00 1418.00     0.00 73744.00   104.01     2.37    1.68    0.00    1.68   0.38  54.40
sde               0.00   533.00    0.00 2107.00     0.00 122728.00   116.50     3.96    1.88    0.00    1.88   0.40  83.60
sde               0.00   463.00    0.00 1850.00     0.00 108956.00   117.79     4.89    2.65    0.00    2.65   0.45  83.20
sde               0.00   434.00    0.00 1774.00     0.00 96132.00   108.38     4.63    2.61    0.00    2.61   0.48  84.40
sde               0.00   500.00    0.00 1990.00     0.00 109536.00   110.09     3.74    1.88    0.00    1.88   0.41  82.40
sde               0.00   495.00    0.00 1916.00     0.00 83828.00    87.50     3.71    1.94    0.00    1.94   0.44  84.40
sde               0.00   434.00    0.00 1725.00     0.00 108584.00   125.89     5.06    2.94    0.00    2.94   0.49  84.80
sde               0.00   487.00    0.00 1924.00     0.00 83960.00    87.28     4.00    2.08    0.00    2.08   0.44  85.60
sde               0.00   446.00    0.00 1742.00     0.00 101180.00   116.17     5.33    2.86    0.00    2.86   0.51  89.20
sde               0.00   545.00    0.00 2152.00     0.00 92240.00    85.72     3.58    1.83    0.00    1.83   0.40  85.20
sde               0.00   440.00    0.00 1739.00     0.00 95944.00   110.34     4.64    2.67    0.00    2.67   0.49  86.00
sde               0.00   497.00    0.00 1911.00     0.00 96620.00   101.12     3.57    1.87    0.00    1.87   0.43  82.80
sde               0.00   525.00    0.00 2035.00     0.00 72612.00    71.36     3.32    1.60    0.00    1.60   0.41  83.60
sde               0.00   467.00    0.00 1750.00     0.00 120848.00   138.11     3.49    2.03    0.00    2.03   0.47  82.80
sde               0.00   479.00    0.00 1780.00     0.00 108904.00   122.36     4.25    2.39    0.00    2.39   0.46  82.40
sde               0.00   394.00    0.00 1518.00     0.00 82436.00   108.61     4.38    2.89    0.00    2.89   0.56  85.60
sde               0.00   512.00    0.00 1944.00     0.00 84240.00    86.67     2.96    1.52    0.00    1.52   0.45  87.60
sde               0.00   496.00    0.00 1930.00     0.00 83176.00    86.19     3.27    1.68    0.00    1.68   0.44  84.40
sde               0.00   500.00    0.00 1849.00     0.00 120752.00   130.61     3.38    1.80    0.00    1.80   0.45  83.60
sde               0.00   575.00    0.00 2189.00     0.00 87396.00    79.85     2.24    1.06    0.00    1.06   0.39  85.60
sde               0.00   435.00    0.00 1588.00     0.00 108264.00   136.35     3.27    2.06    0.00    2.06   0.52  82.40
sde               0.00   464.00    0.00 1738.00     0.00 108872.00   125.28     3.32    1.91    0.00    1.91   0.48  82.80
sde               0.00   522.00    0.00 1970.00     0.00 84196.00    85.48     3.13    1.59    0.00    1.59   0.44  86.40
sde               0.00   522.00    0.00 2016.00     0.00 74064.00    73.48     2.56    1.20    0.00    1.20   0.43  86.40
sde               0.00   537.00    0.00 2013.00     0.00 107700.00   107.00     3.07    1.60    0.00    1.60   0.42  85.20
sde               0.00   557.00    0.00 2123.00     0.00 97696.00    92.04     2.56    1.21    0.00    1.21   0.39  82.40
sde               0.00   382.00    0.00 1423.00     0.00 94792.00   133.23     4.15    2.92    0.00    2.92   0.59  84.40
sde               0.00   349.00    0.00 1297.00     0.00 81660.00   125.92     4.21    3.25    0.00    3.25   0.67  86.80
sde               0.00   468.00    0.00 1780.00     0.00 70780.00    79.53     4.34    2.44    0.00    2.44   0.50  88.80
sde               0.00   520.00    0.00 1975.00     0.00 97108.00    98.34     2.78    1.41    0.00    1.41   0.44  86.00
sde               0.00   476.00    0.00 1643.00     0.00 95816.00   116.64     3.82    2.32    0.00    2.32   0.50  82.00
sde               0.00   512.00    0.00 1952.00     0.00 83244.00    85.29     2.94    1.48    0.00    1.48   0.44  86.40
sde               0.00   592.00    0.00 2255.00     0.00 86472.00    76.69     2.42    1.10    0.00    1.10   0.37  82.40
sde               0.00   554.00    0.00 2056.00     0.00 97408.00    94.75     2.40    1.17    0.00    1.17   0.41  85.20
sde               0.00   577.00    0.00 2243.00     0.00 92488.00    82.47     2.86    1.20    0.00    1.20   0.38  85.20
sde               0.00   494.00    0.00 1826.00     0.00 114860.00   125.81     3.40    1.95    0.00    1.95   0.44  79.60
sde               0.00   412.00    0.00 1490.00     0.00 107868.00   144.79     3.96    2.66    0.00    2.66   0.56  83.60
sde               0.00   348.00    0.00 1300.00     0.00 81740.00   125.75     3.47    2.67    0.00    2.67   0.66  85.60
sde               0.00   454.00    0.00 1721.00     0.00 90700.00   105.40     3.10    1.65    0.00    1.65   0.49  84.00
sde               0.00   440.00    0.00 1617.00     0.00 88416.00   109.36     2.81    1.90    0.00    1.90   0.52  84.40
sde               0.00   485.00    0.00 1826.00     0.00 96632.00   105.84     2.53    1.39    0.00    1.39   0.46  83.60
sde               0.00   477.00    0.00 1773.00     0.00 97460.00   109.94     2.47    1.31    0.00    1.31   0.47  83.20
sde               0.00   492.00    0.00 1814.00     0.00 108232.00   119.33     2.74    1.60    0.00    1.60   0.46  82.80
sde               0.00   527.00    0.00 1950.00     0.00 97048.00    99.54     2.23    1.14    0.00    1.14   0.43  84.40
sde               0.00   467.00    0.00 1803.00     0.00 83848.00    93.01     2.81    1.56    0.00    1.56   0.49  87.60
sde               0.00   536.00    0.00 1995.00     0.00 84448.00    84.66     2.30    1.15    0.00    1.15   0.43  85.20
sde               0.00   508.00    0.00 1944.00     0.00 84436.00    86.87     2.52    1.29    0.00    1.29   0.45  88.40
sde               0.00   538.00    0.00 2037.00     0.00 91724.00    90.06     2.18    1.01    0.00    1.01   0.41  84.00
sde               0.00   565.00    0.00 2094.00     0.00 103232.00    98.60     2.10    1.06    0.00    1.06   0.40  83.60
sde               0.00   564.00    0.00 2148.00     0.00 97912.00    91.17     2.08    0.97    0.00    0.97   0.38  82.00
sde               0.00   462.00    0.00 1746.00     0.00 96300.00   110.31     2.66    1.53    0.00    1.53   0.48  83.20
sde               0.00   437.00    0.00 1616.00     0.00 91452.00   113.18     3.04    1.76    0.00    1.76   0.54  86.80
sde               0.00   453.00    0.00 1701.00     0.00 100348.00   117.99     2.88    1.81    0.00    1.81   0.49  83.60
sde               0.00   505.00    0.00 1929.00     0.00 84248.00    87.35     2.48    1.29    0.00    1.29   0.46  88.80
sde               0.00   529.00    0.00 1974.00     0.00 97112.00    98.39     2.39    1.21    0.00    1.21   0.43  85.20
sde               0.00   524.00    0.00 2011.00     0.00 84700.00    84.24     2.21    1.10    0.00    1.10   0.44  87.60
sde               0.00   348.00    0.00 1278.00     0.00 68792.00   107.66     3.90    3.05    0.00    3.05   0.70  89.20
sde               0.00   311.00    0.00 1170.00     0.00 81196.00   138.80     4.18    3.58    0.00    3.58   0.77  89.60
sde               0.00   407.00    0.00 1518.00     0.00 76884.00   101.30     3.30    1.93    0.00    1.93   0.57  86.80
sde               0.00   427.00    0.00 1632.00     0.00 63392.00    77.69     3.06    2.11    0.00    2.11   0.55  90.40
sde               0.00   458.00    0.00 1592.00     0.00 95676.00   120.20     3.45    2.17    0.00    2.17   0.52  82.40
sde               0.00   379.00    0.00 1425.00     0.00 65128.00    91.41     3.53    2.31    0.00    2.31   0.61  87.20
sde               0.00   434.00    0.00 1621.00     0.00 78708.00    97.11     2.93    1.84    0.00    1.84   0.52  83.60
sde               0.00   357.00    0.00 1319.00     0.00 77632.00   117.71     3.65    2.91    0.00    2.91   0.64  84.80
sde               0.00   417.00    0.00 1586.00     0.00 70240.00    88.58     3.09    1.95    0.00    1.95   0.54  86.40
sde               0.00   386.00    0.00 1445.00     0.00 69428.00    96.09     3.51    2.43    0.00    2.43   0.62  89.20
sde               0.00   318.00    0.00 1194.00     0.00 61912.00   103.71     4.02    3.13    0.00    3.13   0.75  90.00
sde               0.00   418.00    0.00 1567.00     0.00 76828.00    98.06     2.99    2.09    0.00    2.09   0.54  84.00
sde               0.00   413.00    0.00 1552.00     0.00 95516.00   123.09     3.19    2.06    0.00    2.06   0.54  83.60
sde               0.00   357.00    0.00 1298.00     0.00 90700.00   139.75     3.79    2.82    0.00    2.82   0.67  86.80
sde               0.00   414.00    0.00 1536.00     0.00 99192.00   129.16     3.30    2.23    0.00    2.23   0.53  81.20
sde               0.00   463.00    0.00 1749.00     0.00 96320.00   110.14     2.83    1.62    0.00    1.62   0.47  82.80
sde               0.00   400.00    0.00 1454.00     0.00 95040.00   130.73     3.18    2.19    0.00    2.19   0.57  83.20
sde               0.00   407.00    0.00 1495.00     0.00 108096.00   144.61     3.16    2.11    0.00    2.11   0.57  85.20
sde               0.00   490.00    0.00 1826.00     0.00 106984.00   117.18     2.45    1.30    0.00    1.30   0.45  82.40
sde               0.00   433.00    0.00 1606.00     0.00 85296.00   106.22     3.00    1.91    0.00    1.91   0.53  85.60
sde               0.00   447.00    0.00 1675.00     0.00 103680.00   123.80     2.82    1.63    0.00    1.63   0.49  82.80
sde               0.00   569.00    0.00 2135.00     0.00 90100.00    84.40     2.12    1.04    0.00    1.04   0.38  81.60
sde               0.00   442.00    0.00 1667.00     0.00 83204.00    99.82     2.92    1.75    0.00    1.75   0.50  83.20
sde               0.00   482.00    0.00 1794.00     0.00 93460.00   104.19     2.78    1.49    0.00    1.49   0.49  87.20
sde               0.00   488.00    0.00 1864.00     0.00 74252.00    79.67     2.82    1.56    0.00    1.56   0.48  89.60
sde               0.00   372.00    0.00 1373.00     0.00 81928.00   119.34     3.61    2.63    0.00    2.63   0.63  86.40
sde               0.00   343.00    0.00 1320.00     0.00 78720.00   119.27     3.54    2.56    0.00    2.56   0.64  84.80
sde               0.00   463.00    0.00 1734.00     0.00 73812.00    85.13     3.00    1.82    0.00    1.82   0.51  87.60
sde               0.00   275.00    0.00  996.00     0.00 71076.00   142.72     4.38    4.15    0.00    4.15   0.89  88.80
sde               0.00   366.00    0.00 1359.00     0.00 78676.00   115.79     3.52    2.77    0.00    2.77   0.66  89.20
sde               0.00   367.00    0.00 1375.00     0.00 82040.00   119.33     3.94    2.87    0.00    2.87   0.65  89.20
sde               0.00   528.00    0.00 1983.00     0.00 98156.00    99.00     2.31    1.14    0.00    1.14   0.41  80.80
sde               0.00   445.00    0.00 1651.00     0.00 94928.00   114.99     2.95    1.81    0.00    1.81   0.53  87.20
sde               0.00   492.00    0.00 1861.00     0.00 83868.00    90.13     2.60    1.40    0.00    1.40   0.47  87.20
sde               0.00   438.00    0.00 1546.00     0.00 82976.00   107.34     2.98    1.93    0.00    1.93   0.54  84.00
sde               0.00   452.00    0.00 1649.00     0.00 121356.00   147.19     2.82    1.71    0.00    1.71   0.49  80.80
sde               0.00   517.00    0.00 1990.00     0.00 71852.00    72.21     2.22    1.12    0.00    1.12   0.43  85.20
sde               0.00   531.00    0.00 1977.00     0.00 97132.00    98.26     2.34    1.19    0.00    1.19   0.42  82.80
sde               0.00   490.00    0.00 1824.00     0.00 96508.00   105.82     2.53    1.39    0.00    1.39   0.47  85.20
sde               0.00   480.00    0.00 1812.00     0.00 83800.00    92.49     2.47    1.36    0.00    1.36   0.47  85.20
sde               0.00   506.00    0.00 1877.00     0.00 109508.00   116.68     2.52    1.34    0.00    1.34   0.45  84.40
sde               0.00   542.00    0.00 2062.00     0.00 84908.00    82.35     2.25    1.09    0.00    1.09   0.41  85.20
sde               0.00   496.00    0.00 1840.00     0.00 109380.00   118.89     2.41    1.31    0.00    1.31   0.44  81.20
sde               0.00   377.00    0.00 1366.00     0.00 81932.00   119.96     3.37    2.47    0.00    2.47   0.61  83.60
sde               0.00   464.00    0.00 1710.00     0.00 109084.00   127.58     2.71    1.59    0.00    1.59   0.49  83.20
sde               0.00   390.00    0.00 1458.00     0.00 99116.00   135.96     3.29    2.16    0.00    2.16   0.58  85.20
sde               0.00   499.00    0.00 1835.00     0.00 118032.00   128.65     2.38    1.37    0.00    1.37   0.46  84.00
sde               0.00   596.00    0.00 2239.00     0.00 85412.00    76.29     1.90    0.85    0.00    0.85   0.37  83.20
sde               0.00   552.00    0.00 2116.00     0.00 97904.00    92.54     2.11    1.00    0.00    1.00   0.40  83.60
sde               0.00   465.00    0.00 1734.00     0.00 96144.00   110.89     2.61    1.50    0.00    1.50   0.49  85.20
sde               0.00   488.00    0.00 1817.00     0.00 96612.00   106.34     2.54    1.40    0.00    1.40   0.45  81.60
sde               0.00   457.00    0.00 1694.00     0.00 115532.00   136.40     2.61    1.49    0.00    1.49   0.48  80.80
sde               0.00   421.00    0.00 1565.00     0.00 88820.00   113.51     3.10    2.04    0.00    2.04   0.55  86.80
sde               0.00   468.00    0.00 1729.00     0.00 96260.00   111.35     2.65    1.53    0.00    1.53   0.50  86.00
sde               0.00   540.00    0.00 2042.00     0.00 84608.00    82.87     2.22    1.09    0.00    1.09   0.41  83.60
sde               0.00   525.00    0.00 2014.00     0.00 84712.00    84.12     2.31    1.15    0.00    1.15   0.43  85.60
sde               0.00   525.00    0.00 1982.00     0.00 84360.00    85.13     2.17    1.10    0.00    1.10   0.42  82.80
sde               0.00   485.00    0.00 1832.00     0.00 96516.00   105.37     2.72    1.48    0.00    1.48   0.46  84.40
sde               0.00   521.00    0.00 1983.00     0.00 97232.00    98.07     2.24    1.13    0.00    1.13   0.41  80.40
sde               0.00   494.00    0.00 1848.00     0.00 94048.00   101.78     2.35    1.22    0.00    1.22   0.45  82.80
sde               0.00   472.00    0.00 1748.00     0.00 99924.00   114.33     2.56    1.49    0.00    1.49   0.47  82.40
sde               0.00   526.00    0.00 2018.00     0.00 83712.00    82.97     2.29    1.16    0.00    1.16   0.42  84.00
sde               0.00   400.00    0.00 1462.00     0.00 95064.00   130.05     3.08    2.11    0.00    2.11   0.58  84.80
sde               0.00   501.00    0.00 1894.00     0.00 84004.00    88.71     2.54    1.34    0.00    1.34   0.44  84.00
sde               0.00   564.00    0.00 2038.00     0.00 84948.00    83.36     2.37    1.16    0.00    1.16   0.42  85.60
sde               0.00   518.00    0.00 1920.00     0.00 102016.00   106.27     2.49    1.23    0.00    1.23   0.42  81.20
sde               0.00   449.00    0.00 1642.00     0.00 103476.00   126.04     2.59    1.65    0.00    1.65   0.51  83.60
sde               0.00   418.00    0.00 1540.00     0.00 95624.00   124.19     3.33    2.16    0.00    2.16   0.56  85.60
sde               0.00   506.00    0.00 1887.00     0.00 100848.00   106.89     2.34    1.17    0.00    1.17   0.45  84.40
sde               0.00   498.00    0.00 1860.00     0.00 109052.00   117.26     2.46    1.33    0.00    1.33   0.44  81.60
sde               0.00   531.00    0.00 2030.00     0.00 87848.00    86.55     2.29    1.11    0.00    1.11   0.40  82.00
sde               0.00   499.00    0.00 1860.00     0.00 89896.00    96.66     2.41    1.37    0.00    1.37   0.43  79.60
sde               0.00   479.00    0.00 1785.00     0.00 102476.00   114.82     2.64    1.40    0.00    1.40   0.46  82.80
sde               0.00   454.00    0.00 1682.00     0.00 109092.00   129.72     2.74    1.63    0.00    1.63   0.49  81.60
sde               0.00   515.00    0.00 1944.00     0.00 90720.00    93.33     2.33    1.27    0.00    1.27   0.43  83.60
sde               0.00   501.00    0.00 1847.00     0.00 109392.00   118.45     2.41    1.31    0.00    1.31   0.44  80.80
sde               0.00   437.00    0.00 1579.00     0.00 108328.00   137.21     2.80    1.77    0.00    1.77   0.52  82.80
sde               0.00   428.00    0.00 1598.00     0.00 95728.00   119.81     3.08    1.93    0.00    1.93   0.52  82.40
sde               0.00   367.00    0.00 1361.00     0.00 94764.00   139.26     3.48    2.56    0.00    2.56   0.64  86.80
sde               0.00   428.00    0.00 1576.00     0.00 95524.00   121.22     3.25    2.06    0.00    2.06   0.54  85.60
sde               0.00   536.00    0.00 2048.00     0.00 86892.00    84.86     2.23    1.05    0.00    1.05   0.40  82.00
sde               0.00   481.00    0.00 1828.00     0.00 88452.00    96.77     2.75    1.48    0.00    1.48   0.47  86.80
sde               0.00   511.00    0.00 1938.00     0.00 83368.00    86.04     2.59    1.28    0.00    1.28   0.43  83.60
sde               0.00   479.00    0.00 1817.00     0.00 85088.00    93.66     2.56    1.48    0.00    1.48   0.45  82.00
sde               0.00   507.00    0.00 1871.00     0.00 115104.00   123.04     2.34    1.31    0.00    1.31   0.43  79.60
sde               0.00   418.00    0.00 1585.00     0.00 79548.00   100.38     3.11    1.92    0.00    1.92   0.54  85.60
sde               0.00   554.00    0.00 2102.00     0.00 88292.00    84.01     2.12    1.04    0.00    1.04   0.42  87.60
sde               0.00   453.00    0.00 1762.00     0.00 95992.00   108.96     3.74    2.12    0.00    2.12   0.48  84.00
sde               0.00   481.00    0.00 1896.00     0.00 83836.00    88.43     4.46    2.35    0.00    2.35   0.45  86.00
sde               0.00   487.00    0.00 1932.00     0.00 83964.00    86.92     3.80    1.97    0.00    1.97   0.43  82.40
sde               0.00   473.00    0.00 1877.00     0.00 121816.00   129.80     4.11    2.19    0.00    2.19   0.41  77.60
sde               0.00   531.00    0.00 2107.00     0.00 72064.00    68.40     2.94    1.40    0.00    1.40   0.38  79.60
sde               0.00   396.00    0.00 1562.00     0.00 95100.00   121.77     5.84    3.74    0.00    3.74   0.54  84.00
sde               0.00   490.00    0.00 1955.00     0.00 84064.00    86.00     3.95    2.02    0.00    2.02   0.44  86.00
sde               0.00   457.00    0.00 1807.00     0.00 103708.00   114.78     4.48    2.35    0.00    2.35   0.42  76.40
sde               0.00   511.00    0.00 2008.00     0.00 102112.00   101.71     3.70    1.96    0.00    1.96   0.40  80.00
sde               0.00   478.00    0.00 1894.00     0.00 83696.00    88.38     4.02    2.12    0.00    2.12   0.44  84.00
sde               0.00   515.00    0.00 1961.00     0.00 88508.00    90.27     2.92    1.39    0.00    1.39   0.43  84.00
sde               0.00   450.00    0.00 1699.00     0.00 98788.00   116.29     4.01    2.27    0.00    2.27   0.50  84.80
sde               0.00   433.00    0.00 1548.00     0.00 101148.00   130.68     4.64    3.23    0.00    3.23   0.54  83.20
sde               0.00   559.00    0.00 2113.00     0.00 97480.00    92.27     2.92    1.38    0.00    1.38   0.37  78.00
sde               0.00   491.00    0.00 1876.00     0.00 83880.00    89.42     3.80    2.03    0.00    2.03   0.46  85.60
sde               0.00   434.00    0.00 1655.00     0.00 108344.00   130.93     3.91    2.37    0.00    2.37   0.49  81.60
sde               0.00   529.00    0.00 2011.00     0.00 84440.00    83.98     3.11    1.55    0.00    1.55   0.41  83.20
sde               0.00   414.00    0.00 1577.00     0.00 95436.00   121.03     4.78    3.03    0.00    3.03   0.54  84.40
sde               0.00   373.00    0.00 1406.00     0.00 82196.00   116.92     4.23    2.96    0.00    2.96   0.60  84.80
sde               0.00   505.00    0.00 1911.00     0.00 96684.00   101.19     3.51    1.87    0.00    1.87   0.43  82.40
sde               0.00   469.00    0.00 1765.00     0.00 121504.00   137.68     3.22    1.83    0.00    1.83   0.42  74.80
sde               0.00   555.00    0.00 2158.00     0.00 85044.00    78.82     2.56    1.19    0.00    1.19   0.39  85.20
sde               0.00   452.00    0.00 1702.00     0.00 95980.00   112.78     3.82    2.25    0.00    2.25   0.48  82.40
sde               0.00   508.00    0.00 1905.00     0.00 96720.00   101.54     3.10    1.63    0.00    1.63   0.41  78.00
sde               0.00   478.00    0.00 1900.00     0.00 84004.00    88.43     3.97    2.09    0.00    2.09   0.45  86.40
sde               0.00   485.00    0.00 1830.00     0.00 109076.00   119.21     3.46    1.89    0.00    1.89   0.44  81.20
sde               0.00   461.00    0.00 1771.00     0.00 80736.00    91.18     4.22    2.29    0.00    2.29   0.47  83.20
sde               0.00   413.00    0.00 1567.00     0.00 85376.00   108.97     3.67    2.45    0.00    2.45   0.54  85.20
sde               0.00   490.00    0.00 1857.00     0.00 121912.00   131.30     3.57    1.92    0.00    1.92   0.43  80.40
sde               0.00   507.00    0.00 1904.00     0.00 96672.00   101.55     3.24    1.70    0.00    1.70   0.43  82.40
sde               0.00   558.00    0.00 2199.00     0.00 85304.00    77.58     2.53    1.15    0.00    1.15   0.37  81.20
sde               0.00   484.00    0.00 1835.00     0.00 83580.00    91.10     3.82    2.09    0.00    2.09   0.48  87.60
sde               0.00   377.00    0.00 1404.00     0.00 94840.00   135.10     4.56    3.25    0.00    3.25   0.59  83.20
sde               0.00   439.00    0.00 1685.00     0.00 95752.00   113.65     3.73    2.21    0.00    2.21   0.49  82.40
sde               0.00   474.00    0.00 1818.00     0.00 96384.00   106.03     3.65    2.01    0.00    2.01   0.45  81.60
sde               0.00   493.00    0.00 1806.00     0.00 109240.00   120.97     2.37    1.31    0.00    1.31   0.44  78.80
sde               0.00   511.00    0.00 1977.00     0.00 84560.00    85.54     2.32    1.17    0.00    1.17   0.43  85.20
sde               0.00   532.00    0.00 1996.00     0.00 84428.00    84.60     2.22    1.11    0.00    1.11   0.42  84.00
sde               0.00   539.00    0.00 2022.00     0.00 97300.00    96.24     2.17    1.07    0.00    1.07   0.40  80.00
sde               0.00   520.00    0.00 2001.00     0.00 71900.00    71.86     2.26    1.13    0.00    1.13   0.42  84.40
sde               0.00   454.00    0.00 1709.00     0.00 96024.00   112.37     2.85    1.67    0.00    1.67   0.51  88.00
sde               0.00   499.00    0.00 1902.00     0.00 95240.00   100.15     2.54    1.30    0.00    1.30   0.44  82.80
sde               0.00   517.00    0.00 1844.00     0.00 85724.00    92.98     2.29    1.28    0.00    1.28   0.46  84.40
sde               0.00   476.00    0.00 1783.00     0.00 95568.00   107.20     2.54    1.39    0.00    1.39   0.47  83.60
sde               0.00   484.00    0.00 1776.00     0.00 100304.00   112.95     2.49    1.39    0.00    1.39   0.45  80.40
sde               0.00   521.00    0.00 1936.00     0.00 106664.00   110.19     2.31    1.24    0.00    1.24   0.40  77.20
sde               0.00   585.00    0.00 2212.00     0.00 85544.00    77.35     1.97    0.89    0.00    0.89   0.39  85.20
sde               0.00   518.00    0.00 1924.00     0.00 109700.00   114.03     2.40    1.25    0.00    1.25   0.41  78.80
sde               0.00   505.00    0.00 1887.00     0.00 122296.00   129.62     2.42    1.28    0.00    1.28   0.42  78.80
sde               0.00   515.00    0.00 1890.00     0.00 109576.00   115.95     2.29    1.21    0.00    1.21   0.43  81.20
sde               0.00   524.00    0.00 1975.00     0.00 110004.00   111.40     2.25    1.14    0.00    1.14   0.40  79.60
sde               0.00   528.00    0.00 1969.00     0.00 109864.00   111.59     2.26    1.15    0.00    1.15   0.40  79.60
sde               0.00   515.00    0.00 1897.00     0.00 109728.00   115.69     2.32    1.22    0.00    1.22   0.43  81.20
sde               0.00   552.00    0.00 2083.00     0.00 92048.00    88.38     2.13    0.98    0.00    0.98   0.40  83.20
sde               0.00   478.22    0.00 1802.97     0.00 95271.29   105.68     2.40    1.34    0.00    1.34   0.45  80.40
sde               0.00   459.00    0.00 1717.00     0.00 89300.00   104.02     2.61    1.57    0.00    1.57   0.48  82.80
sde               0.00   441.00    0.00 1662.00     0.00 70436.00    84.76     3.05    1.84    0.00    1.84   0.53  88.40
sde               0.00   447.00    0.00 1689.00     0.00 83304.00    98.64     2.85    1.69    0.00    1.69   0.50  85.20
sde               0.00   555.00    0.00 2069.00     0.00 97504.00    94.25     2.06    0.99    0.00    0.99   0.38  79.60
sde               0.00   570.00    0.00 2222.00     0.00 82320.00    74.10     1.90    0.83    0.00    0.83   0.38  83.60
sde               0.00   511.00    0.00 1878.00     0.00 112724.00   120.05     2.33    1.28    0.00    1.28   0.42  78.00
sde               0.00   562.00    0.00 2103.00     0.00 97760.00    92.97     2.07    0.98    0.00    0.98   0.40  84.00
sde               0.00   474.00    0.00 1736.00     0.00 121600.00   140.09     2.44    1.41    0.00    1.41   0.44  77.20
sde               0.00   498.00    0.00 1861.00     0.00 122316.00   131.45     2.44    1.31    0.00    1.31   0.42  78.00
sde               0.00   553.00    0.00 2104.00     0.00 84964.00    80.76     1.94    0.92    0.00    0.92   0.40  83.20
sde               0.00   521.00    0.00 1927.00     0.00 109708.00   113.86     2.23    1.15    0.00    1.15   0.41  79.60
sde               0.00   453.00    0.00 1671.00     0.00 108664.00   130.06     2.70    1.63    0.00    1.63   0.50  83.20
sde               0.00   482.00    0.00 1824.00     0.00 97640.00   107.06     2.43    1.30    0.00    1.30   0.44  79.60
sde               0.00   519.00    0.00 1961.00     0.00 108920.00   111.09     2.28    1.19    0.00    1.19   0.40  78.40
sde               0.00   560.00    0.00 2100.00     0.00 97616.00    92.97     2.08    0.99    0.00    0.99   0.38  80.80
sde               0.00   550.00    0.00 2102.00     0.00 84944.00    80.82     1.91    0.91    0.00    0.91   0.38  79.60
sde               0.00   520.00    0.00 1933.00     0.00 122488.00   126.73     2.45    1.27    0.00    1.27   0.43  82.40
sde               0.00   567.00    0.00 1987.00     0.00 110084.00   110.80     2.22    1.12    0.00    1.12   0.40  79.60
sde               0.00   477.00    0.00 1767.00     0.00 121968.00   138.05     2.41    1.37    0.00    1.37   0.45  80.00
sde               0.00   534.00    0.00 1982.00     0.00 109920.00   110.92     2.26    1.14    0.00    1.14   0.41  80.40
sde               0.00   436.00    0.00 1675.00     0.00 70576.00    84.27     2.86    1.71    0.00    1.71   0.51  85.60
sde               0.00   531.00    0.00 2004.00     0.00 84456.00    84.29     2.26    1.13    0.00    1.13   0.41  82.40
sde               0.00   509.00    0.00 1956.00     0.00 80516.00    82.33     2.29    1.12    0.00    1.12   0.43  84.00
sde               0.00   501.00    0.00 1868.00     0.00 96432.00   103.25     2.42    1.31    0.00    1.31   0.45  84.00
sde               0.00   537.00    0.00 2003.00     0.00 101460.00   101.31     2.23    1.15    0.00    1.15   0.41  81.20
sde               0.00   513.00    0.00 1866.00     0.00 122256.00   131.04     2.46    1.32    0.00    1.32   0.44  82.80
sde               0.00   595.00    0.00 2266.00     0.00 85752.00    75.69     1.93    0.85    0.00    0.85   0.37  84.80
sde               0.00   511.00    0.00 1903.00     0.00 109596.00   115.18     2.42    1.27    0.00    1.27   0.43  81.60
sde               0.00   508.00    0.00 1861.00     0.00 122236.00   131.37     2.37    1.28    0.00    1.28   0.42  78.80
sde               0.00   510.00    0.00 1928.00     0.00 109808.00   113.91     2.38    1.23    0.00    1.23   0.43  82.00
sde               0.00   555.00    0.00 2095.00     0.00 97592.00    93.17     2.05    0.98    0.00    0.98   0.40  82.80
sde               0.00   583.00    0.00 2210.00     0.00 85528.00    77.40     1.87    0.85    0.00    0.85   0.37  82.80
sde               0.00   508.00    0.00 1879.00     0.00 109532.00   116.59     2.34    1.25    0.00    1.25   0.40  75.20
sde               0.00   535.00    0.00 1998.00     0.00 109980.00   110.09     2.25    1.12    0.00    1.12   0.39  78.40
sde               0.00   530.00    0.00 1993.00     0.00 97184.00    97.53     2.07    1.04    0.00    1.04   0.40  79.60
sde               0.00   484.00    0.00 1827.00     0.00 122164.00   133.73     2.46    1.35    0.00    1.35   0.42  77.20
sde               0.00   512.00    0.00 1912.00     0.00 109624.00   114.67     2.31    1.21    0.00    1.21   0.42  81.20
