sde               0.00     0.99    0.00    1.86     0.00   128.14   137.72     0.01    3.72    1.91    3.72   0.41   0.08
sde               0.00     0.00    0.00    0.00     0.00     0.00     0.00     0.00    0.00    0.00    0.00   0.00   0.00
sde               0.00   525.00    0.00 1537.00     0.00 53212.00    69.24     0.59    0.39    0.00    0.39   0.34  52.40
sde               0.00   839.00    0.00 2570.00     0.00 86860.00    67.60     1.12    0.44    0.00    0.44   0.36  92.40
sde               0.00   820.00    0.00 2426.00     0.00 93240.00    76.87     1.06    0.44    0.00    0.44   0.38  91.20
sde               0.00   805.00    0.00 2386.00     0.00 91260.00    76.50     1.04    0.43    0.00    0.43   0.37  89.20
sde               0.00   849.00    0.00 2527.00     0.00 96592.00    76.45     1.14    0.45    0.00    0.45   0.36  91.60
sde               0.00   843.00    0.00 2432.00     0.00 101352.00    83.35     1.01    0.41    0.00    0.41   0.34  83.60
sde               0.00   846.00    0.00 2262.00     0.00 102688.00    90.79     1.08    0.48    0.00    0.48   0.38  85.60
sde               0.00   929.00    0.00 2521.00     0.00 94052.00    74.61     1.06    0.42    0.00    0.42   0.35  88.00
sde               0.00   907.00    0.00 2482.00     0.00 89420.00    72.05     0.99    0.40    0.00    0.40   0.34  85.60
sde               0.00   881.00    0.00 2403.00     0.00 86396.00    71.91     1.10    0.46    0.00    0.46   0.37  89.60
sde               0.00   909.00    0.00 2524.00     0.00 87772.00    69.55     0.99    0.39    0.00    0.39   0.35  87.60
sde               0.00   906.00    0.00 2449.00     0.00 90068.00    73.55     1.02    0.42    0.00    0.42   0.35  86.40
sde               0.00   891.00    0.00 2428.00     0.00 88336.00    72.76     1.04    0.43    0.00    0.43   0.37  90.80
sde               0.00   887.00    0.00 2342.00     0.00 86444.00    73.82     0.88    0.38    0.00    0.38   0.37  85.60
sde               0.00   938.00    0.00 2409.00     0.00 93136.00    77.32     0.89    0.37    0.00    0.37   0.37  88.00
sde               0.00   898.00    0.00 2368.00     0.00 89244.00    75.38     0.89    0.37    0.00    0.37   0.36  85.20
sde               0.00   906.00    0.00 2340.00     0.00 90840.00    77.64     0.93    0.40    0.00    0.40   0.39  90.40
sde               0.00   913.00    0.00 2408.00     0.00 89460.00    74.30     0.87    0.36    0.00    0.36   0.36  86.40
sde               0.00   901.00    0.00 2355.00     0.00 88384.00    75.06     0.90    0.38    0.00    0.38   0.38  90.00
sde               0.00   949.00    0.00 2445.00     0.00 93156.00    76.20     0.92    0.38    0.00    0.38   0.37  90.40
sde               0.00   935.00    0.00 2464.00     0.00 94340.00    76.57     0.91    0.37    0.00    0.37   0.37  90.40
sde               0.00   901.00    0.00 2340.00     0.00 88692.00    75.81     0.89    0.38    0.00    0.38   0.38  88.00
sde               0.00   887.00    0.00 2344.00     0.00 87864.00    74.97     0.91    0.39    0.00    0.39   0.37  87.60
sde               0.00   897.00    0.00 2337.00     0.00 88992.00    76.16     0.88    0.38    0.00    0.38   0.36  85.20
sde               0.00   925.00    0.00 2432.00     0.00 90292.00    74.25     0.90    0.37    0.00    0.37   0.35  86.00
sde               0.00   842.00    0.00 2297.00     0.00 85192.00    74.18     0.91    0.40    0.00    0.40   0.36  81.60
sde               0.00   940.00    0.00 2433.00     0.00 92204.00    75.79     0.86    0.35    0.00    0.35   0.35  86.00
sde               0.00   899.00    0.00 2335.00     0.00 90084.00    77.16     0.90    0.39    0.00    0.39   0.38  89.20
sde               0.00   937.00    0.00 2467.00     0.00 93300.00    75.64     0.90    0.36    0.00    0.36   0.36  87.60
sde               0.00   914.00    0.00 2345.00     0.00 90936.00    77.56     0.92    0.39    0.00    0.39   0.38  89.60
sde               0.00   924.00    0.00 2430.00     0.00 88740.00    73.04     0.91    0.37    0.00    0.37   0.37  88.80
sde               0.00   898.00    0.00 2328.00     0.00 89004.00    76.46     0.88    0.38    0.00    0.38   0.37  86.80
sde               0.00   934.00    0.00 2423.00     0.00 92280.00    76.17     0.90    0.37    0.00    0.37   0.36  88.40
sde               0.00   912.00    0.00 2398.00     0.00 90312.00    75.32     0.90    0.38    0.00    0.38   0.37  89.20
sde               0.00   927.00    0.00 2374.00     0.00 91080.00    76.73     0.89    0.38    0.00    0.38   0.37  86.80
sde               0.00   922.00    0.00 2431.00     0.00 91492.00    75.27     0.89    0.37    0.00    0.37   0.36  88.40
sde               0.00   887.00    0.00 2279.00     0.00 89692.00    78.71     0.90    0.39    0.00    0.39   0.38  87.20
sde               0.00   939.00    0.00 2438.00     0.00 92344.00    75.75     0.88    0.36    0.00    0.36   0.36  87.60
sde               0.00   885.00    0.00 2313.00     0.00 88176.00    76.24     0.88    0.38    0.00    0.38   0.38  87.20
sde               0.00   905.00    0.00 2356.00     0.00 89100.00    75.64     0.89    0.38    0.00    0.38   0.37  86.00
sde               0.00   906.00    0.00 2375.00     0.00 90352.00    76.09     0.90    0.38    0.00    0.38   0.38  89.20
sde               0.00   912.00    0.00 2387.00     0.00 89228.00    74.76     0.90    0.38    0.00    0.38   0.36  86.80
sde               0.00   906.00    0.00 2351.00     0.00 89252.00    75.93     0.96    0.41    0.00    0.41   0.40  94.00
sde               0.00   930.00    0.00 2448.00     0.00 93208.00    76.15     0.89    0.36    0.00    0.36   0.36  87.20
sde               0.00   897.00    0.00 2340.00     0.00 87236.00    74.56     0.91    0.39    0.00    0.39   0.38  89.60
sde               0.00   923.00    0.00 2451.00     0.00 91544.00    74.70     0.90    0.37    0.00    0.37   0.36  89.20
sde               0.00   891.00    0.00 2353.00     0.00 87208.00    74.12     0.92    0.39    0.00    0.39   0.37  87.60
sde               0.00   891.00    0.00 2305.00     0.00 87140.00    75.61     0.89    0.39    0.00    0.39   0.37  86.40
sde               0.00   880.00    0.00 2345.00     0.00 87444.00    74.58     0.94    0.40    0.00    0.40   0.39  91.60
sde               0.00   936.00    0.00 2404.00     0.00 92968.00    77.34     0.86    0.36    0.00    0.36   0.35  84.40
sde               0.00   898.00    0.00 2369.00     0.00 88512.00    74.73     0.96    0.40    0.00    0.40   0.39  93.20
sde               0.00   912.00    0.00 2358.00     0.00 90972.00    77.16     0.91    0.39    0.00    0.39   0.39  90.80
sde               0.00   937.00    0.00 2438.00     0.00 91304.00    74.90     0.89    0.36    0.00    0.36   0.36  88.40
sde               0.00   889.00    0.00 2392.00     0.00 85824.00    71.76     0.91    0.38    0.00    0.38   0.36  87.20
sde               0.00   954.00    0.00 2467.00     0.00 94132.00    76.31     0.92    0.37    0.00    0.37   0.36  89.60
sde               0.00   903.00    0.00 2372.00     0.00 90304.00    76.14     0.92    0.39    0.00    0.39   0.37  88.40
sde               0.00   927.00    0.00 2406.00     0.00 90272.00    75.04     0.86    0.36    0.00    0.36   0.35  84.80
sde               0.00   899.00    0.00 2342.00     0.00 88144.00    75.27     0.91    0.39    0.00    0.39   0.38  88.00
sde               0.00   905.00    0.00 2395.00     0.00 90404.00    75.49     0.83    0.35    0.00    0.35   0.34  80.40
sde               0.00   933.00    0.00 2405.00     0.00 92084.00    76.58     0.90    0.37    0.00    0.37   0.37  88.80
sde               0.00   921.00    0.00 2330.00     0.00 91052.00    78.16     0.90    0.39    0.00    0.39   0.38  88.80
sde               0.00   931.00    0.00 2445.00     0.00 91420.00    74.78     0.93    0.38    0.00    0.38   0.37  90.80
sde               0.00   914.00    0.00 2347.00     0.00 90908.00    77.47     0.94    0.40    0.00    0.40   0.38  90.00
sde               0.00   910.00    0.00 2417.00     0.00 89592.00    74.13     0.93    0.38    0.00    0.38   0.37  90.40
sde               0.00   879.00    0.00 2288.00     0.00 85228.00    74.50     0.86    0.38    0.00    0.38   0.37  84.40
sde               0.00   897.00    0.00 2363.00     0.00 88496.00    74.90     0.92    0.39    0.00    0.39   0.38  90.80
sde               0.00   900.00    0.00 2346.00     0.00 89056.00    75.92     0.88    0.38    0.00    0.38   0.37  86.00
sde               0.00   901.00    0.00 2354.00     0.00 86428.00    73.43     0.92    0.39    0.00    0.39   0.38  90.40
sde               0.00   883.00    0.00 2316.00     0.00 88284.00    76.24     0.92    0.40    0.00    0.40   0.39  89.60
sde               0.00   876.00    0.00 2289.00     0.00 85220.00    74.46     0.90    0.39    0.00    0.39   0.38  88.00
sde               0.00   920.00    0.00 2431.00     0.00 90572.00    74.51     0.92    0.38    0.00    0.38   0.37  89.60
sde               0.00   865.00    0.00 2229.00     0.00 85900.00    77.07     0.86    0.39    0.00    0.39   0.38  84.00
sde               0.00   908.00    0.00 2351.00     0.00 89116.00    75.81     0.90    0.38    0.00    0.38   0.37  87.20
sde               0.00   893.00    0.00 2367.00     0.00 88484.00    74.76     0.90    0.38    0.00    0.38   0.38  89.20
sde               0.00   894.00    0.00 2324.00     0.00 88088.00    75.81     0.86    0.37    0.00    0.37   0.36  84.40
sde               0.00   936.00    0.00 2494.00     0.00 91696.00    73.53     0.95    0.38    0.00    0.38   0.36  90.40
sde               0.00   883.00    0.00 2311.00     0.00 87092.00    75.37     0.92    0.40    0.00    0.40   0.39  89.20
sde               0.00   911.00    0.00 2370.00     0.00 89160.00    75.24     0.90    0.38    0.00    0.38   0.37  87.20
sde               0.00   896.00    0.00 2388.00     0.00 89412.00    74.88     0.96    0.40    0.00    0.40   0.38  91.60
sde               0.00   935.00    0.00 2440.00     0.00 90412.00    74.11     0.92    0.38    0.00    0.38   0.38  92.00
sde               0.00   904.00    0.00 2376.00     0.00 90324.00    76.03     0.92    0.39    0.00    0.39   0.38  90.00
sde               0.00   942.00    0.00 2462.00     0.00 91404.00    74.25     0.94    0.38    0.00    0.38   0.38  92.40
sde               0.00   910.00    0.00 2354.00     0.00 90904.00    77.23     0.89    0.38    0.00    0.38   0.36  85.20
sde               0.00   866.00    0.00 2273.00     0.00 86304.00    75.94     0.90    0.40    0.00    0.40   0.39  88.00
sde               0.00   837.00    0.00 2151.00     0.00 83752.00    77.87     0.92    0.43    0.00    0.43   0.42  90.40
sde               0.00   924.00    0.00 2442.00     0.00 92400.00    75.68     0.92    0.38    0.00    0.38   0.37  90.00
sde               0.00   897.00    0.00 2299.00     0.00 89812.00    78.13     0.88    0.38    0.00    0.38   0.37  85.20
sde               0.00   888.00    0.00 2301.00     0.00 86236.00    74.96     0.89    0.38    0.00    0.38   0.38  88.00
sde               0.00   881.00    0.00 2349.00     0.00 88308.00    75.19     0.92    0.39    0.00    0.39   0.37  86.80
sde               0.00   917.00    0.00 2395.00     0.00 89300.00    74.57     0.91    0.38    0.00    0.38   0.36  87.20
sde               0.00   940.00    0.00 2468.00     0.00 89876.00    72.83     0.90    0.37    0.00    0.37   0.36  89.60
sde               0.00   930.00    0.00 2407.00     0.00 92908.00    77.20     0.91    0.38    0.00    0.38   0.36  87.20
sde               0.00   928.00    0.00 2381.00     0.00 91992.00    77.27     0.92    0.39    0.00    0.39   0.38  90.40
sde               0.00   930.00    0.00 2460.00     0.00 91604.00    74.47     0.91    0.37    0.00    0.37   0.36  89.60
sde               0.00   896.00    0.00 2314.00     0.00 88984.00    76.91     0.85    0.37    0.00    0.37   0.36  83.60
sde               0.00   909.00    0.00 2393.00     0.00 88648.00    74.09     0.84    0.35    0.00    0.35   0.35  82.80
sde               0.00   909.00    0.00 2339.00     0.00 90860.00    77.69     0.84    0.36    0.00    0.36   0.35  82.40
sde               0.00   874.00    0.00 2264.00     0.00 84268.00    74.44     0.88    0.39    0.00    0.39   0.38  86.00
sde               0.00   918.00    0.00 2436.00     0.00 91452.00    75.08     0.89    0.36    0.00    0.36   0.35  86.00
sde               0.00   937.00    0.00 2422.00     0.00 91260.00    75.36     0.90    0.37    0.00    0.37   0.37  89.20
sde               0.00   918.00    0.00 2419.00     0.00 91392.00    75.56     0.97    0.40    0.00    0.40   0.38  92.80
sde               0.00   916.00    0.00 2389.00     0.00 90988.00    76.17     0.94    0.40    0.00    0.40   0.37  87.20
sde               0.00   899.00    0.00 2328.00     0.00 88140.00    75.72     0.89    0.38    0.00    0.38   0.38  87.60
sde               0.00   934.00    0.00 2474.00     0.00 92536.00    74.81     0.90    0.37    0.00    0.37   0.36  88.00
sde               0.00   909.00    0.00 2406.00     0.00 88324.00    73.42     0.92    0.38    0.00    0.38   0.36  85.60
sde               0.00   890.00    0.00 2377.00     0.00 87592.00    73.70     0.91    0.38    0.00    0.38   0.38  89.60
sde               0.00   937.00    0.00 2445.00     0.00 92148.00    75.38     0.88    0.36    0.00    0.36   0.35  85.60
sde               0.00   922.00    0.00 2387.00     0.00 91060.00    76.30     0.94    0.39    0.00    0.39   0.38  90.80
sde               0.00   935.00    0.00 2451.00     0.00 94244.00    76.90     0.93    0.38    0.00    0.38   0.37  90.00
sde               0.00   908.00    0.00 2353.00     0.00 89140.00    75.77     0.96    0.41    0.00    0.41   0.40  93.20
sde               0.00   940.00    0.00 2466.00     0.00 91388.00    74.12     0.92    0.37    0.00    0.37   0.36  88.40
sde               0.00   917.00    0.00 2442.00     0.00 91436.00    74.89     0.93    0.38    0.00    0.38   0.36  88.80
sde               0.00   915.00    0.00 2350.00     0.00 90964.00    77.42     0.90    0.38    0.00    0.38   0.38  88.80
sde               0.00   927.00    0.00 2446.00     0.00 91536.00    74.85     0.91    0.37    0.00    0.37   0.36  89.20
sde               0.00   911.00    0.00 2324.00     0.00 92616.00    79.70     0.93    0.40    0.00    0.40   0.38  88.80
sde               0.00   947.00    0.00 2441.00     0.00 93140.00    76.31     0.91    0.38    0.00    0.38   0.36  88.40
sde               0.00   908.00    0.00 2412.00     0.00 89564.00    74.27     0.91    0.38    0.00    0.38   0.37  88.40
sde               0.00   919.00    0.00 2372.00     0.00 91020.00    76.75     0.88    0.37    0.00    0.37   0.36  85.60
sde               0.00   940.00    0.00 2450.00     0.00 95036.00    77.58     0.92    0.37    0.00    0.37   0.37  90.00
sde               0.00   902.00    0.00 2338.00     0.00 88300.00    75.53     0.92    0.40    0.00    0.40   0.38  89.60
sde               0.00   947.00    0.00 2393.00     0.00 91192.00    76.22     0.90    0.38    0.00    0.38   0.37  88.00
sde               0.00   905.00    0.00 2369.00     0.00 91240.00    77.03     0.89    0.38    0.00    0.38   0.37  88.40
sde               0.00   950.00    0.00 2442.00     0.00 93184.00    76.32     0.91    0.37    0.00    0.37   0.37  89.60
sde               0.00   928.00    0.00 2389.00     0.00 90228.00    75.54     0.88    0.37    0.00    0.37   0.36  86.40
sde               0.00   881.00    0.00 2352.00     0.00 87476.00    74.38     0.92    0.39    0.00    0.39   0.38  88.80
sde               0.00   936.00    0.00 2435.00     0.00 89492.00    73.50     0.89    0.37    0.00    0.37   0.36  87.20
sde               0.00   915.00    0.00 2424.00     0.00 90536.00    74.70     0.88    0.36    0.00    0.36   0.36  87.20
sde               0.00   910.00    0.00 2360.00     0.00 89184.00    75.58     0.92    0.39    0.00    0.39   0.38  90.00
sde               0.00   933.00    0.00 2415.00     0.00 92112.00    76.28     0.96    0.40    0.00    0.40   0.38  92.40
sde               0.00   903.00    0.00 2364.00     0.00 89412.00    75.64     0.89    0.38    0.00    0.38   0.37  87.60
sde               0.00   950.00    0.00 2468.00     0.00 92332.00    74.82     0.94    0.38    0.00    0.38   0.38  92.80
sde               0.00   918.00    0.00 2401.00     0.00 91360.00    76.10     0.92    0.38    0.00    0.38   0.37  88.40
sde               0.00   934.00    0.00 2431.00     0.00 92140.00    75.80     0.95    0.39    0.00    0.39   0.38  92.40
sde               0.00   946.00    0.00 2468.00     0.00 92312.00    74.81     0.94    0.38    0.00    0.38   0.37  91.20
sde               0.00   915.00    0.00 2361.00     0.00 93032.00    78.81     0.90    0.38    0.00    0.38   0.38  89.20
sde               0.00   948.00    0.00 2462.00     0.00 93220.00    75.73     0.93    0.38    0.00    0.38   0.37  91.60
sde               0.00   917.00    0.00 2385.00     0.00 91220.00    76.49     0.92    0.39    0.00    0.39   0.39  92.00
sde               0.00   941.00    0.00 2464.00     0.00 92408.00    75.01     0.93    0.38    0.00    0.38   0.37  92.00
sde               0.00   897.00    0.00 2326.00     0.00 87236.00    75.01     0.90    0.39    0.00    0.39   0.38  88.80
sde               0.00   939.00    0.00 2470.00     0.00 93444.00    75.66     0.90    0.37    0.00    0.37   0.35  87.60
sde               0.00   918.81    0.00 2392.08     0.00 89413.86    74.76     0.91    0.38    0.00    0.38   0.38  90.30
sde               0.00   897.00    0.00 2328.00     0.00 89132.00    76.57     0.91    0.39    0.00    0.39   0.38  88.80
sde               0.00   933.00    0.00 2458.00     0.00 93224.00    75.85     0.94    0.38    0.00    0.38   0.37  91.60
sde               0.00   913.00    0.00 2374.00     0.00 89244.00    75.18     0.86    0.36    0.00    0.36   0.36  85.20
sde               0.00   943.00    0.00 2428.00     0.00 96016.00    79.09     0.90    0.37    0.00    0.37   0.36  88.40
sde               0.00   885.00    0.00 2333.00     0.00 88016.00    75.45     0.90    0.38    0.00    0.38   0.36  84.80
sde               0.00   942.00    0.00 2441.00     0.00 93084.00    76.27     0.94    0.39    0.00    0.39   0.37  90.40
sde               0.00   891.00    0.00 2363.00     0.00 88436.00    74.85     0.97    0.41    0.00    0.41   0.39  92.80
sde               0.00   933.00    0.00 2428.00     0.00 90356.00    74.43     0.87    0.36    0.00    0.36   0.35  86.00
sde               0.00   929.00    0.00 2453.00     0.00 91568.00    74.66     0.94    0.38    0.00    0.38   0.37  91.60
sde               0.00   916.00    0.00 2313.00     0.00 90796.00    78.51     0.90    0.39    0.00    0.39   0.37  86.40
sde               0.00   915.00    0.00 2374.00     0.00 88336.00    74.42     0.94    0.39    0.00    0.39   0.39  91.60
sde               0.00   932.00    0.00 2456.00     0.00 92476.00    75.31     0.90    0.37    0.00    0.37   0.36  88.00
sde               0.00   890.00    0.00 2342.00     0.00 88052.00    75.19     0.93    0.40    0.00    0.40   0.37  86.80
sde               0.00   908.00    0.00 2380.00     0.00 89360.00    75.09     0.90    0.38    0.00    0.38   0.37  88.80
sde               0.00   928.00    0.00 2439.00     0.00 91348.00    74.91     0.93    0.38    0.00    0.38   0.36  87.60
sde               0.00   928.00    0.00 2393.00     0.00 91140.00    76.17     0.84    0.35    0.00    0.35   0.35  83.20
sde               0.00   887.00    0.00 2357.00     0.00 87548.00    74.29     0.92    0.39    0.00    0.39   0.38  89.60
sde               0.00   925.00    0.00 2393.00     0.00 90244.00    75.42     0.89    0.37    0.00    0.37   0.37  88.80
sde               0.00   941.00    0.00 2472.00     0.00 92412.00    74.77     0.94    0.38    0.00    0.38   0.36  90.00
sde               0.00   924.00    0.00 2516.00     0.00 92240.00    73.32     1.06    0.42    0.00    0.42   0.35  88.40
sde               0.00   896.00    0.00 2409.00     0.00 90792.00    75.38     1.10    0.46    0.00    0.46   0.37  90.00
sde               0.00   902.00    0.00 2464.00     0.00 90364.00    73.35     1.08    0.44    0.00    0.44   0.36  89.60
sde               0.00   890.00    0.00 2377.00     0.00 88952.00    74.84     0.94    0.39    0.00    0.39   0.35  83.60
sde               0.00   913.00    0.00 2365.00     0.00 89212.00    75.44     0.89    0.38    0.00    0.38   0.37  88.40
sde               0.00   878.00    0.00 2321.00     0.00 87384.00    75.30     0.91    0.39    0.00    0.39   0.38  88.40
sde               0.00   928.00    0.00 2401.00     0.00 91160.00    75.94     0.90    0.37    0.00    0.37   0.36  87.60
sde               0.00   888.00    0.00 2325.00     0.00 88336.00    75.99     0.88    0.38    0.00    0.38   0.37  86.80
sde               0.00   905.00    0.00 2349.00     0.00 90004.00    76.63     0.88    0.37    0.00    0.37   0.37  86.80
sde               0.00   902.00    0.00 2331.00     0.00 88144.00    75.63     0.92    0.39    0.00    0.39   0.38  89.20
sde               0.00   911.00    0.00 2410.00     0.00 91352.00    75.81     0.91    0.38    0.00    0.38   0.37  88.00
sde               0.00   925.00    0.00 2385.00     0.00 91956.00    77.11     0.93    0.39    0.00    0.39   0.37  89.20
sde               0.00   882.00    0.00 2350.00     0.00 86608.00    73.71     0.93    0.39    0.00    0.39   0.39  90.80
sde               0.00   929.00    0.00 2411.00     0.00 90288.00    74.90     0.90    0.37    0.00    0.37   0.37  88.40
sde               0.00   904.00    0.00 2334.00     0.00 89956.00    77.08     0.87    0.37    0.00    0.37   0.36  84.80
sde               0.00   876.00    0.00 2320.00     0.00 86488.00    74.56     0.89    0.38    0.00    0.38   0.38  87.60
sde               0.00   886.00    0.00 2306.00     0.00 86224.00    74.78     0.88    0.38    0.00    0.38   0.37  86.40
sde               0.00   906.00    0.00 2374.00     0.00 89472.00    75.38     0.90    0.38    0.00    0.38   0.38  90.00
sde               0.00   927.00    0.00 2403.00     0.00 92052.00    76.61     0.90    0.37    0.00    0.37   0.37  88.00
sde               0.00   908.00    0.00 2348.00     0.00 90020.00    76.68     0.92    0.39    0.00    0.39   0.39  90.80
sde               0.00   947.00    0.00 2426.00     0.00 91560.00    75.48     0.91    0.37    0.00    0.37   0.37  89.60
sde               0.00   882.00    0.00 2305.00     0.00 87092.00    75.57     0.87    0.38    0.00    0.38   0.37  84.80
sde               0.00   875.00    0.00 2322.00     0.00 85584.00    73.72     0.86    0.37    0.00    0.37   0.37  85.60
sde               0.00   904.00    0.00 2332.00     0.00 89964.00    77.16     0.88    0.38    0.00    0.38   0.37  86.80
sde               0.00   914.00    0.00 2334.00     0.00 91796.00    78.66     0.91    0.39    0.00    0.39   0.38  89.60
sde               0.00   880.00    0.00 2319.00     0.00 88276.00    76.13     0.88    0.38    0.00    0.38   0.37  85.20
sde               0.00   916.00    0.00 2335.00     0.00 91792.00    78.62     0.90    0.38    0.00    0.38   0.38  87.60
sde               0.00   919.00    0.00 2430.00     0.00 91448.00    75.27     0.94    0.39    0.00    0.39   0.38  91.20
sde               0.00   939.00    0.00 2420.00     0.00 91264.00    75.42     0.90    0.37    0.00    0.37   0.37  88.80
sde               0.00   898.00    0.00 2320.00     0.00 88124.00    75.97     0.89    0.38    0.00    0.38   0.38  88.40
sde               0.00   893.00    0.00 2348.00     0.00 89296.00    76.06     0.91    0.39    0.00    0.39   0.38  88.40
sde               0.00   922.00    0.00 2363.00     0.00 90144.00    76.30     0.85    0.36    0.00    0.36   0.36  84.80
sde               0.00   921.00    0.00 2407.00     0.00 92316.00    76.71     0.84    0.35    0.00    0.35   0.35  84.00
sde               0.00   900.00    0.00 2328.00     0.00 89932.00    77.26     0.90    0.39    0.00    0.39   0.38  87.60
sde               0.00   930.00    0.00 2404.00     0.00 91172.00    75.85     0.92    0.38    0.00    0.38   0.37  90.00
sde               0.00   891.00    0.00 2377.00     0.00 86724.00    72.97     0.88    0.37    0.00    0.37   0.37  87.20
sde               0.00   928.00    0.00 2368.00     0.00 93736.00    79.17     0.88    0.37    0.00    0.37   0.36  86.40
sde               0.00   905.00    0.00 2386.00     0.00 88468.00    74.16     0.86    0.36    0.00    0.36   0.36  85.20
sde               0.00   858.00    0.00 2261.00     0.00 84308.00    74.58     0.87    0.39    0.00    0.39   0.38  85.20
sde               0.00   925.00    0.00 2368.00     0.00 91952.00    77.66     0.87    0.37    0.00    0.37   0.37  87.20
sde               0.00   891.00    0.00 2344.00     0.00 88420.00    75.44     0.88    0.38    0.00    0.38   0.37  87.60
sde               0.00   904.00    0.00 2335.00     0.00 89088.00    76.31     0.88    0.38    0.00    0.38   0.37  86.80
sde               0.00   927.00    0.00 2399.00     0.00 93036.00    77.56     0.86    0.36    0.00    0.36   0.35  83.60
sde               0.00   904.00    0.00 2375.00     0.00 89308.00    75.21     0.89    0.38    0.00    0.38   0.37  87.60
sde               0.00   919.00    0.00 2374.00     0.00 91032.00    76.69     0.86    0.36    0.00    0.36   0.36  84.80
sde               0.00   890.00    0.00 2374.00     0.00 87592.00    73.79     0.91    0.38    0.00    0.38   0.37  88.80
sde               0.00   942.00    0.00 2447.00     0.00 93140.00    76.13     0.94    0.38    0.00    0.38   0.37  91.60
sde               0.00   937.00    0.00 2435.00     0.00 92292.00    75.80     0.87    0.36    0.00    0.36   0.35  85.60
sde               0.00   852.00    0.00 2235.00     0.00 84240.00    75.38     0.82    0.37    0.00    0.37   0.37  81.60
sde               0.00   893.00    0.00 2320.00     0.00 88052.00    75.91     0.88    0.38    0.00    0.38   0.37  86.00
sde               0.00   953.00    0.00 2459.00     0.00 93492.00    76.04     0.90    0.37    0.00    0.37   0.35  86.80
sde               0.00   896.00    0.00 2336.00     0.00 87236.00    74.69     0.89    0.38    0.00    0.38   0.37  86.80
sde               0.00   939.00    0.00 2400.00     0.00 92992.00    77.49     0.90    0.38    0.00    0.38   0.37  88.80
sde               0.00   918.00    0.00 2413.00     0.00 91428.00    75.78     0.91    0.38    0.00    0.38   0.38  90.80
sde               0.00   910.00    0.00 2324.00     0.00 90824.00    78.16     0.90    0.39    0.00    0.39   0.37  86.80
sde               0.00   866.00    0.00 2278.00     0.00 86320.00    75.79     0.84    0.37    0.00    0.37   0.37  83.60
sde               0.00   901.00    0.00 2330.00     0.00 88148.00    75.66     0.84    0.36    0.00    0.36   0.36  82.80
sde               0.00   906.00    0.00 2353.00     0.00 89080.00    75.72     0.90    0.38    0.00    0.38   0.37  87.20
sde               0.00   867.00    0.00 2274.00     0.00 87216.00    76.71     0.90    0.39    0.00    0.39   0.39  89.20
sde               0.00   904.00    0.00 2337.00     0.00 88196.00    75.48     0.89    0.38    0.00    0.38   0.38  88.00
sde               0.00   906.00    0.00 2388.00     0.00 89496.00    74.95     0.86    0.36    0.00    0.36   0.36  85.20
sde               0.00   912.00    0.00 2384.00     0.00 89244.00    74.87     0.88    0.37    0.00    0.37   0.36  86.00
sde               0.00   876.00    0.00 2343.00     0.00 84744.00    72.34     0.90    0.38    0.00    0.38   0.37  86.80
sde               0.00   925.00    0.00 2390.00     0.00 91992.00    76.98     0.90    0.38    0.00    0.38   0.37  89.20
sde               0.00   935.00    0.00 2416.00     0.00 92112.00    76.25     0.91    0.37    0.00    0.37   0.36  88.00
sde               0.00   902.00    0.00 2373.00     0.00 89420.00    75.36     0.94    0.39    0.00    0.39   0.39  92.00
sde               0.00   944.00    0.00 2421.00     0.00 94860.00    78.36     0.92    0.38    0.00    0.38   0.37  90.00
sde               0.00   919.00    0.00 2369.00     0.00 89244.00    75.34     0.90    0.38    0.00    0.38   0.37  88.80
sde               0.00   898.00    0.00 2361.00     0.00 90252.00    76.45     0.84    0.35    0.00    0.35   0.35  81.60
sde               0.00   864.00    0.00 2242.00     0.00 84172.00    75.09     0.87    0.39    0.00    0.39   0.38  84.80
sde               0.00   935.00    0.00 2457.00     0.00 93360.00    76.00     0.93    0.38    0.00    0.38   0.36  88.40
sde               0.00   906.00    0.00 2328.00     0.00 90852.00    78.05     0.86    0.37    0.00    0.37   0.36  84.80
sde               0.00   938.00    0.00 2430.00     0.00 91296.00    75.14     0.86    0.35    0.00    0.35   0.35  85.20
sde               0.00   908.00    0.00 2394.00     0.00 90412.00    75.53     0.88    0.37    0.00    0.37   0.36  85.60
sde               0.00   889.00    0.00 2313.00     0.00 87160.00    75.37     0.91    0.39    0.00    0.39   0.39  89.60
sde               0.00   918.00    0.00 2434.00     0.00 89680.00    73.69     0.91    0.37    0.00    0.37   0.36  88.80
sde               0.00   888.00    0.00 2309.00     0.00 87152.00    75.49     0.84    0.36    0.00    0.36   0.36  84.00
sde               0.00   888.00    0.00 2271.00     0.00 87920.00    77.43     0.89    0.39    0.00    0.39   0.38  87.20
sde               0.00   885.00    0.00 2341.00     0.00 87484.00    74.74     0.86    0.37    0.00    0.37   0.36  85.20
sde               0.00   918.00    0.00 2367.00     0.00 90992.00    76.88     0.88    0.37    0.00    0.37   0.36  85.60
sde               0.00   904.00    0.00 2325.00     0.00 88412.00    76.05     0.90    0.39    0.00    0.39   0.38  88.00
sde               0.00   885.00    0.00 2277.00     0.00 87028.00    76.44     0.86    0.38    0.00    0.38   0.37  84.40
sde               0.00   851.00    0.00 2215.00     0.00 83284.00    75.20     0.84    0.38    0.00    0.38   0.37  82.80
sde               0.00   887.00    0.00 2316.00     0.00 88192.00    76.16     0.85    0.37    0.00    0.37   0.36  84.40
sde               0.00   883.00    0.00 2257.00     0.00 86956.00    77.05     0.85    0.38    0.00    0.38   0.37  84.00
sde               0.00   907.00    0.00 2411.00     0.00 90452.00    75.03     0.90    0.37    0.00    0.37   0.36  87.60
sde               0.00   903.00    0.00 2300.00     0.00 89844.00    78.13     0.90    0.39    0.00    0.39   0.38  88.00
sde               0.00   880.00    0.00 2298.00     0.00 86316.00    75.12     0.83    0.37    0.00    0.37   0.36  82.80
sde               0.00   920.00    0.00 2397.00     0.00 91240.00    76.13     0.88    0.37    0.00    0.37   0.36  87.20
sde               0.00   909.00    0.00 2333.00     0.00 90000.00    77.15     0.90    0.39    0.00    0.39   0.38  88.80
sde               0.00   917.00    0.00 2393.00     0.00 92256.00    77.10     0.84    0.35    0.00    0.35   0.35  82.80
sde               0.00   934.00    0.00 2406.00     0.00 91208.00    75.82     0.88    0.37    0.00    0.37   0.36  86.80
sde               0.00   889.00    0.00 2313.00     0.00 89072.00    77.02     0.86    0.37    0.00    0.37   0.37  84.80
sde               0.00   904.00    0.00 2352.00     0.00 90144.00    76.65     0.89    0.38    0.00    0.38   0.37  87.60
sde               0.00   929.00    0.00 2410.00     0.00 91156.00    75.65     0.90    0.37    0.00    0.37   0.36  87.20
sde               0.00   880.00    0.00 2313.00     0.00 87396.00    75.57     0.86    0.37    0.00    0.37   0.37  85.20
sde               0.00   941.00    0.00 2442.00     0.00 92224.00    75.53     0.89    0.36    0.00    0.36   0.36  87.20
sde               0.00   916.00    0.00 2390.00     0.00 91056.00    76.20     0.92    0.38    0.00    0.38   0.37  88.80
sde               0.00   822.00    0.00 2180.00     0.00 82244.00    75.45     0.83    0.38    0.00    0.38   0.37  81.60
