sde               0.00     0.68    0.00    1.21     0.00   100.57   165.84     0.01    5.50    1.91    5.50   0.42   0.05
sde               0.00     1.00    0.00    4.00     0.00    20.00    10.00     0.00    0.00    0.00    0.00   0.00   0.00
sde               0.00   828.00    0.00 1387.00     0.00 81764.00   117.90     0.51    0.37    0.00    0.37   0.37  51.20
sde               0.00  1316.00    0.00 2221.00     0.00 132820.00   119.60     0.82    0.37    0.00    0.37   0.37  81.60
sde               0.00  1277.00    0.00 2164.00     0.00 128892.00   119.12     0.83    0.39    0.00    0.39   0.38  82.40
sde               0.00  1194.00    0.00 2029.00     0.00 120516.00   118.79     0.85    0.42    0.00    0.42   0.42  84.80
sde               0.00  1251.00    0.00 2067.00     0.00 123156.00   119.16     0.80    0.39    0.00    0.39   0.39  80.00
sde               0.00  1389.00    0.00 1907.00     0.00 114924.00   120.53     0.79    0.42    0.00    0.42   0.42  79.20
sde               0.00  1284.00    0.00 1756.00     0.00 105512.00   120.17     0.84    0.48    0.00    0.48   0.48  83.60
sde               0.00  1588.00    0.00 2177.00     0.00 130960.00   120.31     0.84    0.39    0.00    0.39   0.39  84.00
sde               0.00  1483.00    0.00 2032.00     0.00 122580.00   120.65     0.80    0.40    0.00    0.40   0.40  80.40
sde               0.00  1607.00    0.00 2203.00     0.00 132260.00   120.07     0.83    0.38    0.00    0.38   0.38  83.20
sde               0.00  1583.00    0.00 2170.00     0.00 129760.00   119.59     0.88    0.40    0.00    0.40   0.40  87.20
sde               0.00  1108.00    0.00 1520.00     0.00 91584.00   120.51     0.85    0.56    0.00    0.56   0.56  84.80
sde               0.00  1290.00    0.00 1761.00     0.00 105520.00   119.84     0.82    0.46    0.00    0.46   0.47  82.40
sde               0.00  1470.00    0.00 2030.00     0.00 121376.00   119.58     0.78    0.39    0.00    0.39   0.38  78.00
sde               0.00  1504.00    0.00 2059.00     0.00 123756.00   120.21     0.80    0.39    0.00    0.39   0.39  80.00
sde               0.00  1321.00    0.00 1819.00     0.00 109032.00   119.88     0.84    0.46    0.00    0.46   0.46  84.40
sde               0.00  1357.00    0.00 1859.00     0.00 111460.00   119.91     0.76    0.41    0.00    0.41   0.41  76.00
sde               0.00  1368.00    0.00 1875.00     0.00 112324.00   119.81     0.80    0.43    0.00    0.43   0.43  80.00
sde               0.00  1439.00    0.00 1979.00     0.00 118784.00   120.04     0.77    0.39    0.00    0.39   0.39  76.80
sde               0.00  1495.00    0.00 2043.00     0.00 122916.00   120.33     0.75    0.37    0.00    0.37   0.37  74.80
sde               0.00  1556.00    0.00 2140.00     0.00 128040.00   119.66     0.80    0.37    0.00    0.37   0.37  79.60
sde               0.00  1471.00    0.00 2025.00     0.00 121736.00   120.23     0.78    0.38    0.00    0.38   0.38  77.60
sde               0.00  1478.00    0.00 2023.00     0.00 121636.00   120.25     0.80    0.40    0.00    0.40   0.39  79.60
sde               0.00  1095.00    0.00 1512.00     0.00 90356.00   119.52     0.84    0.55    0.00    0.55   0.55  83.20
sde               0.00   787.00    0.00 1080.00     0.00 64856.00   120.10     0.86    0.80    0.00    0.80   0.80  86.40
sde               0.00   855.00    0.00 1172.00     0.00 70380.00   120.10     0.81    0.69    0.00    0.69   0.69  81.20
sde               0.00   759.00    0.00 1035.00     0.00 62308.00   120.40     0.91    0.88    0.00    0.88   0.88  90.80
sde               0.00   941.00    0.00 1298.00     0.00 77608.00   119.58     0.86    0.67    0.00    0.67   0.67  86.40
sde               0.00   794.00    0.00 1087.00     0.00 65284.00   120.12     0.87    0.80    0.00    0.80   0.80  86.80
sde               0.00   762.00    0.00 1050.00     0.00 62744.00   119.51     0.89    0.85    0.00    0.85   0.84  88.40
sde               0.00   686.00    0.00  926.00     0.00 55184.00   119.19     0.88    0.95    0.00    0.95   0.95  87.60
sde               0.00   938.00    0.00 1284.00     0.00 77168.00   120.20     0.84    0.65    0.00    0.65   0.65  83.60
sde               0.00   714.00    0.00  979.00     0.00 59404.00   121.36     0.88    0.90    0.00    0.90   0.90  88.40
sde               0.00  1073.00    0.00 1463.00     0.00 87696.00   119.89     0.81    0.55    0.00    0.55   0.55  80.80
sde               0.00  1256.00    0.00 1723.00     0.00 103896.00   120.60     0.85    0.49    0.00    0.49   0.49  84.80
sde               0.00  1224.00    0.00 1680.00     0.00 100948.00   120.18     0.79    0.47    0.00    0.47   0.47  78.80
sde               0.00   926.00    0.00 1263.00     0.00 75780.00   120.00     0.85    0.67    0.00    0.67   0.67  84.80
sde               0.00   880.00    0.00 1201.00     0.00 72476.00   120.69     0.84    0.70    0.00    0.70   0.70  84.40
sde               0.00   967.00    0.00 1321.00     0.00 79296.00   120.05     0.79    0.60    0.00    0.60   0.60  79.20
sde               0.00  1473.00    0.00 2023.00     0.00 121748.00   120.36     0.78    0.38    0.00    0.38   0.39  78.00
sde               0.00  1477.00    0.00 2024.00     0.00 121244.00   119.81     0.84    0.42    0.00    0.42   0.41  83.60
sde               0.00  1523.00    0.00 2080.00     0.00 125048.00   120.24     0.81    0.39    0.00    0.39   0.39  81.20
sde               0.00  1451.00    0.00 1999.00     0.00 120036.00   120.10     0.78    0.39    0.00    0.39   0.39  78.40
sde               0.00  1216.00    0.00 1665.00     0.00 99596.00   119.63     0.80    0.48    0.00    0.48   0.47  78.80
sde               0.00  1296.00    0.00 1785.00     0.00 106908.00   119.78     0.76    0.43    0.00    0.43   0.43  76.40
sde               0.00  1502.00    0.00 2057.00     0.00 123748.00   120.32     0.81    0.39    0.00    0.39   0.39  80.80
sde               0.00  1524.00    0.00 2088.00     0.00 125072.00   119.80     0.79    0.38    0.00    0.38   0.38  79.20
sde               0.00  1459.00    0.00 2010.00     0.00 120488.00   119.89     0.84    0.42    0.00    0.42   0.42  84.40
sde               0.00  1580.00    0.00 2175.00     0.00 130160.00   119.69     0.80    0.36    0.00    0.36   0.37  79.60
sde               0.00  1523.00    0.00 2088.00     0.00 125432.00   120.15     0.84    0.40    0.00    0.40   0.40  83.20
sde               0.00  1480.00    0.00 2042.00     0.00 122612.00   120.09     0.80    0.39    0.00    0.39   0.39  80.00
sde               0.00  1462.00    0.00 2008.00     0.00 119980.00   119.50     0.78    0.39    0.00    0.39   0.39  78.40
sde               0.00  1579.00    0.00 2161.00     0.00 129724.00   120.06     0.84    0.39    0.00    0.39   0.39  83.60
sde               0.00  1391.00    0.00 1918.00     0.00 114460.00   119.35     0.80    0.42    0.00    0.42   0.42  79.60
sde               0.00  1528.00    0.00 2095.00     0.00 126000.00   120.29     0.82    0.39    0.00    0.39   0.39  82.00
sde               0.00  1523.00    0.00 2088.00     0.00 125060.00   119.79     0.82    0.39    0.00    0.39   0.39  80.80
sde               0.00  1574.00    0.00 2158.00     0.00 129304.00   119.84     0.84    0.39    0.00    0.39   0.39  83.60
sde               0.00  1391.00    0.00 1917.00     0.00 114968.00   119.95     0.81    0.42    0.00    0.42   0.42  81.20
sde               0.00  1357.00    0.00 1860.00     0.00 111468.00   119.86     0.87    0.47    0.00    0.47   0.47  87.20
sde               0.00  1399.00    0.00 1926.00     0.00 115792.00   120.24     0.82    0.43    0.00    0.43   0.43  82.00
sde               0.00  1436.00    0.00 1938.00     0.00 116236.00   119.95     0.79    0.41    0.00    0.41   0.41  78.80
sde               0.00  1412.00    0.00 1929.00     0.00 115716.00   119.98     0.80    0.42    0.00    0.42   0.42  80.40
sde               0.00  1473.00    0.00 2023.00     0.00 121740.00   120.36     0.85    0.42    0.00    0.42   0.42  84.80
sde               0.00  1590.00    0.00 2172.00     0.00 130952.00   120.58     0.86    0.40    0.00    0.40   0.40  86.00
sde               0.00  1588.00    0.00 2176.00     0.00 130576.00   120.01     0.84    0.38    0.00    0.38   0.38  82.80
sde               0.00  1550.00    0.00 2123.00     0.00 127968.00   120.55     0.83    0.39    0.00    0.39   0.39  83.20
sde               0.00  1505.00    0.00 2065.00     0.00 123900.00   120.00     0.75    0.36    0.00    0.36   0.36  74.80
sde               0.00  1434.00    0.00 1959.00     0.00 117808.00   120.27     0.79    0.40    0.00    0.40   0.40  78.80
sde               0.00  1468.00    0.00 2008.00     0.00 120396.00   119.92     0.79    0.39    0.00    0.39   0.39  78.00
sde               0.00  1502.00    0.00 2068.00     0.00 124276.00   120.19     0.80    0.38    0.00    0.38   0.38  79.20
sde               0.00  1569.00    0.00 2158.00     0.00 128908.00   119.47     0.80    0.37    0.00    0.37   0.37  79.60
sde               0.00  1522.00    0.00 2085.00     0.00 125448.00   120.33     0.82    0.40    0.00    0.40   0.39  81.60
sde               0.00  1468.00    0.00 2011.00     0.00 120404.00   119.75     0.82    0.41    0.00    0.41   0.40  81.20
sde               0.00  1541.00    0.00 2116.00     0.00 127260.00   120.28     0.81    0.38    0.00    0.38   0.38  80.40
sde               0.00  1414.00    0.00 1941.00     0.00 116144.00   119.67     0.81    0.42    0.00    0.42   0.42  80.80
sde               0.00  1552.00    0.00 2132.00     0.00 127616.00   119.71     0.78    0.37    0.00    0.37   0.37  78.40
sde               0.00  1490.00    0.00 2055.00     0.00 123436.00   120.13     0.80    0.39    0.00    0.39   0.39  79.20
sde               0.00  1473.00    0.00 2030.00     0.00 121244.00   119.45     0.80    0.39    0.00    0.39   0.39  79.20
sde               0.00  1492.00    0.00 2043.00     0.00 122508.00   119.93     0.80    0.39    0.00    0.39   0.39  80.00
sde               0.00  1461.00    0.00 2016.00     0.00 121284.00   120.32     0.77    0.38    0.00    0.38   0.38  76.40
sde               0.00  1561.00    0.00 2137.00     0.00 128056.00   119.85     0.82    0.38    0.00    0.38   0.38  82.00
sde               0.00  1586.00    0.00 2174.00     0.00 130552.00   120.10     0.76    0.35    0.00    0.35   0.35  76.40
sde               0.00  1536.00    0.00 2110.00     0.00 126312.00   119.73     0.78    0.37    0.00    0.37   0.37  77.20
sde               0.00  1573.00    0.00 2166.00     0.00 129352.00   119.44     0.80    0.37    0.00    0.37   0.37  79.60
sde               0.00  1497.00    0.00 2062.00     0.00 123860.00   120.14     0.86    0.42    0.00    0.42   0.41  85.20
sde               0.00  1440.00    0.00 1962.00     0.00 117844.00   120.13     0.83    0.42    0.00    0.42   0.42  82.40
sde               0.00  1645.00    0.00 2270.00     0.00 135676.00   119.54     0.81    0.36    0.00    0.36   0.36  81.20
sde               0.00  1558.00    0.00 2144.00     0.00 128828.00   120.18     0.82    0.38    0.00    0.38   0.38  82.00
sde               0.00  1550.00    0.00 2131.00     0.00 127728.00   119.88     0.81    0.38    0.00    0.38   0.38  80.80
sde               0.00  1640.00    0.00 2254.00     0.00 135232.00   119.99     0.86    0.38    0.00    0.38   0.38  86.00
sde               0.00  1686.00    0.00 2295.00     0.00 137456.00   119.79     0.88    0.38    0.00    0.38   0.38  86.80
sde               0.00  1571.00    0.00 2150.00     0.00 129276.00   120.26     0.84    0.39    0.00    0.39   0.39  83.60
sde               0.00  1385.00    0.00 1900.00     0.00 114508.00   120.53     0.81    0.43    0.00    0.43   0.42  80.00
sde               0.00  1532.00    0.00 2097.00     0.00 126284.00   120.44     0.76    0.36    0.00    0.36   0.36  75.60
sde               0.00  1577.00    0.00 2160.00     0.00 129716.00   120.11     0.82    0.38    0.00    0.38   0.38  82.40
sde               0.00  1603.00    0.00 2190.00     0.00 131824.00   120.39     0.80    0.36    0.00    0.36   0.36  79.60
sde               0.00  1570.00    0.00 2152.00     0.00 129288.00   120.16     0.79    0.37    0.00    0.37   0.37  79.20
sde               0.00  1560.00    0.00 2141.00     0.00 129332.00   120.81     0.77    0.36    0.00    0.36   0.36  76.80
sde               0.00  1584.00    0.00 2168.00     0.00 130156.00   120.07     0.85    0.39    0.00    0.39   0.39  84.80
sde               0.00  1560.00    0.00 2144.00     0.00 128448.00   119.82     0.80    0.38    0.00    0.38   0.37  80.40
sde               0.00  1570.00    0.00 2151.00     0.00 129280.00   120.20     0.84    0.39    0.00    0.39   0.39  83.20
sde               0.00  1633.00    0.00 2237.00     0.00 133992.00   119.80     0.87    0.39    0.00    0.39   0.39  86.40
sde               0.00  1602.00    0.00 2204.00     0.00 132376.00   120.12     0.84    0.38    0.00    0.38   0.38  84.00
sde               0.00  1638.00    0.00 2251.00     0.00 134828.00   119.79     0.88    0.39    0.00    0.39   0.39  87.20
sde               0.00  1592.00    0.00 2180.00     0.00 130980.00   120.17     0.77    0.35    0.00    0.35   0.35  77.20
sde               0.00  1539.00    0.00 2110.00     0.00 126732.00   120.13     0.79    0.37    0.00    0.37   0.37  78.40
sde               0.00  1641.00    0.00 2252.00     0.00 134836.00   119.75     0.86    0.38    0.00    0.38   0.38  85.60
sde               0.00  1591.00    0.00 2187.00     0.00 131512.00   120.27     0.86    0.39    0.00    0.39   0.39  86.00
sde               0.00  1560.00    0.00 2145.00     0.00 128452.00   119.77     0.82    0.38    0.00    0.38   0.38  81.20
sde               0.00  1574.00    0.00 2156.00     0.00 129700.00   120.32     0.78    0.36    0.00    0.36   0.36  78.00
sde               0.00  1526.00    0.00 2102.00     0.00 125504.00   119.41     0.78    0.37    0.00    0.37   0.37  78.40
sde               0.00  1620.00    0.00 2220.00     0.00 133124.00   119.93     0.83    0.37    0.00    0.37   0.37  82.80
sde               0.00  1600.00    0.00 2199.00     0.00 132344.00   120.37     0.82    0.37    0.00    0.37   0.37  81.20
sde               0.00  1620.00    0.00 2225.00     0.00 133144.00   119.68     0.85    0.38    0.00    0.38   0.38  84.80
sde               0.00  1550.00    0.00 2131.00     0.00 127596.00   119.75     0.83    0.39    0.00    0.39   0.38  81.60
sde               0.00  1650.00    0.00 2265.00     0.00 135680.00   119.81     0.85    0.38    0.00    0.38   0.38  85.20
sde               0.00  1575.00    0.00 2161.00     0.00 129712.00   120.05     0.82    0.38    0.00    0.38   0.38  82.00
sde               0.00  1594.00    0.00 2188.00     0.00 131908.00   120.57     0.83    0.38    0.00    0.38   0.38  83.20
sde               0.00  1527.00    0.00 2096.00     0.00 125496.00   119.75     0.79    0.38    0.00    0.38   0.38  78.80
sde               0.00  1475.25    0.00 2017.82     0.00 121275.25   120.20     0.76    0.37    0.00    0.37   0.37  75.64
sde               0.00  1628.00    0.00 2220.00     0.00 132408.00   119.29     0.78    0.35    0.00    0.35   0.35  76.80
sde               0.00  1583.00    0.00 2167.00     0.00 130132.00   120.10     0.83    0.38    0.00    0.38   0.38  83.20
sde               0.00  1597.00    0.00 2186.00     0.00 131924.00   120.70     0.81    0.37    0.00    0.37   0.37  80.40
sde               0.00  1550.00    0.00 2123.00     0.00 127580.00   120.19     0.78    0.37    0.00    0.37   0.37  78.00
sde               0.00  1674.00    0.00 2290.00     0.00 137768.00   120.32     0.84    0.37    0.00    0.37   0.37  83.60
sde               0.00  1559.00    0.00 2130.00     0.00 128412.00   120.57     0.79    0.37    0.00    0.37   0.37  79.20
sde               0.00  1619.00    0.00 2215.00     0.00 133116.00   120.20     0.84    0.38    0.00    0.38   0.38  83.60
sde               0.00  1493.00    0.00 2051.00     0.00 123428.00   120.36     0.77    0.38    0.00    0.38   0.37  76.80
sde               0.00  1615.00    0.00 2208.00     0.00 132692.00   120.19     0.80    0.36    0.00    0.36   0.36  79.60
sde               0.00  1577.00    0.00 2157.00     0.00 129708.00   120.27     0.77    0.36    0.00    0.36   0.36  76.80
sde               0.00  1652.00    0.00 2269.00     0.00 136072.00   119.94     0.86    0.38    0.00    0.38   0.38  86.40
sde               0.00  1548.00    0.00 2126.00     0.00 127220.00   119.68     0.82    0.39    0.00    0.39   0.39  82.00
sde               0.00  1620.00    0.00 2230.00     0.00 134052.00   120.23     0.82    0.37    0.00    0.37   0.36  81.20
sde               0.00  1503.00    0.00 2060.00     0.00 123760.00   120.16     0.81    0.39    0.00    0.39   0.39  80.80
sde               0.00  1526.00    0.00 2086.00     0.00 125072.00   119.92     0.76    0.37    0.00    0.37   0.37  76.40
sde               0.00  1498.00    0.00 2056.00     0.00 123728.00   120.36     0.76    0.37    0.00    0.37   0.37  76.40
sde               0.00  1566.00    0.00 2158.00     0.00 129416.00   119.94     0.72    0.34    0.00    0.34   0.33  72.00
sde               0.00  1578.00    0.00 2162.00     0.00 130124.00   120.37     0.83    0.38    0.00    0.38   0.38  83.20
sde               0.00  1557.00    0.00 2134.00     0.00 127632.00   119.62     0.74    0.35    0.00    0.35   0.35  74.00
sde               0.00  1672.00    0.00 2294.00     0.00 137780.00   120.12     0.82    0.36    0.00    0.36   0.36  81.60
sde               0.00  1594.00    0.00 2188.00     0.00 131008.00   119.75     0.83    0.38    0.00    0.38   0.38  82.80
sde               0.00  1600.00    0.00 2206.00     0.00 132368.00   120.01     0.81    0.37    0.00    0.37   0.37  80.80
sde               0.00  1500.00    0.00 2064.00     0.00 123364.00   119.54     0.81    0.39    0.00    0.39   0.39  80.80
sde               0.00  1509.00    0.00 2063.00     0.00 123784.00   120.00     0.78    0.38    0.00    0.38   0.37  76.80
sde               0.00  1492.00    0.00 2045.00     0.00 122508.00   119.81     0.76    0.37    0.00    0.37   0.37  76.00
sde               0.00  1610.00    0.00 2207.00     0.00 132792.00   120.34     0.80    0.36    0.00    0.36   0.36  79.60
sde               0.00  1529.00    0.00 2096.00     0.00 125876.00   120.11     0.78    0.37    0.00    0.37   0.37  77.60
sde               0.00  1552.00    0.00 2128.00     0.00 127604.00   119.93     0.74    0.35    0.00    0.35   0.35  74.00
sde               0.00  1584.00    0.00 2176.00     0.00 130164.00   119.64     0.86    0.40    0.00    0.40   0.39  85.60
sde               0.00  1532.00    0.00 2111.00     0.00 126444.00   119.80     0.72    0.34    0.00    0.34   0.34  71.60
sde               0.00  1492.00    0.00 2020.00     0.00 120920.00   119.72     0.75    0.37    0.00    0.37   0.37  75.20
sde               0.00  1510.00    0.00 2061.00     0.00 124168.00   120.49     0.77    0.37    0.00    0.37   0.37  77.20
sde               0.00  1492.00    0.00 2047.00     0.00 123424.00   120.59     0.79    0.39    0.00    0.39   0.38  78.80
sde               0.00  1530.00    0.00 2095.00     0.00 125496.00   119.81     0.73    0.35    0.00    0.35   0.35  73.20
sde               0.00  1488.00    0.00 2029.00     0.00 122064.00   120.32     0.78    0.38    0.00    0.38   0.38  78.00
sde               0.00  1602.00    0.00 2190.00     0.00 131828.00   120.39     0.84    0.38    0.00    0.38   0.38  82.80
sde               0.00  1599.00    0.00 2189.00     0.00 131792.00   120.41     0.81    0.37    0.00    0.37   0.37  80.80
sde               0.00  1636.00    0.00 2241.00     0.00 134932.00   120.42     0.76    0.34    0.00    0.34   0.34  75.60
sde               0.00  1620.00    0.00 2219.00     0.00 133124.00   119.99     0.85    0.38    0.00    0.38   0.38  84.80
sde               0.00  1516.00    0.00 2082.00     0.00 124632.00   119.72     0.80    0.38    0.00    0.38   0.38  79.60
sde               0.00  1551.00    0.00 2123.00     0.00 127592.00   120.20     0.83    0.39    0.00    0.39   0.38  81.60
sde               0.00  1476.00    0.00 2037.00     0.00 122176.00   119.96     0.72    0.36    0.00    0.36   0.36  72.40
sde               0.00  1555.00    0.00 2135.00     0.00 128012.00   119.92     0.81    0.38    0.00    0.38   0.38  80.80
sde               0.00  1570.00    0.00 2155.00     0.00 128900.00   119.63     0.82    0.38    0.00    0.38   0.38  82.00
sde               0.00  1510.00    0.00 2072.00     0.00 124200.00   119.88     0.76    0.37    0.00    0.37   0.36  75.60
sde               0.00  1432.00    0.00 1973.00     0.00 118360.00   119.98     0.76    0.39    0.00    0.39   0.38  75.20
sde               0.00  1579.00    0.00 2168.00     0.00 129740.00   119.69     0.82    0.38    0.00    0.38   0.38  81.60
sde               0.00  1528.00    0.00 2095.00     0.00 125488.00   119.80     0.78    0.37    0.00    0.37   0.37  77.60
sde               0.00  1584.00    0.00 2175.00     0.00 130164.00   119.69     0.79    0.36    0.00    0.36   0.36  78.80
sde               0.00  1528.00    0.00 2098.00     0.00 126392.00   120.49     0.79    0.38    0.00    0.38   0.38  79.20
sde               0.00  1583.00    0.00 2177.00     0.00 130172.00   119.59     0.80    0.37    0.00    0.37   0.37  80.00
sde               0.00  1620.00    0.00 2214.00     0.00 133088.00   120.22     0.85    0.39    0.00    0.39   0.38  85.20
sde               0.00  1613.00    0.00 2213.00     0.00 132716.00   119.94     0.82    0.37    0.00    0.37   0.37  82.00
sde               0.00  1492.00    0.00 2057.00     0.00 123448.00   120.03     0.78    0.38    0.00    0.38   0.38  77.60
sde               0.00  1589.00    0.00 2182.00     0.00 130592.00   119.70     0.78    0.36    0.00    0.36   0.35  76.80
sde               0.00  1627.00    0.00 2236.00     0.00 133972.00   119.83     0.77    0.34    0.00    0.34   0.34  76.80
sde               0.00  1518.00    0.00 2078.00     0.00 124644.00   119.97     0.74    0.35    0.00    0.35   0.35  73.60
sde               0.00  1623.00    0.00 2228.00     0.00 133540.00   119.87     0.82    0.37    0.00    0.37   0.37  82.00
sde               0.00  1540.00    0.00 2117.00     0.00 127260.00   120.23     0.83    0.39    0.00    0.39   0.39  83.20
sde               0.00  1604.00    0.00 2206.00     0.00 131872.00   119.56     0.78    0.36    0.00    0.36   0.36  78.40
sde               0.00  1590.00    0.00 2151.00     0.00 128992.00   119.94     0.78    0.36    0.00    0.36   0.36  77.60
sde               0.00  1557.00    0.00 2131.00     0.00 128012.00   120.14     0.74    0.35    0.00    0.35   0.35  73.60
sde               0.00  1512.00    0.00 2064.00     0.00 124184.00   120.33     0.74    0.36    0.00    0.36   0.36  74.40
sde               0.00  1558.00    0.00 2142.00     0.00 128948.00   120.40     0.78    0.36    0.00    0.36   0.36  77.60
sde               0.00  1523.00    0.00 2084.00     0.00 125052.00   120.01     0.80    0.38    0.00    0.38   0.38  80.00
sde               0.00  1582.00    0.00 2161.00     0.00 130116.00   120.42     0.79    0.36    0.00    0.36   0.36  78.40
sde               0.00  1465.00    0.00 2014.00     0.00 121308.00   120.46     0.78    0.39    0.00    0.39   0.39  77.60
