sde               0.00     1.09    0.00    2.12     0.00   138.68   131.08     0.01    3.32    1.91    3.32   0.40   0.09
sde               0.00     1.00    0.00    4.00     0.00    20.00    10.00     0.00    0.00    0.00    0.00   0.00   0.00
sde               0.00   443.00    0.00  904.00     0.00 114688.00   253.73     0.80    0.88    0.00    0.88   0.48  43.60
sde               0.00   671.00    0.00 1366.00     0.00 177524.00   259.92     1.56    1.14    0.00    1.14   0.62  84.40
sde               0.00   521.00    0.00 1092.00     0.00 142024.00   260.12     1.70    1.57    0.00    1.57   0.78  85.20
sde               0.00   544.00    0.00 1049.00     0.00 138408.00   263.89     1.50    1.42    0.00    1.42   0.80  83.60
sde               0.00   564.00    0.00  928.00     0.00 122220.00   263.41     1.80    1.94    0.00    1.94   0.95  88.00
sde               0.00   555.00    0.00  918.00     0.00 121524.00   264.76     1.78    1.95    0.00    1.95   0.96  88.40
sde               0.00   762.00    0.00 1268.00     0.00 167544.00   264.26     1.52    1.21    0.00    1.21   0.63  79.60
sde               0.00   722.00    0.00 1149.00     0.00 155496.00   270.66     1.47    1.28    0.00    1.28   0.71  81.60
sde               0.00   657.00    0.00  968.00     0.00 135872.00   280.73     1.42    1.47    0.00    1.47   0.86  82.80
sde               0.00   526.00    0.00  720.00     0.00 104828.00   291.19     1.50    2.08    0.00    2.08   1.20  86.40
sde               0.00   752.48    0.00 1047.52     0.00 153441.58   292.96     1.35    1.27    0.00    1.27   0.79  83.17
sde               0.00   835.00    0.00 1165.00     0.00 171548.00   294.50     1.31    1.14    0.00    1.14   0.72  83.60
sde               0.00   481.00    0.00  666.00     0.00 96592.00   290.07     1.59    2.39    0.00    2.39   1.38  92.00
sde               0.00   605.00    0.00  823.00     0.00 121548.00   295.38     1.42    1.70    0.00    1.70   1.05  86.80
sde               0.00   696.00    0.00  998.00     0.00 145228.00   291.04     1.33    1.34    0.00    1.34   0.83  82.40
sde               0.00   764.00    0.00 1123.00     0.00 158720.00   282.67     1.36    1.22    0.00    1.22   0.73  82.00
sde               0.00   885.00    0.00 1269.00     0.00 183340.00   288.95     1.28    1.01    0.00    1.01   0.65  82.00
sde               0.00   700.00    0.00  968.00     0.00 143180.00   295.83     1.32    1.37    0.00    1.37   0.87  84.40
sde               0.00   409.00    0.00  547.00     0.00 81068.00   296.41     1.55    2.82    0.00    2.82   1.68  92.00
sde               0.00   332.00    0.00  440.00     0.00 65532.00   297.87     1.54    3.49    0.00    3.49   2.09  92.00
sde               0.00   295.00    0.00  412.00     0.00 60776.00   295.03     1.50    3.63    0.00    3.63   2.18  90.00
sde               0.00   293.00    0.00  401.00     0.00 59568.00   297.10     1.54    3.83    0.00    3.83   2.27  91.20
sde               0.00   394.00    0.00  532.00     0.00 79824.00   300.09     1.46    2.77    0.00    2.77   1.71  90.80
sde               0.00   330.00    0.00  458.00     0.00 66776.00   291.60     1.52    3.33    0.00    3.33   1.99  91.20
sde               0.00   326.00    0.00  443.00     0.00 65548.00   295.93     1.55    3.49    0.00    3.49   2.07  91.60
sde               0.00   370.00    0.00  516.00     0.00 76280.00   295.66     1.53    2.98    0.00    2.98   1.77  91.20
sde               0.00   340.00    0.00  472.00     0.00 70320.00   297.97     1.55    3.31    0.00    3.31   1.97  92.80
sde               0.00   561.00    0.00  790.00     0.00 113216.00   286.62     1.49    1.87    0.00    1.87   1.09  86.40
sde               0.00   633.00    0.00  884.00     0.00 128724.00   291.23     1.48    1.67    0.00    1.67   1.00  88.40
sde               0.00   315.00    0.00  445.00     0.00 65548.00   294.60     1.54    3.43    0.00    3.43   2.03  90.40
sde               0.00   374.00    0.00  460.00     0.00 66980.00   291.22     1.64    3.59    0.00    3.59   1.98  91.20
sde               0.00   309.00    0.00  431.00     0.00 64336.00   298.54     1.56    3.63    0.00    3.63   2.16  93.20
sde               0.00   519.00    0.00  624.00     0.00 100156.00   321.01     1.22    1.96    0.00    1.96   1.43  89.20
sde               0.00   718.00    0.00  808.00     0.00 134676.00   333.36     0.88    1.06    0.00    1.06   1.08  87.60
sde               0.00   682.00    0.00  793.00     0.00 129892.00   327.60     0.88    1.14    0.00    1.14   1.05  83.20
sde               0.00   643.00    0.00  786.00     0.00 123936.00   315.36     0.97    1.23    0.00    1.23   1.09  85.60
sde               0.00   684.00    0.00  773.00     0.00 129848.00   335.96     0.88    1.14    0.00    1.14   1.13  87.60
sde               0.00   885.00    0.00  995.00     0.00 165736.00   333.14     0.85    0.86    0.00    0.86   0.85  84.80
sde               0.00   951.00    0.00 1138.00     0.00 182308.00   320.40     0.92    0.81    0.00    0.81   0.71  80.80
sde               0.00   755.00    0.00  886.00     0.00 144212.00   325.53     0.90    1.02    0.00    1.02   0.95  84.00
sde               0.00   708.00    0.00  792.00     0.00 132304.00   334.10     0.85    1.08    0.00    1.08   1.08  85.20
sde               0.00   740.00    0.00  832.00     0.00 139432.00   335.17     0.90    1.07    0.00    1.07   1.07  88.80
sde               0.00   761.00    0.00  882.00     0.00 145364.00   329.62     0.94    1.07    0.00    1.07   0.96  84.40
sde               0.00   604.00    0.00  680.00     0.00 113208.00   332.96     0.87    1.28    0.00    1.28   1.28  86.80
sde               0.00   740.00    0.00  842.00     0.00 139460.00   331.26     0.87    1.03    0.00    1.03   1.01  85.20
sde               0.00   751.00    0.00  849.00     0.00 141812.00   334.07     0.91    1.07    0.00    1.07   1.06  90.40
sde               0.00   879.00    0.00 1005.00     0.00 166120.00   330.59     0.92    0.91    0.00    0.91   0.86  86.40
sde               0.00   677.00    0.00  816.00     0.00 130672.00   320.27     0.98    1.21    0.00    1.21   1.04  85.20
sde               0.00   660.00    0.00  746.00     0.00 123932.00   332.26     0.88    1.18    0.00    1.18   1.17  87.60
sde               0.00   692.00    0.00  781.00     0.00 129896.00   332.64     0.89    1.13    0.00    1.13   1.13  88.00
sde               0.00   598.00    0.00  715.00     0.00 114388.00   319.97     0.93    1.30    0.00    1.30   1.20  86.00
sde               0.00   725.00    0.00  972.00     0.00 145420.00   299.22     1.10    1.13    0.00    1.13   0.86  84.00
sde               0.00   689.00    0.00  813.00     0.00 132260.00   325.36     0.94    1.16    0.00    1.16   1.02  83.20
sde               0.00   983.00    0.00 1153.00     0.00 187092.00   324.53     0.85    0.74    0.00    0.74   0.70  80.80
sde               0.00   780.00    0.00  886.00     0.00 146632.00   331.00     0.89    1.01    0.00    1.01   1.01  89.20
sde               0.00   702.00    0.00  796.00     0.00 132292.00   332.39     0.85    1.07    0.00    1.07   1.07  84.80
sde               0.00   684.00    0.00  799.00     0.00 129900.00   325.16     0.91    1.14    0.00    1.14   1.05  84.00
sde               0.00   730.00    0.00  830.00     0.00 137080.00   330.31     0.87    1.05    0.00    1.05   1.05  86.80
sde               0.00   817.00    0.00  931.00     0.00 153808.00   330.41     0.89    0.96    0.00    0.96   0.95  88.40
sde               0.00   592.00    0.00  690.00     0.00 112004.00   324.65     0.86    1.23    0.00    1.23   1.19  82.40
sde               0.00   782.00    0.00  859.00     0.00 140832.00   327.90     0.94    1.10    0.00    1.10   0.97  83.60
sde               0.00   717.00    0.00  817.00     0.00 135852.00   332.56     0.92    1.11    0.00    1.11   1.05  86.00
sde               0.00   718.00    0.00  808.00     0.00 134672.00   333.35     0.87    1.07    0.00    1.07   1.07  86.80
sde               0.00   944.00    0.00 1065.00     0.00 178812.00   335.80     0.85    0.80    0.00    0.80   0.78  83.60
sde               0.00   771.00    0.00  874.00     0.00 145288.00   332.47     0.88    1.01    0.00    1.01   0.98  86.00
sde               0.00   730.00    0.00  820.00     0.00 137064.00   334.30     0.85    1.04    0.00    1.04   1.03  84.80
sde               0.00  1121.00    0.00 1361.00     0.00 216924.00   318.77     0.90    0.66    0.00    0.66   0.58  78.40
sde               0.00  1022.00    0.00 1428.00     0.00 208564.00   292.11     1.06    0.74    0.00    0.74   0.52  74.80
sde               0.00   951.00    0.00 1064.00     0.00 179992.00   338.33     0.86    0.81    0.00    0.81   0.81  86.40
sde               0.00   993.00    0.00 1219.00     0.00 191884.00   314.82     0.89    0.73    0.00    0.73   0.63  76.80
sde               0.00  1086.00    0.00 1383.00     0.00 214516.00   310.22     0.94    0.68    0.00    0.68   0.54  74.80
sde               0.00   994.00    0.00 1227.00     0.00 193064.00   314.69     0.99    0.81    0.00    0.81   0.69  84.80
sde               0.00  1119.00    0.00 1432.00     0.00 220396.00   307.82     0.99    0.70    0.00    0.70   0.55  78.80
sde               0.00   790.00    0.00  982.00     0.00 154932.00   315.54     0.98    1.01    0.00    1.01   0.80  78.80
sde               0.00   983.00    0.00 1150.00     0.00 187096.00   325.38     0.85    0.74    0.00    0.74   0.70  80.00
sde               0.00  1139.00    0.00 1387.00     0.00 220500.00   317.95     0.97    0.70    0.00    0.70   0.59  82.40
sde               0.00  1134.00    0.00 1390.00     0.00 219288.00   315.52     0.96    0.68    0.00    0.68   0.56  77.60
sde               0.00  1209.00    0.00 1375.00     0.00 228852.00   332.88     0.83    0.61    0.00    0.61   0.59  81.20
sde               0.00  1200.00    0.00 1348.00     0.00 224036.00   332.40     0.83    0.61    0.00    0.61   0.61  82.80
sde               0.00  1172.00    0.00 1325.00     0.00 220516.00   332.85     0.80    0.60    0.00    0.60   0.60  79.60
sde               0.00  1173.00    0.00 1329.00     0.00 220528.00   331.87     0.83    0.63    0.00    0.63   0.61  80.80
sde               0.00  1177.00    0.00 1346.00     0.00 221716.00   329.44     0.84    0.63    0.00    0.63   0.60  81.20
sde               0.00  1134.00    0.00 1349.00     0.00 214480.00   317.98     0.93    0.69    0.00    0.69   0.60  80.80
sde               0.00  1145.00    0.00 1337.00     0.00 216932.00   324.51     0.89    0.67    0.00    0.67   0.60  79.60
sde               0.00  1214.00    0.00 1376.00     0.00 228884.00   332.68     0.84    0.61    0.00    0.61   0.61  83.60
sde               0.00  1147.00    0.00 1374.00     0.00 219332.00   319.26     0.91    0.66    0.00    0.66   0.57  78.40
sde               0.00  1189.00    0.00 1370.00     0.00 224016.00   327.03     0.89    0.65    0.00    0.65   0.61  84.00
sde               0.00  1138.00    0.00 1282.00     0.00 214524.00   334.67     0.81    0.63    0.00    0.63   0.63  80.80
sde               0.00  1145.00    0.00 1341.00     0.00 216976.00   323.60     0.86    0.64    0.00    0.64   0.57  76.80
sde               0.00  1219.00    0.00 1416.00     0.00 231292.00   326.68     0.89    0.63    0.00    0.63   0.58  82.80
sde               0.00  1195.00    0.00 1359.00     0.00 218224.00   321.15     0.87    0.64    0.00    0.64   0.58  78.80
sde               0.00  1190.00    0.00 1354.00     0.00 225272.00   332.75     0.85    0.63    0.00    0.63   0.60  81.20
sde               0.00  1144.00    0.00 1452.00     0.00 224076.00   308.64     1.10    0.76    0.00    0.76   0.56  81.60
sde               0.00  1095.00    0.00 1487.00     0.00 219300.00   294.96     1.23    0.83    0.00    0.83   0.54  79.60
sde               0.00  1084.00    0.00 1478.00     0.00 216848.00   293.43     1.20    0.81    0.00    0.81   0.53  78.40
sde               0.00  1045.00    0.00 1448.00     0.00 212140.00   293.01     1.20    0.83    0.00    0.83   0.53  77.20
sde               0.00  1075.00    0.00 1478.00     0.00 217056.00   293.72     1.21    0.82    0.00    0.82   0.52  77.20
sde               0.00  1123.00    0.00 1554.00     0.00 228720.00   294.36     1.22    0.79    0.00    0.79   0.50  77.60
sde               0.00  1056.00    0.00 1434.00     0.00 210944.00   294.20     1.16    0.81    0.00    0.81   0.52  75.20
sde               0.00  1088.00    0.00 1489.00     0.00 218032.00   292.86     1.18    0.79    0.00    0.79   0.52  78.00
sde               0.00  1030.00    0.00 1384.00     0.00 207364.00   299.66     1.05    0.76    0.00    0.76   0.52  72.40
sde               0.00  1102.00    0.00 1240.00     0.00 206212.00   332.60     0.78    0.63    0.00    0.63   0.63  77.60
sde               0.00  1113.00    0.00 1246.00     0.00 208576.00   334.79     0.78    0.63    0.00    0.63   0.62  77.60
sde               0.00  1123.00    0.00 1260.00     0.00 210956.00   334.85     0.77    0.62    0.00    0.62   0.61  76.80
sde               0.00  1149.00    0.00 1293.00     0.00 215740.00   333.70     0.78    0.59    0.00    0.59   0.60  77.20
sde               0.00  1187.00    0.00 1338.00     0.00 222920.00   333.21     0.80    0.60    0.00    0.60   0.59  79.20
sde               0.00  1091.00    0.00 1230.00     0.00 205000.00   333.33     0.81    0.66    0.00    0.66   0.65  80.40
sde               0.00  1132.00    0.00 1268.00     0.00 212048.00   334.46     0.79    0.62    0.00    0.62   0.62  78.80
sde               0.00  1172.00    0.00 1328.00     0.00 220532.00   332.13     0.80    0.61    0.00    0.61   0.60  79.60
sde               0.00  1038.00    0.00 1170.00     0.00 195448.00   334.10     0.78    0.67    0.00    0.67   0.66  77.60
sde               0.00  1136.00    0.00 1282.00     0.00 213372.00   332.87     0.81    0.63    0.00    0.63   0.62  80.00
sde               0.00  1091.00    0.00 1231.00     0.00 203836.00   331.17     0.76    0.62    0.00    0.62   0.61  74.80
sde               0.00  1133.00    0.00 1279.00     0.00 213348.00   333.62     0.76    0.59    0.00    0.59   0.59  75.60
sde               0.00  1100.00    0.00 1241.00     0.00 206204.00   332.32     0.74    0.59    0.00    0.59   0.59  73.20
sde               0.00  1100.00    0.00 1237.00     0.00 205040.00   331.51     0.76    0.61    0.00    0.61   0.61  75.20
sde               0.00  1143.00    0.00 1293.00     0.00 215728.00   333.69     0.77    0.60    0.00    0.60   0.59  76.80
sde               0.00  1091.00    0.00 1233.00     0.00 203852.00   330.66     0.78    0.63    0.00    0.63   0.63  78.00
sde               0.00  1126.00    0.00 1277.00     0.00 212160.00   332.28     0.78    0.62    0.00    0.62   0.61  78.00
sde               0.00  1131.00    0.00 1273.00     0.00 212176.00   333.35     0.74    0.58    0.00    0.58   0.58  73.60
sde               0.00  1090.00    0.00 1225.00     0.00 203832.00   332.79     0.83    0.68    0.00    0.68   0.68  82.80
sde               0.00  1208.00    0.00 1328.00     0.00 219412.00   330.44     0.80    0.60    0.00    0.60   0.60  79.60
sde               0.00  1184.00    0.00 1324.00     0.00 222888.00   336.69     0.80    0.61    0.00    0.61   0.60  80.00
sde               0.00  1214.00    0.00 1366.00     0.00 228848.00   335.06     0.78    0.57    0.00    0.57   0.57  77.20
sde               0.00  1154.00    0.00 1293.00     0.00 216920.00   335.53     0.78    0.60    0.00    0.60   0.60  77.60
sde               0.00  1189.00    0.00 1321.00     0.00 221616.00   335.53     0.79    0.60    0.00    0.60   0.59  78.40
sde               0.00  1156.00    0.00 1299.00     0.00 216924.00   333.99     0.77    0.59    0.00    0.59   0.59  76.80
sde               0.00  1044.00    0.00 1180.00     0.00 197784.00   335.23     0.74    0.63    0.00    0.63   0.63  74.00
