sde               0.00     1.14    0.00    2.25     0.00   144.88   128.91     0.01    3.15    1.91    3.15   0.40   0.09
sde               0.00     1.00    0.00    4.00     0.00    20.00    10.00     0.00    0.00    0.00    0.00   0.00   0.00
sde               0.00   421.00    0.00  851.00     0.00 118948.00   279.55     0.74    0.87    0.00    0.87   0.49  42.00
sde               0.00   607.00    0.00 1234.00     0.00 177636.00   287.90     1.65    1.34    0.00    1.34   0.68  84.40
sde               0.00   438.00    0.00  916.00     0.00 131560.00   287.25     1.73    1.89    0.00    1.89   0.90  82.40
sde               0.00   516.00    0.00 1025.00     0.00 147988.00   288.76     1.48    1.44    0.00    1.44   0.75  77.20
sde               0.00   482.00    0.00  802.00     0.00 116116.00   289.57     1.58    1.96    0.00    1.96   0.99  79.60
sde               0.00   491.00    0.00  817.00     0.00 119464.00   292.45     1.73    2.13    0.00    2.13   1.05  86.00
sde               0.00   720.00    0.00 1198.00     0.00 173020.00   288.85     1.43    1.20    0.00    1.20   0.64  76.40
sde               0.00   617.00    0.00 1033.00     0.00 150448.00   291.28     1.42    1.37    0.00    1.37   0.74  76.80
sde               0.00   639.00    0.00  932.00     0.00 146188.00   313.71     1.19    1.27    0.00    1.27   0.82  76.40
sde               0.00   448.00    0.00  609.00     0.00 97892.00   321.48     1.33    2.19    0.00    2.19   1.39  84.40
sde               0.00   698.00    0.00  962.00     0.00 155772.00   323.85     1.19    1.24    0.00    1.24   0.80  77.20
sde               0.00   712.00    0.00  999.00     0.00 160944.00   322.21     1.20    1.19    0.00    1.19   0.79  78.80
sde               0.00   444.00    0.00  603.00     0.00 97700.00   324.05     1.37    2.28    0.00    2.28   1.40  84.40
sde               0.00   548.00    0.00  745.00     0.00 121096.00   325.09     1.25    1.68    0.00    1.68   1.11  82.40
sde               0.00   697.00    0.00  955.00     0.00 156044.00   326.79     1.18    1.26    0.00    1.26   0.84  80.40
sde               0.00   651.00    0.00  904.00     0.00 149128.00   329.93     1.18    1.31    0.00    1.31   0.86  77.60
sde               0.00   784.00    0.00 1086.00     0.00 176800.00   325.60     1.10    1.00    0.00    1.00   0.67  72.40
sde               0.00   640.00    0.00  890.00     0.00 145172.00   326.23     1.16    1.31    0.00    1.31   0.90  80.40
sde               0.00   390.00    0.00  531.00     0.00 87132.00   328.18     1.35    2.49    0.00    2.49   1.66  88.40
sde               0.00   311.00    0.00  419.00     0.00 68620.00   327.54     1.39    3.40    0.00    3.40   2.11  88.40
sde               0.00   313.00    0.00  431.00     0.00 69960.00   324.64     1.41    3.26    0.00    3.26   2.13  91.60
sde               0.00   298.00    0.00  399.00     0.00 65960.00   330.63     1.44    3.64    0.00    3.64   2.24  89.20
sde               0.00   334.00    0.00  462.00     0.00 75232.00   325.68     1.47    3.17    0.00    3.17   1.95  90.00
sde               0.00   302.00    0.00  419.00     0.00 67328.00   321.37     1.37    3.26    0.00    3.26   2.09  87.60
sde               0.00   278.00    0.00  387.00     0.00 63340.00   327.34     1.42    3.65    0.00    3.65   2.32  89.60
sde               0.00   394.00    0.00  521.00     0.00 84396.00   323.98     1.36    2.63    0.00    2.63   1.63  84.80
sde               0.00   363.00    0.00  500.00     0.00 81960.00   327.84     1.32    2.62    0.00    2.62   1.71  85.60
sde               0.00   549.00    0.00  710.00     0.00 115996.00   326.75     1.30    1.84    0.00    1.84   1.19  84.40
sde               0.00   478.00    0.00  652.00     0.00 106972.00   328.13     1.28    1.98    0.00    1.98   1.25  81.60
sde               0.00   297.00    0.00  406.00     0.00 65972.00   324.99     1.39    3.42    0.00    3.42   2.18  88.40
sde               0.00   378.00    0.00  433.00     0.00 71500.00   330.25     1.25    2.84    0.00    2.84   2.07  89.60
sde               0.00   335.00    0.00  371.00     0.00 68632.00   369.98     0.87    2.35    0.00    2.35   2.34  86.80
sde               0.00   591.00    0.00  655.00     0.00 121396.00   370.67     0.80    1.25    0.00    1.25   1.22  80.00
sde               0.00   577.00    0.00  645.00     0.00 118748.00   368.21     0.82    1.27    0.00    1.27   1.27  82.00
sde               0.00   605.00    0.00  672.00     0.00 124044.00   369.18     0.80    1.19    0.00    1.19   1.20  80.40
sde               0.00   671.00    0.00  742.00     0.00 138556.00   373.47     0.83    1.11    0.00    1.11   1.12  82.80
sde               0.00   629.00    0.00  701.00     0.00 129328.00   368.98     0.86    1.24    0.00    1.24   1.22  85.20
sde               0.00   733.00    0.00  809.00     0.00 150476.00   372.00     0.76    0.94    0.00    0.94   0.94  76.00
sde               0.00   851.00    0.00  947.00     0.00 176864.00   373.52     0.78    0.82    0.00    0.82   0.83  78.40
sde               0.00   714.00    0.00  796.00     0.00 145124.00   364.63     0.82    1.03    0.00    1.03   1.03  81.60
sde               0.00   714.00    0.00  788.00     0.00 146508.00   371.85     0.79    1.00    0.00    1.00   1.00  78.80
sde               0.00   654.00    0.00  726.00     0.00 134612.00   370.83     0.82    1.12    0.00    1.12   1.12  81.60
sde               0.00   636.00    0.00  708.00     0.00 130648.00   369.06     0.86    1.21    0.00    1.21   1.21  85.60
sde               0.00   652.00    0.00  727.00     0.00 134608.00   370.31     0.83    1.13    0.00    1.13   1.13  82.40
sde               0.00   737.00    0.00  819.00     0.00 151800.00   370.70     0.76    0.94    0.00    0.94   0.93  76.40
sde               0.00   746.00    0.00  825.00     0.00 154412.00   374.33     0.76    0.92    0.00    0.92   0.92  75.60
sde               0.00   659.00    0.00  735.00     0.00 135932.00   369.88     0.80    1.10    0.00    1.10   1.09  80.00
sde               0.00   587.00    0.00  645.00     0.00 120068.00   372.30     0.79    1.23    0.00    1.23   1.22  78.80
sde               0.00   673.00    0.00  750.00     0.00 138584.00   369.56     0.76    1.01    0.00    1.01   1.01  76.00
sde               0.00   611.00    0.00  677.00     0.00 126644.00   374.13     0.80    1.18    0.00    1.18   1.18  79.60
sde               0.00   579.00    0.00  637.00     0.00 117456.00   368.78     0.81    1.28    0.00    1.28   1.27  81.20
sde               0.00   671.00    0.00  747.00     0.00 137280.00   367.55     0.80    1.06    0.00    1.06   1.07  79.60
sde               0.00   743.00    0.00  823.00     0.00 153116.00   372.09     0.80    0.97    0.00    0.97   0.97  79.60
sde               0.00   812.00    0.00  904.00     0.00 168940.00   373.76     0.78    0.86    0.00    0.86   0.85  76.80
sde               0.00   734.00    0.00  810.00     0.00 150356.00   371.25     0.76    0.94    0.00    0.94   0.94  76.00
sde               0.00   684.00    0.00  766.00     0.00 139948.00   365.40     0.76    1.01    0.00    1.01   1.00  76.40
sde               0.00   610.00    0.00  686.00     0.00 126784.00   369.63     0.82    1.18    0.00    1.18   1.19  81.60
sde               0.00   768.00    0.00  858.00     0.00 157012.00   366.00     0.80    0.94    0.00    0.94   0.92  79.20
sde               0.00   637.00    0.00  715.00     0.00 130676.00   365.53     0.81    1.13    0.00    1.13   1.12  80.40
sde               0.00   548.00    0.00  615.00     0.00 113568.00   369.33     0.83    1.34    0.00    1.34   1.34  82.40
sde               0.00   837.00    0.00  892.00     0.00 163780.00   367.22     0.74    0.83    0.00    0.83   0.83  74.00
sde               0.00   673.00    0.00  747.00     0.00 138572.00   371.01     0.82    1.09    0.00    1.09   1.09  81.60
sde               0.00   712.00    0.00  792.00     0.00 146508.00   369.97     0.83    1.05    0.00    1.05   1.05  82.80
sde               0.00   770.00    0.00  856.00     0.00 158408.00   370.11     0.79    0.92    0.00    0.92   0.91  78.00
sde               0.00   715.00    0.00  785.00     0.00 146348.00   372.86     0.76    0.98    0.00    0.98   0.97  76.00
sde               0.00   893.00    0.00 1002.00     0.00 184880.00   369.02     0.76    0.75    0.00    0.75   0.76  76.00
sde               0.00  1021.00    0.00 1135.00     0.00 209852.00   369.78     0.75    0.67    0.00    0.67   0.66  74.80
sde               0.00   943.00    0.00 1043.00     0.00 193988.00   371.98     0.72    0.69    0.00    0.69   0.69  72.40
sde               0.00   768.00    0.00  852.00     0.00 156984.00   368.51     0.74    0.87    0.00    0.87   0.87  74.40
sde               0.00  1074.00    0.00 1189.00     0.00 221712.00   372.94     0.78    0.65    0.00    0.65   0.65  77.20
sde               0.00   960.00    0.00 1064.00     0.00 197928.00   372.05     0.76    0.71    0.00    0.71   0.72  76.40
sde               0.00   936.00    0.00 1036.00     0.00 191384.00   369.47     0.72    0.70    0.00    0.70   0.68  70.80
sde               0.00   997.00    0.00 1109.00     0.00 205864.00   371.26     0.69    0.62    0.00    0.62   0.62  68.80
sde               0.00   674.00    0.00  747.00     0.00 138576.00   371.02     0.81    1.09    0.00    1.09   1.08  80.80
sde               0.00   913.00    0.00 1017.00     0.00 187516.00   368.76     0.74    0.73    0.00    0.73   0.73  74.00
sde               0.00   968.00    0.00 1073.00     0.00 199264.00   371.41     0.69    0.64    0.00    0.64   0.64  68.40
sde               0.00  1015.00    0.00 1127.00     0.00 208528.00   370.06     0.74    0.66    0.00    0.66   0.65  73.20
sde               0.00  1018.00    0.00 1131.00     0.00 208440.00   368.59     0.71    0.63    0.00    0.63   0.62  70.40
sde               0.00   974.00    0.00 1078.00     0.00 200568.00   372.11     0.71    0.66    0.00    0.66   0.66  70.80
sde               0.00   965.00    0.00 1082.00     0.00 199408.00   368.59     0.73    0.68    0.00    0.68   0.68  73.20
sde               0.00   990.00    0.00 1108.00     0.00 203264.00   366.90     0.73    0.66    0.00    0.66   0.65  72.40
sde               0.00  1054.00    0.00 1178.00     0.00 216380.00   367.37     0.75    0.64    0.00    0.64   0.64  75.20
sde               0.00   971.00    0.00 1086.00     0.00 199304.00   367.04     0.71    0.66    0.00    0.66   0.66  71.20
sde               0.00   994.00    0.00 1116.00     0.00 204584.00   366.64     0.76    0.68    0.00    0.68   0.67  75.20
sde               0.00  1009.00    0.00 1125.00     0.00 207248.00   368.44     0.78    0.69    0.00    0.69   0.69  78.00
sde               0.00   971.00    0.00 1086.00     0.00 200584.00   369.40     0.75    0.69    0.00    0.69   0.69  74.80
sde               0.00  1093.00    0.00 1218.00     0.00 225684.00   370.58     0.80    0.65    0.00    0.65   0.66  80.00
sde               0.00   897.00    0.00 1229.00     0.00 199832.00   325.19     0.97    0.79    0.00    0.79   0.55  68.00
sde               0.00   790.00    0.00 1341.00     0.00 192156.00   286.59     1.44    1.07    0.00    1.07   0.55  74.00
sde               0.00   799.00    0.00 1364.00     0.00 195336.00   286.42     1.38    1.01    0.00    1.01   0.55  75.20
sde               0.00   839.00    0.00 1367.00     0.00 195520.00   286.06     1.29    0.94    0.00    0.94   0.51  70.00
sde               0.00   835.00    0.00 1348.00     0.00 200700.00   297.77     1.27    0.94    0.00    0.94   0.54  72.40
sde               0.00   891.00    0.00 1212.00     0.00 196624.00   324.46     1.02    0.84    0.00    0.84   0.57  69.20
sde               0.00   912.00    0.00 1235.00     0.00 200584.00   324.83     1.04    0.84    0.00    0.84   0.55  67.60
sde               0.00   885.00    0.00 1202.00     0.00 195292.00   324.95     0.98    0.81    0.00    0.81   0.56  67.20
sde               0.00   872.00    0.00 1193.00     0.00 193972.00   325.18     1.03    0.87    0.00    0.87   0.58  68.80
sde               0.00   918.00    0.00 1285.00     0.00 207224.00   322.53     1.12    0.88    0.00    0.88   0.58  74.00
sde               0.00   930.00    0.00 1289.00     0.00 208536.00   323.56     1.14    0.89    0.00    0.89   0.59  75.60
sde               0.00   963.00    0.00 1299.00     0.00 211156.00   325.11     1.08    0.83    0.00    0.83   0.55  70.80
sde               0.00   859.00    0.00 1198.00     0.00 193988.00   323.85     1.00    0.84    0.00    0.84   0.56  67.60
sde               0.00   860.00    0.00 1173.00     0.00 190016.00   323.98     1.02    0.87    0.00    0.87   0.59  69.60
sde               0.00   860.00    0.00 1187.00     0.00 192652.00   324.60     0.99    0.83    0.00    0.83   0.56  66.00
sde               0.00   895.00    0.00 1214.00     0.00 196628.00   323.93     1.08    0.89    0.00    0.89   0.59  72.00
sde               0.00   953.00    0.00 1119.00     0.00 197916.00   353.74     0.81    0.71    0.00    0.71   0.61  68.40
sde               0.00   951.00    0.00 1065.00     0.00 196628.00   369.25     0.69    0.66    0.00    0.66   0.64  68.40
sde               0.00   950.00    0.00 1052.00     0.00 195308.00   371.31     0.70    0.67    0.00    0.67   0.66  69.60
sde               0.00   942.00    0.00 1051.00     0.00 194116.00   369.39     0.69    0.65    0.00    0.65   0.65  68.80
sde               0.00   949.00    0.00 1058.00     0.00 195312.00   369.21     0.70    0.66    0.00    0.66   0.66  69.60
sde               0.00   927.00    0.00 1042.00     0.00 190064.00   364.81     0.72    0.69    0.00    0.69   0.68  71.20
sde               0.00   974.00    0.00 1086.00     0.00 200596.00   369.42     0.70    0.65    0.00    0.65   0.64  70.00
sde               0.00   974.00    0.00 1087.00     0.00 200604.00   369.10     0.70    0.65    0.00    0.65   0.65  70.40
sde               0.00   915.00    0.00 1023.00     0.00 188708.00   368.93     0.73    0.72    0.00    0.72   0.71  72.80
sde               0.00   943.00    0.00 1047.00     0.00 193988.00   370.56     0.71    0.68    0.00    0.68   0.68  70.80
sde               0.00   968.00    0.00 1075.00     0.00 199280.00   370.75     0.73    0.68    0.00    0.68   0.67  72.40
sde               0.00  1026.00    0.00 1148.00     0.00 211192.00   367.93     0.74    0.64    0.00    0.64   0.63  72.40
sde               0.00   944.00    0.00 1055.00     0.00 194012.00   367.80     0.67    0.64    0.00    0.64   0.64  67.20
sde               0.00   932.00    0.00 1045.00     0.00 192776.00   368.95     0.68    0.65    0.00    0.65   0.65  68.00
sde               0.00   962.00    0.00 1075.00     0.00 197972.00   368.32     0.73    0.68    0.00    0.68   0.68  72.80
sde               0.00   970.00    0.00 1081.00     0.00 199280.00   368.70     0.70    0.64    0.00    0.64   0.64  69.60
sde               0.00   988.00    0.00 1107.00     0.00 204564.00   369.58     0.72    0.65    0.00    0.65   0.65  71.60
sde               0.00   986.00    0.00 1067.00     0.00 195504.00   366.46     0.84    0.78    0.00    0.78   0.66  70.40
sde               0.00   951.00    0.00 1057.00     0.00 195324.00   369.58     0.70    0.66    0.00    0.66   0.65  69.20
sde               0.00   911.00    0.00 1005.00     0.00 187368.00   372.87     0.71    0.70    0.00    0.70   0.70  70.80
sde               0.00  1002.00    0.00 1106.00     0.00 205888.00   372.31     0.72    0.65    0.00    0.65   0.65  72.00
sde               0.00  1010.00    0.00 1121.00     0.00 208492.00   371.98     0.75    0.67    0.00    0.67   0.67  74.80
sde               0.00   950.00    0.00 1053.00     0.00 194032.00   368.53     0.68    0.65    0.00    0.65   0.65  68.00
sde               0.00   984.00    0.00 1094.00     0.00 203220.00   371.52     0.68    0.62    0.00    0.62   0.62  67.60
sde               0.00   975.00    0.00 1084.00     0.00 200588.00   370.09     0.74    0.68    0.00    0.68   0.68  73.20
sde               0.00   943.00    0.00 1047.00     0.00 193988.00   370.56     0.68    0.65    0.00    0.65   0.65  67.60
sde               0.00  1031.00    0.00 1145.00     0.00 213756.00   373.37     0.76    0.66    0.00    0.66   0.66  76.00
sde               0.00   980.00    0.00 1107.00     0.00 204512.00   369.49     0.76    0.69    0.00    0.69   0.68  75.60
