sde               0.00     1.26    0.00    2.60     0.00   165.13   127.15     0.01    2.82    1.91    2.82   0.41   0.11
sde               0.00     0.00    0.00    0.00     0.00     0.00     0.00     0.00    0.00    0.00    0.00   0.00   0.00
sde               0.00   400.00    0.00 1422.00     0.00 57664.00    81.10     1.20    0.84    0.00    0.84   0.37  53.20
sde               0.00   596.00    0.00 2258.00     0.00 100528.00    89.04     1.96    0.87    0.00    0.87   0.38  85.60
sde               0.00   590.00    0.00 2305.00     0.00 104344.00    90.54     2.10    0.87    0.00    0.87   0.37  86.00
sde               0.00   506.00    0.00 1902.00     0.00 100772.00   105.96     2.10    1.16    0.00    1.16   0.45  86.40
sde               0.00   520.00    0.00 1942.00     0.00 124736.00   128.46     2.40    1.23    0.00    1.23   0.43  84.40
sde               0.00   526.00    0.00 1926.00     0.00 114556.00   118.96     2.22    1.16    0.00    1.16   0.44  84.80
sde               0.00   527.00    0.00 1934.00     0.00 109596.00   113.34     2.38    1.23    0.00    1.23   0.45  86.80
sde               0.00   589.00    0.00 2198.00     0.00 100452.00    91.40     1.98    0.90    0.00    0.90   0.39  84.80
sde               0.00   557.00    0.00 2069.00     0.00 89652.00    86.66     2.08    1.00    0.00    1.00   0.41  85.60
sde               0.00   564.00    0.00 2093.00     0.00 84756.00    80.99     2.05    0.98    0.00    0.98   0.42  87.20
sde               0.00   542.00    0.00 1990.00     0.00 103716.00   104.24     2.08    1.03    0.00    1.03   0.42  83.20
sde               0.00   511.00    0.00 1770.00     0.00 115164.00   130.13     2.05    1.18    0.00    1.18   0.44  78.40
sde               0.00   560.00    0.00 2022.00     0.00 84628.00    83.71     1.67    0.83    0.00    0.83   0.43  86.80
sde               0.00   578.00    0.00 2062.00     0.00 82604.00    80.12     1.82    0.80    0.00    0.80   0.40  83.20
sde               0.00   545.00    0.00 1968.00     0.00 86564.00    87.97     1.76    0.99    0.00    0.99   0.41  80.80
sde               0.00   466.00    0.00 1610.00     0.00 82880.00   102.96     2.09    1.30    0.00    1.30   0.53  85.20
sde               0.00   588.00    0.00 2112.00     0.00 85012.00    80.50     1.56    0.74    0.00    0.74   0.39  83.20
sde               0.00   565.00    0.00 2030.00     0.00 105084.00   103.53     1.91    0.94    0.00    0.94   0.41  83.60
sde               0.00   563.00    0.00 1990.00     0.00 99744.00   100.25     1.61    0.81    0.00    0.81   0.41  82.00
sde               0.00   610.00    0.00 2183.00     0.00 95596.00    87.58     1.38    0.64    0.00    0.64   0.38  82.00
sde               0.00   547.00    0.00 1894.00     0.00 104604.00   110.46     1.72    0.91    0.00    0.91   0.43  80.80
sde               0.00   512.00    0.00 1808.00     0.00 88824.00    98.26     1.78    0.99    0.00    0.99   0.47  84.40
sde               0.00   577.00    0.00 2057.00     0.00 89924.00    87.43     1.56    0.76    0.00    0.76   0.42  86.80
sde               0.00   579.00    0.00 2034.00     0.00 94844.00    93.26     1.65    0.81    0.00    0.81   0.40  81.60
sde               0.00   603.00    0.00 2201.00     0.00 90644.00    82.37     1.46    0.67    0.00    0.67   0.39  86.80
sde               0.00   607.00    0.00 2130.00     0.00 100352.00    94.23     1.44    0.68    0.00    0.68   0.38  81.20
sde               0.00   596.00    0.00 2124.00     0.00 85136.00    80.17     1.42    0.67    0.00    0.67   0.40  84.80
sde               0.00   544.00    0.00 1941.00     0.00 89440.00    92.16     1.68    0.86    0.00    0.86   0.43  84.40
sde               0.00   517.00    0.00 1836.00     0.00 83816.00    91.30     1.79    0.98    0.00    0.98   0.44  80.80
sde               0.00   497.00    0.00 1778.00     0.00 78544.00    88.35     1.91    1.08    0.00    1.08   0.49  87.60
sde               0.00   520.00    0.00 1755.00     0.00 83740.00    95.43     1.92    1.10    0.00    1.10   0.49  86.00
sde               0.00   587.00    0.00 2105.00     0.00 90132.00    85.64     1.59    0.75    0.00    0.75   0.40  84.80
sde               0.00   535.00    0.00 1859.00     0.00 99216.00   106.74     1.76    0.95    0.00    0.95   0.45  84.00
sde               0.00   611.00    0.00 2210.00     0.00 90552.00    81.95     1.58    0.71    0.00    0.71   0.38  84.00
sde               0.00   571.00    0.00 1939.00     0.00 120892.00   124.70     1.84    0.95    0.00    0.95   0.41  80.40
sde               0.00   556.00    0.00 1925.00     0.00 111900.00   116.26     1.75    0.90    0.00    0.90   0.42  80.00
sde               0.00   616.00    0.00 2174.00     0.00 99732.00    91.75     1.60    0.73    0.00    0.73   0.40  87.60
sde               0.00   567.00    0.00 2022.00     0.00 92756.00    91.75     1.58    0.80    0.00    0.80   0.41  83.60
sde               0.00   548.00    0.00 1966.00     0.00 79444.00    80.82     1.41    0.71    0.00    0.71   0.44  85.60
sde               0.00   493.00    0.00 1774.00     0.00 74556.00    84.05     1.54    0.86    0.00    0.86   0.47  82.80
sde               0.00   535.00    0.00 1857.00     0.00 97176.00   104.66     1.48    0.79    0.00    0.79   0.46  85.20
sde               0.00   478.00    0.00 1604.00     0.00 89428.00   111.51     1.54    0.98    0.00    0.98   0.52  82.80
sde               0.00   566.00    0.00 2025.00     0.00 89920.00    88.81     1.29    0.63    0.00    0.63   0.40  80.00
sde               0.00   523.00    0.00 1813.00     0.00 94196.00   103.91     1.49    0.83    0.00    0.83   0.47  85.60
sde               0.00   532.00    0.00 1859.00     0.00 84020.00    90.39     1.54    0.82    0.00    0.82   0.45  83.60
sde               0.00   552.00    0.00 2023.00     0.00 85864.00    84.89     1.46    0.70    0.00    0.70   0.42  84.00
sde               0.00   574.00    0.00 1962.00     0.00 103912.00   105.92     1.36    0.73    0.00    0.73   0.41  80.40
sde               0.00   519.00    0.00 1831.00     0.00 84012.00    91.77     1.42    0.78    0.00    0.78   0.48  87.20
sde               0.00   552.00    0.00 1929.00     0.00 100804.00   104.51     1.38    0.71    0.00    0.71   0.45  86.40
sde               0.00   601.00    0.00 2154.00     0.00 89236.00    82.86     1.29    0.60    0.00    0.60   0.40  85.60
sde               0.00   587.00    0.00 2085.00     0.00 96304.00    92.38     1.37    0.65    0.00    0.65   0.40  83.60
sde               0.00   598.00    0.00 2122.00     0.00 99384.00    93.67     1.31    0.63    0.00    0.63   0.38  81.20
sde               0.00   546.00    0.00 1865.00     0.00 109756.00   117.70     1.40    0.75    0.00    0.75   0.44  82.00
sde               0.00   578.00    0.00 2056.00     0.00 95068.00    92.48     1.54    0.75    0.00    0.75   0.40  82.40
sde               0.00   561.00    0.00 1991.00     0.00 89640.00    90.05     1.35    0.67    0.00    0.67   0.43  84.80
sde               0.00   588.00    0.00 2072.00     0.00 90120.00    86.99     1.30    0.64    0.00    0.64   0.40  82.80
sde               0.00   500.00    0.00 1760.00     0.00 88844.00   100.96     1.52    0.87    0.00    0.87   0.48  85.20
sde               0.00   516.00    0.00 1807.00     0.00 99260.00   109.86     1.52    0.84    0.00    0.84   0.45  81.20
sde               0.00   484.00    0.00 1730.00     0.00 73232.00    84.66     1.53    0.89    0.00    0.89   0.50  86.40
sde               0.00   488.00    0.00 1748.00     0.00 68452.00    78.32     1.55    0.89    0.00    0.89   0.50  86.80
sde               0.00   424.00    0.00 1399.00     0.00 66916.00    95.66     1.74    1.25    0.00    1.25   0.61  86.00
sde               0.00   451.00    0.00 1646.00     0.00 63944.00    77.70     1.61    0.95    0.00    0.95   0.52  86.00
sde               0.00   455.00    0.00 1579.00     0.00 77780.00    98.52     1.62    1.02    0.00    1.02   0.55  87.20
sde               0.00   309.00    0.00 1048.00     0.00 67684.00   129.17     2.24    2.15    0.00    2.15   0.85  89.20
sde               0.00   401.00    0.00 1401.00     0.00 68980.00    98.47     1.91    1.40    0.00    1.40   0.62  86.80
sde               0.00   484.00    0.00 1705.00     0.00 86056.00   100.95     1.60    0.92    0.00    0.92   0.51  86.40
sde               0.00   474.00    0.00 1714.00     0.00 70728.00    82.53     1.67    0.99    0.00    0.99   0.50  85.60
sde               0.00   455.00    0.00 1611.00     0.00 68676.00    85.26     1.64    1.00    0.00    1.00   0.55  88.00
sde               0.00   490.00    0.00 1751.00     0.00 67456.00    77.05     1.50    0.87    0.00    0.87   0.51  89.20
sde               0.00   444.00    0.00 1564.00     0.00 72592.00    92.83     1.59    1.02    0.00    1.02   0.53  83.20
sde               0.00   446.00    0.00 1491.00     0.00 89084.00   119.50     1.72    1.13    0.00    1.13   0.58  86.40
sde               0.00   398.00    0.00 1385.00     0.00 75820.00   109.49     1.81    1.33    0.00    1.33   0.63  86.80
sde               0.00   520.00    0.00 1871.00     0.00 73928.00    79.03     1.54    0.82    0.00    0.82   0.45  84.80
sde               0.00   517.00    0.00 1847.00     0.00 85084.00    92.13     1.52    0.81    0.00    0.81   0.47  86.00
sde               0.00   438.00    0.00 1552.00     0.00 67536.00    87.03     1.72    1.10    0.00    1.10   0.56  86.80
sde               0.00   536.00    0.00 1882.00     0.00 83224.00    88.44     1.37    0.74    0.00    0.74   0.46  86.00
sde               0.00   518.00    0.00 1787.00     0.00 104340.00   116.78     1.50    0.84    0.00    0.84   0.47  83.60
sde               0.00   482.00    0.00 1697.00     0.00 78232.00    92.20     1.63    0.95    0.00    0.95   0.51  86.80
sde               0.00   593.00    0.00 2133.00     0.00 89656.00    84.07     1.50    0.70    0.00    0.70   0.41  88.00
sde               0.00   510.00    0.00 1784.00     0.00 89588.00   100.43     1.49    0.85    0.00    0.85   0.48  85.60
sde               0.00   532.00    0.00 1920.00     0.00 79232.00    82.53     1.60    0.84    0.00    0.84   0.45  86.80
sde               0.00   554.00    0.00 1984.00     0.00 84604.00    85.29     1.36    0.69    0.00    0.69   0.44  86.80
sde               0.00   442.00    0.00 1538.00     0.00 67508.00    87.79     1.62    1.05    0.00    1.05   0.53  82.00
sde               0.00   451.00    0.00 1574.00     0.00 89128.00   113.25     1.60    1.00    0.00    1.00   0.53  83.60
sde               0.00   479.00    0.00 1703.00     0.00 67136.00    78.84     1.61    0.96    0.00    0.96   0.51  86.80
sde               0.00   424.00    0.00 1480.00     0.00 78368.00   105.90     1.71    1.11    0.00    1.11   0.57  84.00
sde               0.00   465.00    0.00 1674.00     0.00 67128.00    80.20     1.68    1.04    0.00    1.04   0.51  86.00
sde               0.00   412.00    0.00 1475.00     0.00 70140.00    95.11     1.84    1.20    0.00    1.20   0.59  87.60
sde               0.00   499.00    0.00 1770.00     0.00 83756.00    94.64     1.69    0.98    0.00    0.98   0.48  84.80
sde               0.00   574.00    0.00 2052.00     0.00 81836.00    79.76     1.30    0.65    0.00    0.65   0.42  86.80
sde               0.00   521.00    0.00 1729.00     0.00 96012.00   111.06     1.52    0.86    0.00    0.86   0.50  85.60
sde               0.00   567.00    0.00 1989.00     0.00 88660.00    89.15     1.38    0.69    0.00    0.69   0.44  87.20
sde               0.00   524.00    0.00 1823.00     0.00 93204.00   102.25     1.48    0.84    0.00    0.84   0.46  83.20
sde               0.00   567.00    0.00 1992.00     0.00 105124.00   105.55     1.47    0.74    0.00    0.74   0.43  85.20
sde               0.00   569.00    0.00 2022.00     0.00 84660.00    83.74     1.39    0.69    0.00    0.69   0.42  85.60
sde               0.00   596.00    0.00 2119.00     0.00 85320.00    80.53     1.23    0.58    0.00    0.58   0.39  83.20
sde               0.00   557.00    0.00 1940.00     0.00 99704.00   102.79     1.32    0.67    0.00    0.67   0.42  81.60
sde               0.00   531.00    0.00 1843.00     0.00 97384.00   105.68     1.45    0.79    0.00    0.79   0.44  81.60
sde               0.00   508.00    0.00 1713.00     0.00 100856.00   117.75     1.58    0.93    0.00    0.93   0.50  85.20
sde               0.00   507.00    0.00 1772.00     0.00 94012.00   106.11     1.50    0.85    0.00    0.85   0.48  84.80
sde               0.00   541.00    0.00 1952.00     0.00 84472.00    86.55     1.46    0.75    0.00    0.75   0.41  80.40
sde               0.00   551.00    0.00 1904.00     0.00 94448.00    99.21     1.40    0.74    0.00    0.74   0.44  83.20
sde               0.00   509.00    0.00 1739.00     0.00 104136.00   119.77     1.56    0.90    0.00    0.90   0.48  83.60
sde               0.00   585.00    0.00 2056.00     0.00 101444.00    98.68     1.29    0.62    0.00    0.62   0.40  82.40
sde               0.00   550.00    0.00 1841.00     0.00 123752.00   134.44     1.49    0.82    0.00    0.82   0.43  79.60
sde               0.00   589.00    0.00 2114.00     0.00 90124.00    85.26     1.39    0.66    0.00    0.66   0.38  80.00
sde               0.00   583.00    0.00 2104.00     0.00 85224.00    81.01     1.36    0.65    0.00    0.65   0.40  85.20
sde               0.00   576.00    0.00 2038.00     0.00 89836.00    88.16     1.40    0.69    0.00    0.69   0.42  86.40
sde               0.00   612.00    0.00 2165.00     0.00 90376.00    83.49     1.30    0.60    0.00    0.60   0.39  84.00
sde               0.00   451.00    0.00 1576.00     0.00 83104.00   105.46     1.66    1.06    0.00    1.06   0.53  83.60
sde               0.00   552.00    0.00 1891.00     0.00 109732.00   116.06     1.43    0.76    0.00    0.76   0.43  80.80
sde               0.00   582.00    0.00 2111.00     0.00 85236.00    80.75     1.31    0.62    0.00    0.62   0.41  86.40
sde               0.00   525.00    0.00 1800.00     0.00 104244.00   115.83     1.60    0.89    0.00    0.89   0.47  84.00
sde               0.00   557.00    0.00 1955.00     0.00 92448.00    94.58     1.37    0.69    0.00    0.69   0.44  85.60
sde               0.00   598.00    0.00 2085.00     0.00 112828.00   108.23     1.44    0.70    0.00    0.70   0.41  85.20
sde               0.00   511.00    0.00 1739.00     0.00 93792.00   107.87     1.42    0.82    0.00    0.82   0.50  86.40
sde               0.00   586.00    0.00 2091.00     0.00 90296.00    86.37     1.30    0.62    0.00    0.62   0.42  87.20
sde               0.00   566.00    0.00 2043.00     0.00 84708.00    82.93     1.39    0.68    0.00    0.68   0.42  85.20
sde               0.00   560.00    0.00 1936.00     0.00 99688.00   102.98     1.50    0.77    0.00    0.77   0.42  81.20
sde               0.00   565.00    0.00 1970.00     0.00 105040.00   106.64     1.35    0.68    0.00    0.68   0.42  82.40
sde               0.00   596.00    0.00 2031.00     0.00 79840.00    78.62     1.22    0.60    0.00    0.60   0.41  83.60
sde               0.00   530.00    0.00 1798.00     0.00 99152.00   110.29     1.41    0.78    0.00    0.78   0.46  83.20
sde               0.00   581.00    0.00 2068.00     0.00 90212.00    87.25     1.36    0.66    0.00    0.66   0.41  85.20
sde               0.00   536.00    0.00 1884.00     0.00 94328.00   100.14     1.53    0.81    0.00    0.81   0.45  84.40
sde               0.00   583.00    0.00 2074.00     0.00 89980.00    86.77     1.39    0.67    0.00    0.67   0.41  84.80
sde               0.00   574.00    0.00 1972.00     0.00 110192.00   111.76     1.31    0.67    0.00    0.67   0.40  79.60
sde               0.00   594.00    0.00 2108.00     0.00 95380.00    90.49     1.30    0.62    0.00    0.62   0.39  82.80
sde               0.00   507.00    0.00 1695.00     0.00 100796.00   118.93     1.56    0.91    0.00    0.91   0.51  86.80
sde               0.00   559.00    0.00 1966.00     0.00 102964.00   104.74     1.37    0.70    0.00    0.70   0.42  82.80
sde               0.00   592.00    0.00 2100.00     0.00 90100.00    85.81     1.40    0.66    0.00    0.66   0.41  85.20
sde               0.00   459.00    0.00 1580.00     0.00 93240.00   118.03     1.58    1.00    0.00    1.00   0.53  83.20
sde               0.00   554.00    0.00 1887.00     0.00 104624.00   110.89     1.42    0.75    0.00    0.75   0.45  84.80
sde               0.00   580.00    0.00 2089.00     0.00 95408.00    91.34     1.29    0.62    0.00    0.62   0.40  83.60
sde               0.00   552.00    0.00 1903.00     0.00 100584.00   105.71     1.40    0.73    0.00    0.73   0.44  84.40
sde               0.00   549.00    0.00 1943.00     0.00 93672.00    96.42     1.46    0.76    0.00    0.76   0.44  84.80
sde               0.00   526.00    0.00 1835.00     0.00 89040.00    97.05     1.51    0.82    0.00    0.82   0.46  84.00
sde               0.00   548.00    0.00 1964.00     0.00 94740.00    96.48     1.46    0.75    0.00    0.75   0.42  82.80
sde               0.00   584.00    0.00 2049.00     0.00 90920.00    88.75     1.34    0.64    0.00    0.64   0.42  86.00
sde               0.00   544.00    0.00 1875.00     0.00 106872.00   114.00     1.42    0.74    0.00    0.74   0.44  82.00
sde               0.00   588.00    0.00 2081.00     0.00 86956.00    83.57     1.24    0.62    0.00    0.62   0.40  82.80
sde               0.00   551.00    0.00 1942.00     0.00 89576.00    92.25     1.38    0.71    0.00    0.71   0.44  85.60
sde               0.00   572.00    0.00 2039.00     0.00 95964.00    94.13     1.46    0.70    0.00    0.70   0.41  84.40
sde               0.00   471.00    0.00 1740.00     0.00 71048.00    81.66     1.76    1.00    0.00    1.00   0.51  88.00
sde               0.00   553.00    0.00 1926.00     0.00 90820.00    94.31     1.40    0.76    0.00    0.76   0.44  85.20
sde               0.00   594.00    0.00 2121.00     0.00 85312.00    80.45     1.21    0.57    0.00    0.57   0.39  83.20
sde               0.00   542.00    0.00 1852.00     0.00 104464.00   112.81     1.43    0.77    0.00    0.77   0.44  81.20
sde               0.00   562.00    0.00 2077.00     0.00 84784.00    81.64     1.75    0.84    0.00    0.84   0.40  83.60
sde               0.00   509.00    0.00 1857.00     0.00 93904.00   101.14     2.05    1.11    0.00    1.11   0.44  82.00
sde               0.00   576.00    0.00 2185.00     0.00 85108.00    77.90     1.77    0.81    0.00    0.81   0.38  83.60
sde               0.00   581.00    0.00 2175.00     0.00 85076.00    78.23     1.82    0.83    0.00    0.83   0.38  82.80
sde               0.00   566.00    0.00 1945.00     0.00 94400.00    97.07     1.92    0.99    0.00    0.99   0.42  81.20
sde               0.00   575.00    0.00 2187.00     0.00 85232.00    77.94     1.80    0.82    0.00    0.82   0.39  85.60
sde               0.00   569.00    0.00 2074.00     0.00 104972.00   101.23     1.98    0.95    0.00    0.95   0.39  80.40
sde               0.00   523.00    0.00 1931.00     0.00 103340.00   107.03     2.07    1.05    0.00    1.05   0.41  80.00
sde               0.00   514.00    0.00 1900.00     0.00 87204.00    91.79     2.10    1.10    0.00    1.10   0.44  84.00
sde               0.00   549.00    0.00 2045.00     0.00 87496.00    85.57     1.93    0.97    0.00    0.97   0.41  84.00
sde               0.00   509.00    0.00 1897.00     0.00 68812.00    72.55     2.02    1.06    0.00    1.06   0.44  83.20
sde               0.00   527.00    0.00 1929.00     0.00 84076.00    87.17     1.88    0.97    0.00    0.97   0.43  82.80
sde               0.00   507.00    0.00 1832.00     0.00 78644.00    85.86     1.83    1.00    0.00    1.00   0.45  83.20
sde               0.00   542.57    0.00 1864.36     0.00 103536.63   111.07     1.59    0.85    0.00    0.85   0.43  80.00
sde               0.00   524.00    0.00 1849.00     0.00 99260.00   107.37     1.84    1.00    0.00    1.00   0.44  81.20
sde               0.00   568.00    0.00 2031.00     0.00 94896.00    93.45     1.61    0.79    0.00    0.79   0.41  82.40
sde               0.00   585.00    0.00 2060.00     0.00 89788.00    87.17     1.63    0.78    0.00    0.78   0.41  84.00
sde               0.00   569.00    0.00 2087.00     0.00 82956.00    79.50     1.63    0.77    0.00    0.77   0.40  83.60
sde               0.00   550.00    0.00 1965.00     0.00 81296.00    82.74     1.60    0.84    0.00    0.84   0.43  84.40
sde               0.00   535.00    0.00 1931.00     0.00 79188.00    82.02     1.53    0.79    0.00    0.79   0.44  84.00
sde               0.00   559.00    0.00 1976.00     0.00 99828.00   101.04     1.55    0.78    0.00    0.78   0.39  77.60
sde               0.00   555.00    0.00 1956.00     0.00 99608.00   101.85     1.66    0.85    0.00    0.85   0.42  81.20
sde               0.00   597.00    0.00 2148.00     0.00 85300.00    79.42     1.51    0.70    0.00    0.70   0.38  80.80
sde               0.00   552.00    0.00 1979.00     0.00 93572.00    94.56     1.68    0.84    0.00    0.84   0.43  84.80
sde               0.00   578.00    0.00 2046.00     0.00 92988.00    90.90     1.67    0.82    0.00    0.82   0.41  83.20
sde               0.00   592.00    0.00 2180.00     0.00 83208.00    76.34     1.48    0.68    0.00    0.68   0.38  83.20
sde               0.00   451.00    0.00 1557.00     0.00 83684.00   107.49     2.13    1.35    0.00    1.35   0.52  81.60
sde               0.00   498.00    0.00 1753.00     0.00 92744.00   105.81     2.00    1.16    0.00    1.16   0.46  80.80
sde               0.00   528.00    0.00 1884.00     0.00 89084.00    94.57     1.63    0.86    0.00    0.86   0.43  80.40
sde               0.00   602.00    0.00 2209.00     0.00 90568.00    82.00     1.66    0.75    0.00    0.75   0.38  83.60
sde               0.00   558.00    0.00 1986.00     0.00 107892.00   108.65     1.64    0.82    0.00    0.82   0.41  81.60
sde               0.00   581.00    0.00 2039.00     0.00 102092.00   100.14     1.59    0.79    0.00    0.79   0.40  82.40
sde               0.00   593.00    0.00 2105.00     0.00 95104.00    90.36     1.53    0.73    0.00    0.73   0.39  82.00
sde               0.00   568.00    0.00 2062.00     0.00 79696.00    77.30     1.47    0.71    0.00    0.71   0.40  82.00
sde               0.00   557.00    0.00 1924.00     0.00 79288.00    82.42     1.74    0.90    0.00    0.90   0.45  86.00
sde               0.00   579.00    0.00 2078.00     0.00 84776.00    81.59     1.50    0.72    0.00    0.72   0.40  83.20
sde               0.00   501.00    0.00 1743.00     0.00 116148.00   133.27     2.06    1.17    0.00    1.17   0.45  79.20
sde               0.00   561.00    0.00 1960.00     0.00 102852.00   104.95     1.57    0.82    0.00    0.82   0.40  78.00
sde               0.00   535.00    0.00 1880.00     0.00 88180.00    93.81     1.38    0.71    0.00    0.71   0.44  83.60
sde               0.00   537.00    0.00 1864.00     0.00 95436.00   102.40     1.49    0.82    0.00    0.82   0.44  81.20
sde               0.00   591.00    0.00 2154.00     0.00 86300.00    80.13     1.32    0.60    0.00    0.60   0.39  84.40
sde               0.00   550.00    0.00 1896.00     0.00 88292.00    93.14     1.32    0.71    0.00    0.71   0.43  82.40
sde               0.00   539.00    0.00 1878.00     0.00 99572.00   106.04     1.40    0.74    0.00    0.74   0.45  83.60
sde               0.00   552.00    0.00 1942.00     0.00 89600.00    92.28     1.30    0.67    0.00    0.67   0.41  79.20
sde               0.00   584.00    0.00 2076.00     0.00 85012.00    81.90     1.28    0.62    0.00    0.62   0.41  84.80
sde               0.00   593.00    0.00 2128.00     0.00 85208.00    80.08     1.27    0.60    0.00    0.60   0.38  80.00
sde               0.00   559.00    0.00 1939.00     0.00 104804.00   108.10     1.34    0.69    0.00    0.69   0.43  82.80
sde               0.00   571.00    0.00 2042.00     0.00 84856.00    83.11     1.33    0.65    0.00    0.65   0.42  84.80
sde               0.00   570.00    0.00 1911.00     0.00 114972.00   120.33     1.27    0.66    0.00    0.66   0.40  77.20
sde               0.00   561.00    0.00 2040.00     0.00 90080.00    88.31     1.23    0.60    0.00    0.60   0.40  82.00
sde               0.00   588.00    0.00 1970.00     0.00 115076.00   116.83     1.38    0.70    0.00    0.70   0.41  81.60
sde               0.00   570.00    0.00 2010.00     0.00 100080.00    99.58     1.28    0.63    0.00    0.63   0.39  77.60
sde               0.00   557.00    0.00 1953.00     0.00 104836.00   107.36     1.38    0.71    0.00    0.71   0.42  81.60
sde               0.00   594.00    0.00 2084.00     0.00 95404.00    91.56     1.21    0.58    0.00    0.58   0.37  77.60
sde               0.00   577.00    0.00 2037.00     0.00 94980.00    93.25     1.28    0.63    0.00    0.63   0.40  81.60
sde               0.00   596.00    0.00 2080.00     0.00 100284.00    96.43     1.24    0.59    0.00    0.59   0.38  78.40
sde               0.00   558.00    0.00 1940.00     0.00 110036.00   113.44     1.45    0.75    0.00    0.75   0.43  84.00
sde               0.00   573.00    0.00 2019.00     0.00 100000.00    99.06     1.35    0.67    0.00    0.67   0.40  80.00
sde               0.00   479.00    0.00 1692.00     0.00 93780.00   110.85     1.54    0.91    0.00    0.91   0.49  82.40
sde               0.00   468.00    0.00 1595.00     0.00 82976.00   104.05     1.52    0.96    0.00    0.96   0.53  84.80
sde               0.00   551.00    0.00 1986.00     0.00 79520.00    80.08     1.29    0.65    0.00    0.65   0.42  83.60
sde               0.00   569.00    0.00 1948.00     0.00 109976.00   112.91     1.35    0.69    0.00    0.69   0.41  79.20
sde               0.00   540.00    0.00 1824.00     0.00 114724.00   125.79     1.42    0.78    0.00    0.78   0.44  80.40
sde               0.00   586.00    0.00 2054.00     0.00 100144.00    97.51     1.38    0.67    0.00    0.67   0.39  79.20
sde               0.00   607.00    0.00 2072.00     0.00 90204.00    87.07     1.37    0.66    0.00    0.66   0.40  82.40
sde               0.00   597.00    0.00 2069.00     0.00 100356.00    97.01     1.26    0.61    0.00    0.61   0.39  80.80
sde               0.00   575.00    0.00 1978.00     0.00 104988.00   106.16     1.30    0.66    0.00    0.66   0.40  78.80
sde               0.00   586.00    0.00 2067.00     0.00 91112.00    88.16     1.34    0.65    0.00    0.65   0.39  81.60
sde               0.00   586.00    0.00 2084.00     0.00 99348.00    95.34     1.30    0.63    0.00    0.63   0.38  80.00
sde               0.00   572.00    0.00 2006.00     0.00 94840.00    94.56     1.30    0.65    0.00    0.65   0.39  78.80
sde               0.00   583.00    0.00 2128.00     0.00 85300.00    80.17     1.34    0.63    0.00    0.63   0.39  82.40
sde               0.00   563.00    0.00 1976.00     0.00 84496.00    85.52     1.28    0.65    0.00    0.65   0.41  81.60
sde               0.00   617.00    0.00 2148.00     0.00 95440.00    88.86     1.30    0.61    0.00    0.61   0.39  84.40
sde               0.00   542.00    0.00 1822.00     0.00 114724.00   125.93     1.42    0.78    0.00    0.78   0.44  79.60
sde               0.00   609.00    0.00 2164.00     0.00 95604.00    88.36     1.29    0.60    0.00    0.60   0.38  82.00
sde               0.00   598.00    0.00 2142.00     0.00 95352.00    89.03     1.32    0.62    0.00    0.62   0.38  80.40
sde               0.00   590.00    0.00 2139.00     0.00 85360.00    79.81     1.34    0.63    0.00    0.63   0.40  85.20
sde               0.00   618.00    0.00 2162.00     0.00 95484.00    88.33     1.26    0.58    0.00    0.58   0.38  81.20
sde               0.00   587.00    0.00 2043.00     0.00 100112.00    98.00     1.35    0.66    0.00    0.66   0.41  82.80
sde               0.00   516.00    0.00 1761.00     0.00 99120.00   112.57     1.42    0.81    0.00    0.81   0.45  79.60
sde               0.00   553.00    0.00 1961.00     0.00 82864.00    84.51     1.36    0.69    0.00    0.69   0.42  82.00
sde               0.00   494.00    0.00 1734.00     0.00 90404.00   104.27     1.47    0.86    0.00    0.86   0.47  80.80
sde               0.00   587.00    0.00 2067.00     0.00 100188.00    96.94     1.28    0.62    0.00    0.62   0.40  82.40
sde               0.00   624.00    0.00 2215.00     0.00 90688.00    81.89     1.16    0.52    0.00    0.52   0.37  81.60
sde               0.00   555.00    0.00 1916.00     0.00 114964.00   120.00     1.34    0.70    0.00    0.70   0.42  80.00
sde               0.00   548.00    0.00 1862.00     0.00 107708.00   115.69     1.34    0.72    0.00    0.72   0.43  80.00
sde               0.00   569.00    0.00 1965.00     0.00 112072.00   114.07     1.36    0.70    0.00    0.70   0.41  81.20
sde               0.00   537.00    0.00 1834.00     0.00 114740.00   125.13     1.46    0.80    0.00    0.80   0.43  78.40
sde               0.00   580.00    0.00 1938.00     0.00 114960.00   118.64     1.30    0.67    0.00    0.67   0.41  78.80
sde               0.00   575.00    0.00 2084.00     0.00 95376.00    91.53     1.24    0.60    0.00    0.60   0.38  80.00
sde               0.00   558.00    0.00 1877.00     0.00 109724.00   116.91     1.28    0.69    0.00    0.69   0.42  78.00
sde               0.00   583.00    0.00 2043.00     0.00 100228.00    98.12     1.32    0.65    0.00    0.65   0.39  79.20
sde               0.00   550.00    0.00 1921.00     0.00 104720.00   109.03     1.38    0.72    0.00    0.72   0.42  80.40
sde               0.00   582.00    0.00 2024.00     0.00 110372.00   109.06     1.41    0.70    0.00    0.70   0.41  83.20
sde               0.00   645.00    0.00 2161.00     0.00 100700.00    93.20     1.47    0.68    0.00    0.68   0.41  88.00
