sde               0.00     1.19    0.00    2.37     0.00   151.07   127.37     0.01    3.01    1.91    3.01   0.40   0.10
sde               0.00     1.00    0.00    4.00     0.00    20.00    10.00     0.00    0.00    0.00    0.00   0.00   0.00
sde               0.00   316.00    0.00  693.00     0.00 147228.00   424.90     1.32    1.90    0.00    1.90   0.71  49.20
sde               0.00   329.00    0.00  747.00     0.00 170404.00   456.24     2.34    3.11    0.00    3.11   1.11  82.80
sde               0.00   237.00    0.00  560.00     0.00 126140.00   450.50     2.34    4.20    0.00    4.20   1.54  86.40
sde               0.00   299.00    0.00  650.00     0.00 148076.00   455.62     2.37    3.60    0.00    3.60   1.30  84.80
sde               0.00   287.00    0.00  558.00     0.00 126844.00   454.64     2.47    4.49    0.00    4.49   1.53  85.60
sde               0.00   326.00    0.00  637.00     0.00 145592.00   457.12     2.32    3.64    0.00    3.64   1.30  82.80
sde               0.00   359.00    0.00  668.00     0.00 153316.00   459.03     2.16    3.20    0.00    3.20   1.19  79.60
sde               0.00   475.00    0.00  729.00     0.00 192352.00   527.71     1.82    2.52    0.00    2.52   1.14  82.80
sde               0.00   240.00    0.00  366.00     0.00 96220.00   525.79     2.12    5.76    0.00    5.76   2.40  88.00
sde               0.00   294.00    0.00  459.00     0.00 122148.00   532.24     1.98    4.35    0.00    4.35   1.85  84.80
sde               0.00   491.00    0.00  761.00     0.00 200164.00   526.06     1.77    2.32    0.00    2.32   0.99  75.60
sde               0.00   243.00    0.00  383.00     0.00 103464.00   540.28     2.05    5.28    0.00    5.28   2.33  89.20
sde               0.00   294.00    0.00  446.00     0.00 117512.00   526.96     1.94    4.41    0.00    4.41   1.96  87.20
sde               0.00   356.00    0.00  551.00     0.00 150640.00   546.79     1.92    3.48    0.00    3.48   1.50  82.80
sde               0.00   358.00    0.00  545.00     0.00 144068.00   528.69     1.92    3.52    0.00    3.52   1.57  85.60
sde               0.00   502.00    0.00  766.00     0.00 202784.00   529.46     1.70    2.20    0.00    2.20   1.01  77.20
sde               0.00   354.00    0.00  564.00     0.00 150784.00   534.70     1.79    3.18    0.00    3.18   1.44  81.20
sde               0.00   214.00    0.00  322.00     0.00 84800.00   526.71     2.06    6.42    0.00    6.42   2.72  87.60
sde               0.00   165.00    0.00  248.00     0.00 64996.00   524.16     2.20    8.73    0.00    8.73   3.61  89.60
sde               0.00   151.00    0.00  240.00     0.00 64432.00   536.93     2.26    9.40    0.00    9.40   3.85  92.40
sde               0.00   170.00    0.00  257.00     0.00 68140.00   530.27     2.10    8.20    0.00    8.20   3.42  88.00
sde               0.00   193.00    0.00  305.00     0.00 81500.00   534.43     2.14    6.98    0.00    6.98   2.91  88.80
sde               0.00   154.00    0.00  232.00     0.00 61496.00   530.14     2.19    9.66    0.00    9.66   3.95  91.60
sde               0.00   153.00    0.00  245.00     0.00 64976.00   530.42     2.09    8.56    0.00    8.56   3.59  88.00
sde               0.00   196.00    0.00  297.00     0.00 78644.00   529.59     2.26    7.57    0.00    7.57   3.04  90.40
sde               0.00   200.00    0.00  295.00     0.00 77268.00   523.85     2.20    7.48    0.00    7.48   3.00  88.40
sde               0.00   297.00    0.00  458.00     0.00 122768.00   536.10     1.99    4.23    0.00    4.23   1.85  84.80
sde               0.00   249.00    0.00  378.00     0.00 104460.00   552.70     1.94    5.19    0.00    5.19   2.29  86.40
sde               0.00   153.00    0.00  232.00     0.00 64988.00   560.24     1.90    8.14    0.00    8.14   3.91  90.80
sde               0.00   152.00    0.00  242.00     0.00 67588.00   558.58     2.01    8.31    0.00    8.31   3.77  91.20
sde               0.00   181.00    0.00  231.00     0.00 61560.00   532.99     2.15    9.49    0.00    9.49   3.97  91.60
sde               0.00   227.00    0.00  352.00     0.00 98844.00   561.61     1.80    5.11    0.00    5.11   2.42  85.20
sde               0.00   263.00    0.00  409.00     0.00 115380.00   564.21     1.73    4.20    0.00    4.20   2.06  84.40
sde               0.00   294.00    0.00  455.00     0.00 127372.00   559.88     1.74    3.85    0.00    3.85   1.85  84.00
sde               0.00   300.00    0.00  462.00     0.00 128956.00   558.25     1.76    3.83    0.00    3.83   1.84  85.20
sde               0.00   297.00    0.00  461.00     0.00 131232.00   569.34     1.80    3.90    0.00    3.90   1.88  86.80
sde               0.00   339.00    0.00  532.00     0.00 149512.00   562.08     1.62    3.06    0.00    3.06   1.56  82.80
sde               0.00   440.00    0.00  674.00     0.00 189752.00   563.06     1.55    2.30    0.00    2.30   1.16  78.40
sde               0.00   319.00    0.00  521.00     0.00 142984.00   548.88     1.69    3.25    0.00    3.25   1.57  82.00
sde               0.00   339.00    0.00  575.00     0.00 149224.00   519.04     1.86    3.19    0.00    3.19   1.41  80.80
sde               0.00   340.00    0.00  563.00     0.00 145016.00   515.15     1.76    3.14    0.00    3.14   1.41  79.60
sde               0.00   271.00    0.00  454.00     0.00 120164.00   529.36     1.89    4.19    0.00    4.19   1.83  83.20
sde               0.00   323.00    0.00  532.00     0.00 139268.00   523.56     1.68    3.17    0.00    3.17   1.50  80.00
sde               0.00   348.00    0.00  539.00     0.00 151828.00   563.37     1.57    2.87    0.00    2.87   1.47  79.20
sde               0.00   367.00    0.00  572.00     0.00 160180.00   560.07     1.63    2.89    0.00    2.89   1.37  78.40
sde               0.00   306.00    0.00  500.00     0.00 135692.00   542.77     1.71    3.40    0.00    3.40   1.65  82.40
sde               0.00   288.00    0.00  459.00     0.00 124240.00   541.35     1.80    3.93    0.00    3.93   1.80  82.40
sde               0.00   317.00    0.00  515.00     0.00 140400.00   545.24     1.72    3.35    0.00    3.35   1.62  83.20
sde               0.00   274.00    0.00  448.00     0.00 121096.00   540.61     1.90    4.13    0.00    4.13   1.92  86.00
sde               0.00   327.00    0.00  540.00     0.00 141460.00   523.93     1.74    3.30    0.00    3.30   1.49  80.40
sde               0.00   306.00    0.00  506.00     0.00 132584.00   524.05     1.89    3.74    0.00    3.74   1.66  84.00
sde               0.00   323.00    0.00  551.00     0.00 143504.00   520.89     1.83    3.32    0.00    3.32   1.51  83.20
sde               0.00   417.00    0.00  649.00     0.00 179856.00   554.26     1.53    2.34    0.00    2.34   1.18  76.40
sde               0.00   366.00    0.00  572.00     0.00 160192.00   560.11     1.59    2.80    0.00    2.80   1.38  79.20
sde               0.00   294.00    0.00  451.00     0.00 127360.00   564.79     1.67    3.70    0.00    3.70   1.89  85.20
sde               0.00   279.00    0.00  443.00     0.00 122176.00   551.58     1.76    3.98    0.00    3.98   1.88  83.20
sde               0.00   384.00    0.00  607.00     0.00 164756.00   542.85     1.62    2.66    0.00    2.66   1.27  77.20
sde               0.00   276.00    0.00  462.00     0.00 124856.00   540.50     1.88    4.06    0.00    4.06   1.86  86.00
sde               0.00   348.00    0.00  544.00     0.00 148112.00   544.53     1.64    3.01    0.00    3.01   1.46  79.20
sde               0.00   355.00    0.00  570.00     0.00 157560.00   552.84     1.64    2.90    0.00    2.90   1.41  80.40
sde               0.00   382.00    0.00  559.00     0.00 140700.00   503.40     1.92    3.43    0.00    3.43   1.49  83.20
sde               0.00   396.00    0.00  644.00     0.00 171936.00   533.96     1.73    2.64    0.00    2.64   1.20  77.60
sde               0.00   327.00    0.00  546.00     0.00 146220.00   535.60     1.76    3.23    0.00    3.23   1.47  80.00
sde               0.00   417.00    0.00  640.00     0.00 178832.00   558.85     1.54    2.46    0.00    2.46   1.21  77.60
sde               0.00   595.00    0.00  926.00     0.00 261992.00   565.86     1.57    1.69    0.00    1.69   0.84  78.00
sde               0.00   524.00    0.00  801.00     0.00 226220.00   564.84     1.36    1.69    0.00    1.69   0.88  70.80
sde               0.00   407.00    0.00  636.00     0.00 180360.00   567.17     1.64    2.57    0.00    2.57   1.24  78.80
sde               0.00   551.00    0.00  862.00     0.00 243376.00   564.68     1.42    1.64    0.00    1.64   0.83  71.60
sde               0.00   461.00    0.00  712.00     0.00 201192.00   565.15     1.52    2.12    0.00    2.12   1.06  75.60
sde               0.00   560.00    0.00  862.00     0.00 243284.00   564.46     1.46    1.72    0.00    1.72   0.84  72.00
sde               0.00   338.00    0.00  524.00     0.00 149216.00   569.53     1.60    3.02    0.00    3.02   1.53  80.00
sde               0.00   524.00    0.00  812.00     0.00 228952.00   563.92     1.50    1.87    0.00    1.87   0.94  76.40
sde               0.00   546.00    0.00  856.00     0.00 243084.00   567.95     1.41    1.66    0.00    1.66   0.83  71.20
sde               0.00   557.00    0.00  865.00     0.00 239156.00   552.96     1.38    1.60    0.00    1.60   0.80  69.20
sde               0.00   606.00    0.00  937.00     0.00 265128.00   565.91     1.52    1.62    0.00    1.62   0.81  75.60
sde               0.00   581.00    0.00  901.00     0.00 249584.00   554.02     1.52    1.69    0.00    1.69   0.80  72.40
sde               0.00   578.00    0.00  904.00     0.00 255848.00   566.04     1.53    1.68    0.00    1.68   0.83  74.80
sde               0.00   582.00    0.00  928.00     0.00 253712.00   546.79     1.52    1.65    0.00    1.65   0.79  73.20
sde               0.00   566.00    0.00  893.00     0.00 246916.00   553.00     1.53    1.71    0.00    1.71   0.81  72.40
sde               0.00   570.00    0.00  931.00     0.00 246944.00   530.49     1.67    1.79    0.00    1.79   0.78  72.40
sde               0.00   536.00    0.00  888.00     0.00 237624.00   535.19     1.52    1.70    0.00    1.70   0.77  68.00
sde               0.00   544.00    0.00  880.00     0.00 235500.00   535.23     1.56    1.78    0.00    1.78   0.81  71.60
sde               0.00   533.00    0.00  862.00     0.00 236596.00   548.95     1.52    1.73    0.00    1.73   0.82  70.80
sde               0.00   540.00    0.00  844.00     0.00 234956.00   556.77     1.59    1.90    0.00    1.90   0.89  74.80
sde               0.00   546.00    0.00  908.00     0.00 240792.00   530.38     1.54    1.71    0.00    1.71   0.76  69.20
sde               0.00   560.00    0.00  907.00     0.00 233920.00   515.81     1.69    1.85    0.00    1.85   0.79  71.60
sde               0.00   559.00    0.00  871.00     0.00 228776.00   525.32     1.62    1.87    0.00    1.87   0.80  70.00
sde               0.00   597.00    0.00  918.00     0.00 236544.00   515.35     1.62    1.77    0.00    1.77   0.77  70.40
sde               0.00   570.00    0.00  895.00     0.00 234032.00   522.98     1.57    1.76    0.00    1.76   0.77  69.20
sde               0.00   575.00    0.00  912.00     0.00 231360.00   507.37     1.68    1.84    0.00    1.84   0.77  70.40
sde               0.00   684.00    0.00  946.00     0.00 243164.00   514.09     1.66    1.76    0.00    1.76   0.77  72.80
sde               0.00   617.00    0.00  942.00     0.00 248584.00   527.78     1.59    1.70    0.00    1.70   0.74  69.60
sde               0.00   592.00    0.00  923.00     0.00 241732.00   523.80     1.68    1.82    0.00    1.82   0.80  74.00
sde               0.00   568.00    0.00  887.00     0.00 234012.00   527.65     1.64    1.83    0.00    1.83   0.78  69.60
sde               0.00   583.00    0.00  910.00     0.00 236520.00   519.82     1.56    1.73    0.00    1.73   0.74  67.60
sde               0.00   538.00    0.00  830.00     0.00 234000.00   563.86     1.34    1.61    0.00    1.61   0.84  69.60
sde               0.00   551.00    0.00  846.00     0.00 236532.00   559.18     1.34    1.58    0.00    1.58   0.81  68.80
sde               0.00   539.00    0.00  832.00     0.00 234928.00   564.73     1.38    1.66    0.00    1.66   0.85  70.40
sde               0.00   591.00    0.00  914.00     0.00 260036.00   569.01     1.56    1.70    0.00    1.70   0.83  76.00
sde               0.00   515.00    0.00  794.00     0.00 222472.00   560.38     1.41    1.78    0.00    1.78   0.89  70.80
sde               0.00   553.00    0.00  864.00     0.00 244404.00   565.75     1.43    1.66    0.00    1.66   0.85  73.20
sde               0.00   530.00    0.00  817.00     0.00 228728.00   559.92     1.39    1.70    0.00    1.70   0.84  68.80
sde               0.00   481.00    0.00  749.00     0.00 210572.00   562.28     1.39    1.86    0.00    1.86   0.95  70.80
sde               0.00   531.00    0.00  831.00     0.00 233852.00   562.82     1.44    1.74    0.00    1.74   0.85  70.80
sde               0.00   557.00    0.00  856.00     0.00 239288.00   559.08     1.37    1.60    0.00    1.60   0.81  69.60
sde               0.00   567.00    0.00  868.00     0.00 244332.00   562.98     1.43    1.65    0.00    1.65   0.81  70.40
sde               0.00   574.00    0.00  885.00     0.00 249532.00   563.91     1.40    1.59    0.00    1.59   0.78  69.20
sde               0.00   547.00    0.00  844.00     0.00 239220.00   566.87     1.37    1.62    0.00    1.62   0.82  69.20
sde               0.00   555.00    0.00  851.00     0.00 241712.00   568.07     1.44    1.69    0.00    1.69   0.85  72.40
sde               0.00   550.00    0.00  860.00     0.00 241816.00   562.36     1.40    1.62    0.00    1.62   0.80  69.20
sde               0.00   520.00    0.00  810.00     0.00 226876.00   560.19     1.41    1.74    0.00    1.74   0.85  68.80
sde               0.00   506.00    0.00  793.00     0.00 222808.00   561.94     1.34    1.70    0.00    1.70   0.86  68.40
sde               0.00   537.00    0.00  832.00     0.00 232356.00   558.55     1.42    1.70    0.00    1.70   0.86  71.60
sde               0.00   549.00    0.00  838.00     0.00 235612.00   562.32     1.38    1.66    0.00    1.66   0.81  67.60
sde               0.00   556.00    0.00  854.00     0.00 242740.00   568.48     1.41    1.64    0.00    1.64   0.82  70.00
sde               0.00   562.00    0.00  874.00     0.00 247016.00   565.25     1.44    1.65    0.00    1.65   0.82  71.60
sde               0.00   566.00    0.00  874.00     0.00 245896.00   562.69     1.39    1.60    0.00    1.60   0.81  71.20
sde               0.00   541.00    0.00  865.00     0.00 241680.00   558.80     1.40    1.62    0.00    1.62   0.84  72.80
