sde               0.00     0.74    0.00    1.32     0.00   104.86   159.43     0.01    5.10    1.91    5.10   0.42   0.05
sde               0.00     8.00    0.00    6.00     0.00    56.00    18.67     0.00    0.00    0.00    0.00   0.00   0.00
sde               0.00   572.00    0.00 1372.00     0.00 41696.00    60.78     0.45    0.33    0.00    0.33   0.32  44.00
sde               0.00  1073.00    0.00 2617.00     0.00 79428.00    60.70     0.87    0.33    0.00    0.33   0.32  83.60
sde               0.00  1053.00    0.00 2577.00     0.00 79280.00    61.53     0.88    0.34    0.00    0.34   0.34  87.20
sde               0.00  1030.00    0.00 2486.00     0.00 77756.00    62.56     0.88    0.36    0.00    0.36   0.35  86.00
sde               0.00  1119.00    0.00 2521.00     0.00 81548.00    64.69     0.84    0.33    0.00    0.33   0.33  83.20
sde               0.00  1043.00    0.00 2409.00     0.00 78760.00    65.39     0.87    0.36    0.00    0.36   0.36  86.80
sde               0.00  1261.00    0.00 2631.00     0.00 84860.00    64.51     0.91    0.35    0.00    0.35   0.34  89.60
sde               0.00  1214.00    0.00 2456.00     0.00 79428.00    64.68     0.84    0.34    0.00    0.34   0.33  82.00
sde               0.00  1225.00    0.00 2463.00     0.00 80704.00    65.53     0.83    0.34    0.00    0.34   0.32  80.00
sde               0.00  1215.00    0.00 2636.00     0.00 78356.00    59.45     0.90    0.34    0.00    0.34   0.32  83.60
sde               0.00  1209.00    0.00 2662.00     0.00 77984.00    58.59     1.00    0.38    0.00    0.38   0.34  90.40
sde               0.00  1249.00    0.00 2735.00     0.00 80440.00    58.82     1.00    0.37    0.00    0.37   0.32  86.80
sde               0.00  1229.00    0.00 2636.00     0.00 78376.00    59.47     0.91    0.35    0.00    0.35   0.32  83.20
sde               0.00  1194.00    0.00 2626.00     0.00 77416.00    58.96     0.94    0.36    0.00    0.36   0.32  85.20
sde               0.00  1238.00    0.00 2685.00     0.00 80116.00    59.68     0.92    0.34    0.00    0.34   0.32  85.60
sde               0.00  1235.00    0.00 2679.00     0.00 79528.00    59.37     0.98    0.37    0.00    0.37   0.33  88.00
sde               0.00  1276.00    0.00 2723.00     0.00 80760.00    59.32     0.93    0.34    0.00    0.34   0.32  86.00
sde               0.00  1251.00    0.00 2758.00     0.00 81092.00    58.80     1.00    0.36    0.00    0.36   0.33  90.80
sde               0.00  1221.00    0.00 2685.00     0.00 78812.00    58.71     0.92    0.34    0.00    0.34   0.31  84.40
sde               0.00  1253.00    0.00 2720.00     0.00 80852.00    59.45     0.98    0.36    0.00    0.36   0.33  89.60
sde               0.00  1250.00    0.00 2678.00     0.00 79284.00    59.21     0.97    0.36    0.00    0.36   0.33  87.20
sde               0.00  1162.00    0.00 2576.00     0.00 75584.00    58.68     0.97    0.38    0.00    0.38   0.34  88.40
sde               0.00  1224.00    0.00 2666.00     0.00 78656.00    59.01     0.90    0.34    0.00    0.34   0.32  84.00
sde               0.00  1202.00    0.00 2623.00     0.00 77332.00    58.96     0.92    0.35    0.00    0.35   0.32  83.20
sde               0.00  1177.00    0.00 2569.00     0.00 75360.00    58.67     1.00    0.39    0.00    0.39   0.35  89.20
sde               0.00  1225.00    0.00 2715.00     0.00 79292.00    58.41     0.96    0.36    0.00    0.36   0.32  85.60
sde               0.00  1237.00    0.00 2718.00     0.00 79748.00    58.68     1.02    0.37    0.00    0.37   0.33  90.80
sde               0.00  1228.00    0.00 2660.00     0.00 78272.00    58.85     1.01    0.38    0.00    0.38   0.34  89.60
sde               0.00  1250.00    0.00 2729.00     0.00 79844.00    58.52     0.97    0.35    0.00    0.35   0.32  88.00
sde               0.00  1205.00    0.00 2640.00     0.00 77904.00    59.02     0.93    0.35    0.00    0.35   0.33  87.20
sde               0.00  1262.00    0.00 2738.00     0.00 80684.00    58.94     1.00    0.37    0.00    0.37   0.32  88.80
sde               0.00  1230.00    0.00 2647.00     0.00 78764.00    59.51     0.94    0.36    0.00    0.36   0.33  87.60
sde               0.00  1227.00    0.00 2662.00     0.00 78668.00    59.10     0.95    0.35    0.00    0.35   0.32  86.40
sde               0.00  1205.00    0.00 2641.00     0.00 77916.00    59.00     0.96    0.36    0.00    0.36   0.33  86.40
sde               0.00  1152.00    0.00 2520.00     0.00 74260.00    58.94     0.94    0.38    0.00    0.38   0.34  85.60
sde               0.00  1201.00    0.00 2591.00     0.00 75812.00    58.52     0.90    0.35    0.00    0.35   0.32  83.60
sde               0.00  1134.00    0.00 2466.00     0.00 72784.00    59.03     0.88    0.36    0.00    0.36   0.33  81.20
sde               0.00  1193.00    0.00 2641.00     0.00 77080.00    58.37     0.98    0.37    0.00    0.37   0.34  89.60
sde               0.00  1227.00    0.00 2701.00     0.00 78864.00    58.40     1.00    0.37    0.00    0.37   0.33  88.80
sde               0.00  1267.00    0.00 2750.00     0.00 81272.00    59.11     0.99    0.36    0.00    0.36   0.32  88.80
sde               0.00  1184.00    0.00 2558.00     0.00 75764.00    59.24     0.94    0.37    0.00    0.37   0.34  86.00
sde               0.00  1163.00    0.00 2561.00     0.00 75204.00    58.73     0.92    0.36    0.00    0.36   0.33  84.40
sde               0.00  1170.00    0.00 2566.00     0.00 75620.00    58.94     0.94    0.37    0.00    0.37   0.34  86.00
sde               0.00  1260.00    0.00 2732.00     0.00 80388.00    58.85     1.00    0.37    0.00    0.37   0.32  88.00
sde               0.00  1230.00    0.00 2657.00     0.00 78932.00    59.41     0.92    0.35    0.00    0.35   0.32  86.00
sde               0.00  1174.00    0.00 2590.00     0.00 76076.00    58.75     0.90    0.35    0.00    0.35   0.32  83.20
sde               0.00  1257.00    0.00 2759.00     0.00 80564.00    58.40     1.04    0.38    0.00    0.38   0.33  90.80
sde               0.00  1229.00    0.00 2683.00     0.00 78728.00    58.69     0.98    0.37    0.00    0.37   0.34  90.40
sde               0.00  1234.00    0.00 2691.00     0.00 78612.00    58.43     0.99    0.37    0.00    0.37   0.33  88.40
sde               0.00  1237.00    0.00 2740.00     0.00 80200.00    58.54     1.01    0.37    0.00    0.37   0.32  88.40
sde               0.00  1181.00    0.00 2572.00     0.00 75684.00    58.85     0.92    0.36    0.00    0.36   0.33  84.00
sde               0.00  1228.00    0.00 2683.00     0.00 78964.00    58.86     0.93    0.35    0.00    0.35   0.31  83.60
sde               0.00  1193.00    0.00 2588.00     0.00 75924.00    58.67     0.93    0.36    0.00    0.36   0.33  85.60
sde               0.00  1218.00    0.00 2698.00     0.00 79216.00    58.72     0.94    0.35    0.00    0.35   0.31  84.40
sde               0.00  1162.00    0.00 2558.00     0.00 74604.00    58.33     0.94    0.37    0.00    0.37   0.33  84.40
sde               0.00  1211.00    0.00 2637.00     0.00 77752.00    58.97     0.99    0.37    0.00    0.37   0.34  89.20
sde               0.00  1173.00    0.00 2524.00     0.00 74880.00    59.33     0.89    0.35    0.00    0.35   0.33  82.40
sde               0.00  1214.00    0.00 2664.00     0.00 78412.00    58.87     0.93    0.35    0.00    0.35   0.32  85.20
sde               0.00  1264.00    0.00 2774.00     0.00 81400.00    58.69     1.01    0.37    0.00    0.37   0.33  90.80
sde               0.00  1213.00    0.00 2647.00     0.00 77784.00    58.77     0.97    0.37    0.00    0.37   0.33  86.80
sde               0.00  1222.00    0.00 2606.00     0.00 77284.00    59.31     0.92    0.36    0.00    0.36   0.33  86.40
sde               0.00  1238.00    0.00 2711.00     0.00 80160.00    59.14     0.95    0.35    0.00    0.35   0.32  87.60
sde               0.00  1173.00    0.00 2584.00     0.00 75840.00    58.70     0.98    0.38    0.00    0.38   0.34  87.60
sde               0.00  1271.00    0.00 2749.00     0.00 81752.00    59.48     0.98    0.36    0.00    0.36   0.32  86.80
sde               0.00  1192.00    0.00 2592.00     0.00 76272.00    58.85     0.95    0.37    0.00    0.37   0.34  87.60
sde               0.00  1239.00    0.00 2715.00     0.00 79796.00    58.78     0.97    0.36    0.00    0.36   0.32  86.80
sde               0.00  1201.00    0.00 2642.00     0.00 76940.00    58.24     0.96    0.36    0.00    0.36   0.32  85.60
sde               0.00  1251.00    0.00 2703.00     0.00 80036.00    59.22     0.95    0.35    0.00    0.35   0.33  88.00
sde               0.00  1252.00    0.00 2690.00     0.00 80300.00    59.70     0.93    0.35    0.00    0.35   0.32  85.20
sde               0.00  1193.00    0.00 2634.00     0.00 77056.00    58.51     0.99    0.38    0.00    0.38   0.33  88.00
sde               0.00  1231.00    0.00 2684.00     0.00 79124.00    58.96     1.02    0.38    0.00    0.38   0.33  88.40
sde               0.00  1209.00    0.00 2631.00     0.00 76828.00    58.40     0.97    0.37    0.00    0.37   0.33  88.00
sde               0.00  1234.00    0.00 2701.00     0.00 79560.00    58.91     0.97    0.36    0.00    0.36   0.32  86.80
sde               0.00  1216.00    0.00 2662.00     0.00 78376.00    58.89     0.98    0.37    0.00    0.37   0.33  87.60
sde               0.00  1257.00    0.00 2749.00     0.00 81308.00    59.15     0.98    0.36    0.00    0.36   0.32  88.40
sde               0.00  1260.00    0.00 2733.00     0.00 80028.00    58.56     0.99    0.36    0.00    0.36   0.33  89.60
sde               0.00  1148.00    0.00 2494.00     0.00 74084.00    59.41     0.89    0.36    0.00    0.36   0.34  84.40
sde               0.00  1221.00    0.00 2691.00     0.00 78484.00    58.33     0.96    0.36    0.00    0.36   0.33  88.00
sde               0.00  1140.00    0.00 2488.00     0.00 73596.00    59.16     0.94    0.38    0.00    0.38   0.34  84.80
sde               0.00  1246.00    0.00 2709.00     0.00 79116.00    58.41     0.98    0.36    0.00    0.36   0.32  87.20
sde               0.00  1217.00    0.00 2648.00     0.00 78968.00    59.64     0.96    0.36    0.00    0.36   0.32  85.60
sde               0.00  1184.00    0.00 2598.00     0.00 76160.00    58.63     0.92    0.35    0.00    0.35   0.32  84.40
sde               0.00  1238.00    0.00 2697.00     0.00 79596.00    59.03     0.99    0.37    0.00    0.37   0.33  89.60
sde               0.00  1223.00    0.00 2671.00     0.00 78148.00    58.52     0.93    0.35    0.00    0.35   0.32  84.40
sde               0.00  1213.00    0.00 2638.00     0.00 78172.00    59.27     0.94    0.35    0.00    0.35   0.32  84.40
sde               0.00  1235.00    0.00 2723.00     0.00 79752.00    58.58     0.96    0.35    0.00    0.35   0.31  84.80
sde               0.00  1154.00    0.00 2517.00     0.00 74096.00    58.88     0.93    0.37    0.00    0.37   0.34  85.20
sde               0.00  1234.00    0.00 2694.00     0.00 79020.00    58.66     0.94    0.35    0.00    0.35   0.31  84.00
sde               0.00  1181.00    0.00 2578.00     0.00 75948.00    58.92     0.93    0.36    0.00    0.36   0.33  85.60
sde               0.00  1221.00    0.00 2689.00     0.00 78852.00    58.65     0.98    0.36    0.00    0.36   0.34  90.40
sde               0.00  1245.00    0.00 2707.00     0.00 78864.00    58.27     0.98    0.36    0.00    0.36   0.32  85.60
sde               0.00  1229.00    0.00 2681.00     0.00 79444.00    59.26     1.01    0.38    0.00    0.38   0.34  90.80
sde               0.00  1260.00    0.00 2714.00     0.00 80748.00    59.50     0.97    0.36    0.00    0.36   0.33  89.60
sde               0.00  1198.00    0.00 2635.00     0.00 77408.00    58.75     0.95    0.36    0.00    0.36   0.33  86.40
sde               0.00  1250.00    0.00 2717.00     0.00 80492.00    59.25     1.02    0.38    0.00    0.38   0.34  92.00
sde               0.00  1260.00    0.00 2743.00     0.00 80040.00    58.36     1.02    0.37    0.00    0.37   0.32  87.20
sde               0.00  1208.00    0.00 2636.00     0.00 77752.00    58.99     1.01    0.38    0.00    0.38   0.34  89.60
sde               0.00  1242.00    0.00 2728.00     0.00 79788.00    58.50     0.99    0.36    0.00    0.36   0.32  88.40
sde               0.00  1262.00    0.00 2770.00     0.00 81000.00    58.48     1.00    0.36    0.00    0.36   0.32  90.00
sde               0.00  1231.00    0.00 2668.00     0.00 78568.00    58.90     0.93    0.35    0.00    0.35   0.32  84.80
sde               0.00  1190.00    0.00 2617.00     0.00 76432.00    58.41     0.87    0.33    0.00    0.33   0.31  80.00
sde               0.00  1185.00    0.00 2630.00     0.00 76960.00    58.52     0.95    0.36    0.00    0.36   0.32  85.20
sde               0.00  1204.00    0.00 2635.00     0.00 77372.00    58.73     1.01    0.38    0.00    0.38   0.34  88.80
sde               0.00  1275.00    0.00 2756.00     0.00 80932.00    58.73     0.95    0.34    0.00    0.34   0.31  85.20
sde               0.00  1170.00    0.00 2562.00     0.00 75492.00    58.93     0.92    0.36    0.00    0.36   0.32  81.60
sde               0.00  1197.00    0.00 2642.00     0.00 77040.00    58.32     1.00    0.38    0.00    0.38   0.34  89.60
sde               0.00  1213.00    0.00 2653.00     0.00 78172.00    58.93     0.98    0.37    0.00    0.37   0.33  87.20
sde               0.00  1256.00    0.00 2732.00     0.00 80020.00    58.58     1.01    0.37    0.00    0.37   0.33  89.60
sde               0.00  1198.00    0.00 2637.00     0.00 77312.00    58.64     0.97    0.37    0.00    0.37   0.33  86.40
sde               0.00  1247.00    0.00 2759.00     0.00 80624.00    58.44     1.02    0.37    0.00    0.37   0.33  90.00
sde               0.00  1221.00    0.00 2689.00     0.00 78308.00    58.24     0.98    0.36    0.00    0.36   0.33  88.40
sde               0.00  1213.86    0.00 2617.82     0.00 77326.73    59.08     0.96    0.37    0.00    0.37   0.33  85.94
sde               0.00  1253.00    0.00 2754.00     0.00 80576.00    58.52     0.96    0.35    0.00    0.35   0.32  86.80
sde               0.00  1231.00    0.00 2709.00     0.00 79688.00    58.83     0.99    0.37    0.00    0.37   0.32  86.80
sde               0.00  1214.00    0.00 2666.00     0.00 77856.00    58.41     1.00    0.38    0.00    0.38   0.34  89.60
sde               0.00  1237.00    0.00 2676.00     0.00 78992.00    59.04     0.92    0.34    0.00    0.34   0.32  85.60
sde               0.00  1223.00    0.00 2669.00     0.00 79048.00    59.23     0.96    0.36    0.00    0.36   0.32  86.00
sde               0.00  1181.00    0.00 2598.00     0.00 76508.00    58.90     0.96    0.37    0.00    0.37   0.34  88.00
sde               0.00  1191.00    0.00 2593.00     0.00 76444.00    58.96     0.88    0.34    0.00    0.34   0.31  80.80
sde               0.00  1224.00    0.00 2646.00     0.00 78456.00    59.30     0.90    0.34    0.00    0.34   0.31  82.80
sde               0.00  1193.00    0.00 2575.00     0.00 76012.00    59.04     0.87    0.34    0.00    0.34   0.31  79.60
sde               0.00  1109.00    0.00 2418.00     0.00 71468.00    59.11     0.84    0.35    0.00    0.35   0.32  76.80
sde               0.00  1192.00    0.00 2617.00     0.00 76864.00    58.74     0.94    0.36    0.00    0.36   0.32  84.80
sde               0.00  1197.00    0.00 2597.00     0.00 76052.00    58.57     0.96    0.37    0.00    0.37   0.33  85.60
sde               0.00  1182.00    0.00 2576.00     0.00 76560.00    59.44     0.98    0.38    0.00    0.38   0.34  88.80
sde               0.00  1185.00    0.00 2597.00     0.00 76536.00    58.94     0.95    0.37    0.00    0.37   0.34  87.60
sde               0.00  1174.00    0.00 2578.00     0.00 75512.00    58.58     0.88    0.34    0.00    0.34   0.31  80.00
sde               0.00  1175.00    0.00 2538.00     0.00 74920.00    59.04     0.90    0.35    0.00    0.35   0.33  82.80
sde               0.00  1210.00    0.00 2617.00     0.00 78468.00    59.97     0.97    0.37    0.00    0.37   0.33  87.60
sde               0.00  1213.00    0.00 2653.00     0.00 78704.00    59.33     0.94    0.36    0.00    0.36   0.32  85.60
sde               0.00  1160.00    0.00 2546.00     0.00 74932.00    58.86     0.94    0.37    0.00    0.37   0.33  83.20
sde               0.00  1254.00    0.00 2703.00     0.00 79952.00    59.16     1.00    0.37    0.00    0.37   0.33  88.00
sde               0.00  1130.00    0.00 2486.00     0.00 72412.00    58.26     0.86    0.35    0.00    0.35   0.32  79.60
sde               0.00  1193.00    0.00 2619.00     0.00 77384.00    59.09     0.90    0.34    0.00    0.34   0.30  79.60
sde               0.00  1208.00    0.00 2642.00     0.00 77420.00    58.61     0.94    0.36    0.00    0.36   0.33  88.40
sde               0.00  1195.00    0.00 2593.00     0.00 77236.00    59.57     0.87    0.34    0.00    0.34   0.31  81.20
sde               0.00  1184.00    0.00 2556.00     0.00 75428.00    59.02     0.84    0.33    0.00    0.33   0.31  78.80
sde               0.00  1131.00    0.00 2480.00     0.00 73304.00    59.12     0.90    0.36    0.00    0.36   0.33  81.60
sde               0.00  1230.00    0.00 2674.00     0.00 79116.00    59.17     0.92    0.35    0.00    0.35   0.32  86.80
sde               0.00  1186.00    0.00 2576.00     0.00 76364.00    59.29     0.91    0.35    0.00    0.35   0.32  83.20
sde               0.00  1202.00    0.00 2598.00     0.00 76356.00    58.78     0.86    0.33    0.00    0.33   0.31  81.60
sde               0.00  1185.00    0.00 2609.00     0.00 76964.00    59.00     0.99    0.38    0.00    0.38   0.34  88.40
sde               0.00  1174.00    0.00 2559.00     0.00 75844.00    59.28     0.96    0.37    0.00    0.37   0.34  86.00
sde               0.00  1161.00    0.00 2518.00     0.00 74220.00    58.95     0.94    0.37    0.00    0.37   0.34  86.40
sde               0.00  1225.00    0.00 2656.00     0.00 78524.00    59.13     0.93    0.35    0.00    0.35   0.32  85.20
sde               0.00  1223.00    0.00 2693.00     0.00 79604.00    59.12     0.98    0.36    0.00    0.36   0.32  85.60
sde               0.00  1200.00    0.00 2626.00     0.00 77260.00    58.84     0.97    0.37    0.00    0.37   0.33  86.80
sde               0.00  1220.00    0.00 2625.00     0.00 78588.00    59.88     0.94    0.36    0.00    0.36   0.32  83.60
sde               0.00  1234.00    0.00 2676.00     0.00 78996.00    59.04     0.97    0.36    0.00    0.36   0.33  87.60
sde               0.00  1169.00    0.00 2571.00     0.00 75612.00    58.82     0.92    0.36    0.00    0.36   0.33  84.40
sde               0.00  1258.00    0.00 2729.00     0.00 80120.00    58.72     0.92    0.34    0.00    0.34   0.30  83.20
sde               0.00  1247.00    0.00 2691.00     0.00 80388.00    59.75     0.95    0.36    0.00    0.36   0.32  86.80
sde               0.00  1221.00    0.00 2654.00     0.00 78096.00    58.85     0.94    0.36    0.00    0.36   0.31  83.60
sde               0.00  1166.00    0.00 2528.00     0.00 75512.00    59.74     0.86    0.34    0.00    0.34   0.31  79.60
sde               0.00  1188.00    0.00 2577.00     0.00 76748.00    59.56     0.95    0.37    0.00    0.37   0.34  86.40
sde               0.00  1180.00    0.00 2569.00     0.00 75920.00    59.10     0.94    0.37    0.00    0.37   0.33  85.20
sde               0.00  1176.00    0.00 2568.00     0.00 75348.00    58.68     0.99    0.38    0.00    0.38   0.34  88.40
sde               0.00  1249.00    0.00 2741.00     0.00 81032.00    59.13     0.94    0.35    0.00    0.35   0.32  87.20
sde               0.00  1216.00    0.00 2655.00     0.00 78572.00    59.19     0.94    0.35    0.00    0.35   0.33  87.60
sde               0.00  1250.00    0.00 2730.00     0.00 80116.00    58.69     1.00    0.37    0.00    0.37   0.33  90.80
sde               0.00  1193.00    0.00 2564.00     0.00 76556.00    59.72     0.97    0.38    0.00    0.38   0.33  84.80
sde               0.00  1177.00    0.00 2586.00     0.00 75704.00    58.55     0.88    0.34    0.00    0.34   0.31  79.60
sde               0.00  1177.00    0.00 2581.00     0.00 75928.00    58.84     0.91    0.35    0.00    0.35   0.33  84.00
sde               0.00  1142.00    0.00 2495.00     0.00 73784.00    59.15     0.92    0.37    0.00    0.37   0.34  83.60
sde               0.00  1203.00    0.00 2597.00     0.00 76208.00    58.69     0.94    0.36    0.00    0.36   0.33  85.20
sde               0.00  1140.00    0.00 2520.00     0.00 73836.00    58.60     0.92    0.36    0.00    0.36   0.34  85.20
sde               0.00  1222.00    0.00 2671.00     0.00 78668.00    58.91     0.92    0.35    0.00    0.35   0.32  85.60
sde               0.00  1232.00    0.00 2718.00     0.00 79704.00    58.65     0.97    0.36    0.00    0.36   0.32  86.40
sde               0.00  1179.00    0.00 2532.00     0.00 74432.00    58.79     0.90    0.36    0.00    0.36   0.33  83.60
sde               0.00  1174.00    0.00 2582.00     0.00 76096.00    58.94     0.90    0.35    0.00    0.35   0.32  82.40
sde               0.00  1201.00    0.00 2607.00     0.00 77232.00    59.25     0.93    0.36    0.00    0.36   0.33  84.80
sde               0.00  1136.00    0.00 2491.00     0.00 73324.00    58.87     0.90    0.36    0.00    0.36   0.32  79.60
sde               0.00  1200.00    0.00 2595.00     0.00 76184.00    58.72     0.96    0.37    0.00    0.37   0.33  86.40
sde               0.00  1148.00    0.00 2522.00     0.00 74248.00    58.88     0.94    0.37    0.00    0.37   0.33  82.80
sde               0.00  1222.00    0.00 2663.00     0.00 79004.00    59.33     0.94    0.35    0.00    0.35   0.32  86.40
sde               0.00  1200.00    0.00 2621.00     0.00 77452.00    59.10     0.88    0.34    0.00    0.34   0.31  80.80
sde               0.00  1223.00    0.00 2607.00     0.00 78284.00    60.06     0.96    0.37    0.00    0.37   0.34  88.80
sde               0.00  1249.00    0.00 2712.00     0.00 81348.00    59.99     1.01    0.37    0.00    0.37   0.34  91.20
sde               0.00  1249.00    0.00 2728.00     0.00 80848.00    59.27     0.93    0.34    0.00    0.34   0.31  84.40
sde               0.00  1171.00    0.00 2560.00     0.00 75228.00    58.77     0.96    0.38    0.00    0.38   0.34  86.00
sde               0.00  1257.00    0.00 2688.00     0.00 78964.00    58.75     0.96    0.36    0.00    0.36   0.32  86.00
sde               0.00  1176.00    0.00 2590.00     0.00 75704.00    58.46     0.96    0.37    0.00    0.37   0.34  86.80
sde               0.00  1161.00    0.00 2535.00     0.00 74980.00    59.16     0.85    0.34    0.00    0.34   0.32  80.00
sde               0.00  1179.00    0.00 2582.00     0.00 76072.00    58.92     0.95    0.37    0.00    0.37   0.34  87.20
sde               0.00  1235.00    0.00 2670.00     0.00 78480.00    58.79     0.97    0.36    0.00    0.36   0.32  86.40
sde               0.00  1234.00    0.00 2718.00     0.00 79724.00    58.66     0.94    0.34    0.00    0.34   0.31  85.20
sde               0.00  1163.00    0.00 2543.00     0.00 75356.00    59.27     0.94    0.37    0.00    0.37   0.33  84.80
sde               0.00  1183.00    0.00 2595.00     0.00 76496.00    58.96     0.91    0.35    0.00    0.35   0.32  82.80
sde               0.00  1199.00    0.00 2562.00     0.00 76144.00    59.44     0.86    0.34    0.00    0.34   0.31  80.40
sde               0.00  1185.00    0.00 2622.00     0.00 76592.00    58.42     0.93    0.35    0.00    0.35   0.32  84.00
sde               0.00  1175.00    0.00 2557.00     0.00 75472.00    59.03     0.96    0.38    0.00    0.38   0.34  88.00
sde               0.00  1179.00    0.00 2567.00     0.00 76436.00    59.55     0.88    0.34    0.00    0.34   0.32  81.60
sde               0.00  1192.00    0.00 2555.00     0.00 75284.00    58.93     0.92    0.36    0.00    0.36   0.33  84.80
sde               0.00  1171.00    0.00 2570.00     0.00 76036.00    59.17     0.91    0.36    0.00    0.36   0.32  83.20
sde               0.00  1163.00    0.00 2552.00     0.00 75144.00    58.89     0.91    0.36    0.00    0.36   0.33  83.60
sde               0.00  1214.00    0.00 2645.00     0.00 78932.00    59.68     0.88    0.33    0.00    0.33   0.31  81.20
sde               0.00  1171.00    0.00 2516.00     0.00 74280.00    59.05     0.90    0.36    0.00    0.36   0.32  80.40
sde               0.00  1181.00    0.00 2592.00     0.00 76524.00    59.05     0.96    0.37    0.00    0.37   0.33  86.00
sde               0.00  1183.00    0.00 2586.00     0.00 76476.00    59.15     0.93    0.36    0.00    0.36   0.32  83.60
sde               0.00  1206.00    0.00 2628.00     0.00 77368.00    58.88     0.95    0.36    0.00    0.36   0.33  86.00
sde               0.00  1194.00    0.00 2564.00     0.00 75704.00    59.05     0.87    0.34    0.00    0.34   0.32  81.20
sde               0.00  1177.00    0.00 2608.00     0.00 76100.00    58.36     0.90    0.35    0.00    0.35   0.32  82.40
sde               0.00  1173.00    0.00 2580.00     0.00 76052.00    58.96     0.96    0.37    0.00    0.37   0.33  86.40
sde               0.00  1203.00    0.00 2627.00     0.00 77328.00    58.87     1.00    0.38    0.00    0.38   0.34  89.20
sde               0.00  1188.00    0.00 2565.00     0.00 75784.00    59.09     0.91    0.36    0.00    0.36   0.32  82.80
sde               0.00  1183.00    0.00 2594.00     0.00 76356.00    58.87     0.92    0.36    0.00    0.36   0.33  84.40
sde               0.00  1221.00    0.00 2683.00     0.00 79224.00    59.06     0.92    0.34    0.00    0.34   0.32  85.20
sde               0.00  1182.00    0.00 2579.00     0.00 75900.00    58.86     0.96    0.37    0.00    0.37   0.33  84.80
sde               0.00  1237.00    0.00 2663.00     0.00 78128.00    58.68     0.95    0.36    0.00    0.36   0.32  86.00
sde               0.00  1183.00    0.00 2563.00     0.00 76088.00    59.37     0.92    0.36    0.00    0.36   0.33  83.60
sde               0.00  1218.00    0.00 2606.00     0.00 78296.00    60.09     0.94    0.36    0.00    0.36   0.33  86.00
sde               0.00  1230.00    0.00 2650.00     0.00 79096.00    59.70     0.98    0.37    0.00    0.37   0.33  88.00
sde               0.00  1160.00    0.00 2502.00     0.00 74376.00    59.45     0.88    0.35    0.00    0.35   0.32  81.20
sde               0.00  1230.00    0.00 2688.00     0.00 78748.00    58.59     0.94    0.35    0.00    0.35   0.32  85.20
sde               0.00  1201.00    0.00 2634.00     0.00 77852.00    59.11     0.96    0.36    0.00    0.36   0.34  88.40
sde               0.00  1247.00    0.00 2738.00     0.00 80104.00    58.51     0.96    0.35    0.00    0.35   0.32  86.80
sde               0.00  1206.00    0.00 2609.00     0.00 76804.00    58.88     0.94    0.36    0.00    0.36   0.33  85.60
sde               0.00  1195.00    0.00 2600.00     0.00 76840.00    59.11     0.95    0.36    0.00    0.36   0.33  86.80
sde               0.00  1185.00    0.00 2602.00     0.00 76912.00    59.12     0.92    0.36    0.00    0.36   0.33  85.20
sde               0.00  1220.00    0.00 2654.00     0.00 78596.00    59.23     0.94    0.35    0.00    0.35   0.32  84.40
sde               0.00  1184.00    0.00 2554.00     0.00 75412.00    59.05     0.96    0.38    0.00    0.38   0.35  89.60
sde               0.00  1214.00    0.00 2671.00     0.00 77876.00    58.31     0.97    0.36    0.00    0.36   0.32  86.40
sde               0.00  1167.00    0.00 2550.00     0.00 75592.00    59.29     0.91    0.36    0.00    0.36   0.33  84.00
sde               0.00  1162.00    0.00 2548.00     0.00 74248.00    58.28     0.95    0.38    0.00    0.38   0.34  86.40
sde               0.00  1202.00    0.00 2587.00     0.00 77048.00    59.57     0.91    0.36    0.00    0.36   0.32  81.60
sde               0.00  1176.00    0.00 2561.00     0.00 75564.00    59.01     0.98    0.38    0.00    0.38   0.36  91.20
sde               0.00  1129.00    0.00 2488.00     0.00 72952.00    58.64     0.90    0.36    0.00    0.36   0.33  83.20
sde               0.00  1104.00    0.00 2391.00     0.00 70948.00    59.35     0.83    0.35    0.00    0.35   0.33  78.40
sde               0.00  1154.00    0.00 2517.00     0.00 74648.00    59.32     0.91    0.36    0.00    0.36   0.32  81.60
sde               0.00  1160.00    0.00 2498.00     0.00 73484.00    58.83     0.90    0.36    0.00    0.36   0.33  83.20
sde               0.00  1181.00    0.00 2615.00     0.00 76148.00    58.24     0.94    0.36    0.00    0.36   0.32  84.40
sde               0.00  1142.00    0.00 2476.00     0.00 73228.00    59.15     0.91    0.37    0.00    0.37   0.34  83.60
sde               0.00  1188.00    0.00 2642.00     0.00 76780.00    58.12     0.91    0.34    0.00    0.34   0.31  81.60
sde               0.00  1194.00    0.00 2548.00     0.00 75884.00    59.56     0.98    0.38    0.00    0.38   0.34  86.00
sde               0.00  1230.00    0.00 2707.00     0.00 80096.00    59.18     1.00    0.37    0.00    0.37   0.33  89.60
sde               0.00  1211.00    0.00 2620.00     0.00 77724.00    59.33     0.94    0.36    0.00    0.36   0.33  85.60
sde               0.00  1258.00    0.00 2777.00     0.00 81844.00    58.94     0.99    0.36    0.00    0.36   0.32  88.80
sde               0.00  1252.00    0.00 2703.00     0.00 79764.00    59.02     0.95    0.35    0.00    0.35   0.32  87.60
sde               0.00  1186.00    0.00 2624.00     0.00 76604.00    58.39     0.92    0.35    0.00    0.35   0.32  82.80
sde               0.00  1256.00    0.00 2734.00     0.00 80532.00    58.91     0.95    0.35    0.00    0.35   0.32  87.20
sde               0.00  1227.00    0.00 2650.00     0.00 78760.00    59.44     0.98    0.37    0.00    0.37   0.33  86.40
sde               0.00  1230.00    0.00 2661.00     0.00 78036.00    58.65     0.91    0.34    0.00    0.34   0.31  83.60
sde               0.00  1191.00    0.00 2618.00     0.00 77372.00    59.11     0.94    0.36    0.00    0.36   0.33  86.40
sde               0.00  1270.00    0.00 2774.00     0.00 81428.00    58.71     1.00    0.36    0.00    0.36   0.32  89.20
sde               0.00  1219.00    0.00 2667.00     0.00 77848.00    58.38     0.97    0.36    0.00    0.36   0.33  87.20
sde               0.00  1260.00    0.00 2735.00     0.00 80776.00    59.07     0.96    0.35    0.00    0.35   0.32  87.20
sde               0.00  1187.00    0.00 2622.00     0.00 76920.00    58.67     0.94    0.36    0.00    0.36   0.32  84.80
sde               0.00  1233.00    0.00 2693.00     0.00 79520.00    59.06     1.00    0.37    0.00    0.37   0.33  87.60
sde               0.00  1207.00    0.00 2622.00     0.00 77144.00    58.84     0.96    0.37    0.00    0.37   0.33  86.80
sde               0.00  1248.00    0.00 2715.00     0.00 80472.00    59.28     0.96    0.35    0.00    0.35   0.33  88.40
sde               0.00  1209.00    0.00 2664.00     0.00 77944.00    58.52     1.00    0.37    0.00    0.37   0.33  88.80
sde               0.00  1200.00    0.00 2635.00     0.00 76932.00    58.39     0.98    0.37    0.00    0.37   0.32  85.60
sde               0.00  1130.00    0.00 2471.00     0.00 72388.00    58.59     0.92    0.37    0.00    0.37   0.34  84.40
sde               0.00  1255.00    0.00 2740.00     0.00 80752.00    58.94     0.95    0.35    0.00    0.35   0.32  86.80
sde               0.00  1172.00    0.00 2587.00     0.00 76060.00    58.80     0.94    0.36    0.00    0.36   0.33  84.40
sde               0.00  1258.00    0.00 2737.00     0.00 80932.00    59.14     0.97    0.36    0.00    0.36   0.32  88.40
sde               0.00  1185.00    0.00 2572.00     0.00 75948.00    59.06     0.97    0.38    0.00    0.38   0.34  88.00
sde               0.00  1191.00    0.00 2573.00     0.00 76648.00    59.58     0.86    0.33    0.00    0.33   0.31  78.80
sde               0.00  1219.00    0.00 2672.00     0.00 78796.00    58.98     0.94    0.35    0.00    0.35   0.32  86.00
sde               0.00  1176.00    0.00 2570.00     0.00 75512.00    58.76     0.95    0.37    0.00    0.37   0.33  86.00
sde               0.00  1219.00    0.00 2661.00     0.00 78232.00    58.80     0.96    0.36    0.00    0.36   0.32  86.00
sde               0.00  1170.00    0.00 2544.00     0.00 74916.00    58.90     0.87    0.34    0.00    0.34   0.32  81.20
sde               0.00  1198.00    0.00 2624.00     0.00 77436.00    59.02     0.99    0.38    0.00    0.38   0.34  89.60
sde               0.00  1209.00    0.00 2661.00     0.00 77788.00    58.47     0.98    0.37    0.00    0.37   0.33  88.80
sde               0.00  1246.00    0.00 2692.00     0.00 79944.00    59.39     0.97    0.36    0.00    0.36   0.32  86.00
sde               0.00  1140.00    0.00 2507.00     0.00 73640.00    58.75     0.90    0.36    0.00    0.36   0.32  80.40
sde               0.00  1237.00    0.00 2675.00     0.00 79916.00    59.75     0.95    0.35    0.00    0.35   0.32  86.80
sde               0.00  1209.00    0.00 2656.00     0.00 78188.00    58.88     0.98    0.37    0.00    0.37   0.33  88.00
sde               0.00  1220.00    0.00 2656.00     0.00 77852.00    58.62     1.00    0.38    0.00    0.38   0.34  90.00
sde               0.00  1228.00    0.00 2702.00     0.00 79548.00    58.88     0.93    0.34    0.00    0.34   0.31  84.80
sde               0.00  1220.00    0.00 2631.00     0.00 77452.00    58.88     0.96    0.37    0.00    0.37   0.33  86.00
sde               0.00  1237.00    0.00 2701.00     0.00 79556.00    58.91     0.99    0.37    0.00    0.37   0.32  87.20
sde               0.00  1246.00    0.00 2692.00     0.00 79488.00    59.05     0.95    0.35    0.00    0.35   0.33  87.60
sde               0.00  1149.00    0.00 2523.00     0.00 74648.00    59.17     0.86    0.34    0.00    0.34   0.32  81.20
sde               0.00  1201.00    0.00 2592.00     0.00 77600.00    59.88     0.90    0.35    0.00    0.35   0.32  82.40
sde               0.00  1168.00    0.00 2563.00     0.00 75084.00    58.59     0.93    0.36    0.00    0.36   0.33  85.60
sde               0.00  1243.00    0.00 2682.00     0.00 79804.00    59.51     0.94    0.35    0.00    0.35   0.32  85.20
sde               0.00  1201.00    0.00 2646.00     0.00 77500.00    58.58     0.98    0.37    0.00    0.37   0.33  88.00
sde               0.00  1256.00    0.00 2717.00     0.00 80888.00    59.54     0.93    0.34    0.00    0.34   0.32  86.40
sde               0.00  1182.00    0.00 2564.00     0.00 75892.00    59.20     0.89    0.35    0.00    0.35   0.32  83.20
sde               0.00  1230.00    0.00 2663.00     0.00 78952.00    59.30     0.93    0.35    0.00    0.35   0.32  84.40
sde               0.00  1174.00    0.00 2584.00     0.00 75664.00    58.56     0.92    0.35    0.00    0.35   0.33  84.40
sde               0.00  1254.00    0.00 2719.00     0.00 81268.00    59.78     0.93    0.34    0.00    0.34   0.31  84.80
sde               0.00  1217.00    0.00 2654.00     0.00 78232.00    58.95     1.02    0.38    0.00    0.38   0.34  89.60
sde               0.00  1230.00    0.00 2683.00     0.00 78588.00    58.58     0.99    0.37    0.00    0.37   0.33  87.20
sde               0.00  1194.00    0.00 2638.00     0.00 77048.00    58.41     1.03    0.39    0.00    0.39   0.34  90.40
sde               0.00  1248.00    0.00 2732.00     0.00 80844.00    59.18     1.03    0.38    0.00    0.38   0.33  90.40
sde               0.00  1227.00    0.00 2673.00     0.00 78672.00    58.86     0.96    0.36    0.00    0.36   0.32  86.80
sde               0.00  1247.00    0.00 2696.00     0.00 79492.00    58.97     0.92    0.34    0.00    0.34   0.31  84.80
sde               0.00  1231.00    0.00 2701.00     0.00 79652.00    58.98     0.99    0.36    0.00    0.36   0.32  86.80
sde               0.00  1214.00    0.00 2644.00     0.00 77876.00    58.91     0.97    0.37    0.00    0.37   0.33  86.80
sde               0.00  1182.00    0.00 2586.00     0.00 75576.00    58.45     0.91    0.35    0.00    0.35   0.31  80.80
sde               0.00  1211.00    0.00 2643.00     0.00 77624.00    58.74     0.99    0.38    0.00    0.38   0.34  90.40
sde               0.00  1212.00    0.00 2684.00     0.00 78396.00    58.42     0.94    0.35    0.00    0.35   0.31  84.40
sde               0.00  1175.00    0.00 2572.00     0.00 75556.00    58.75     0.92    0.36    0.00    0.36   0.33  84.40
sde               0.00  1212.00    0.00 2645.00     0.00 78184.00    59.12     0.97    0.37    0.00    0.37   0.32  85.20
sde               0.00  1205.00    0.00 2626.00     0.00 77148.00    58.76     1.03    0.39    0.00    0.39   0.35  90.80
sde               0.00  1203.00    0.00 2653.00     0.00 77508.00    58.43     0.94    0.35    0.00    0.35   0.31  83.20
sde               0.00  1185.00    0.00 2601.00     0.00 76028.00    58.46     0.90    0.35    0.00    0.35   0.32  82.40
sde               0.00  1204.00    0.00 2642.00     0.00 77348.00    58.55     0.98    0.37    0.00    0.37   0.33  86.40
sde               0.00  1197.00    0.00 2594.00     0.00 75908.00    58.53     0.96    0.37    0.00    0.37   0.33  86.40
sde               0.00  1207.00    0.00 2656.00     0.00 77948.00    58.70     0.93    0.35    0.00    0.35   0.32  85.20
sde               0.00  1128.00    0.00 2471.00     0.00 72364.00    58.57     0.90    0.36    0.00    0.36   0.33  82.40
sde               0.00  1203.00    0.00 2602.00     0.00 77284.00    59.40     0.90    0.35    0.00    0.35   0.32  82.80
sde               0.00  1193.00    0.00 2576.00     0.00 76228.00    59.18     0.94    0.37    0.00    0.37   0.34  87.60
sde               0.00  1138.00    0.00 2504.00     0.00 74128.00    59.21     0.82    0.33    0.00    0.33   0.31  76.80
sde               0.00  1159.00    0.00 2527.00     0.00 74920.00    59.30     0.96    0.38    0.00    0.38   0.34  84.80
sde               0.00  1180.00    0.00 2583.00     0.00 75944.00    58.80     0.88    0.34    0.00    0.34   0.31  80.80
sde               0.00  1229.00    0.00 2662.00     0.00 78172.00    58.73     0.95    0.36    0.00    0.36   0.32  85.20
sde               0.00  1192.00    0.00 2620.00     0.00 77348.00    59.04     0.95    0.36    0.00    0.36   0.33  86.80
sde               0.00  1249.00    0.00 2718.00     0.00 80404.00    59.16     0.96    0.35    0.00    0.35   0.32  87.20
sde               0.00  1174.00    0.00 2553.00     0.00 75900.00    59.46     0.92    0.36    0.00    0.36   0.34  85.60
sde               0.00  1162.00    0.00 2521.00     0.00 74824.00    59.36     0.89    0.35    0.00    0.35   0.33  82.00
