sde               0.00     1.36    0.00    2.95     0.00   185.26   125.79     0.01    2.65    1.92    2.65   0.42   0.12
sde               0.00     0.00    0.00    0.00     0.00     0.00     0.00     0.00    0.00    0.00    0.00   0.00   0.00
sde               0.00   348.00    0.00 1278.00     0.00 47976.00    75.08     1.80    1.29    0.00    1.29   0.38  48.80
sde               0.00   575.00    0.00 2334.00     0.00 90744.00    77.76     3.34    1.41    0.00    1.41   0.38  89.20
sde               0.00   568.00    0.00 2287.00     0.00 89684.00    78.43     3.18    1.48    0.00    1.48   0.35  79.20
sde               0.00   565.00    0.00 2206.00     0.00 97444.00    88.34     3.57    1.62    0.00    1.62   0.38  84.40
sde               0.00   554.00    0.00 2246.00     0.00 85304.00    75.96     3.07    1.37    0.00    1.37   0.39  87.20
sde               0.00   526.00    0.00 2132.00     0.00 86752.00    81.38     3.52    1.60    0.00    1.60   0.39  83.60
sde               0.00   542.00    0.00 2100.00     0.00 82532.00    78.60     3.36    1.65    0.00    1.65   0.39  82.40
sde               0.00   546.00    0.00 2160.00     0.00 84888.00    78.60     3.65    1.69    0.00    1.69   0.40  87.20
sde               0.00   538.00    0.00 2182.00     0.00 79824.00    73.17     3.54    1.50    0.00    1.50   0.37  81.60
sde               0.00   569.00    0.00 2252.00     0.00 77876.00    69.16     2.86    1.39    0.00    1.39   0.36  81.20
sde               0.00   563.00    0.00 2186.00     0.00 72180.00    66.04     3.50    1.60    0.00    1.60   0.40  88.00
sde               0.00   544.00    0.00 2164.00     0.00 74068.00    68.45     3.24    1.43    0.00    1.43   0.37  80.80
sde               0.00   557.00    0.00 2251.00     0.00 83292.00    74.00     3.45    1.60    0.00    1.60   0.38  86.40
sde               0.00   593.00    0.00 2295.00     0.00 72780.00    63.42     2.81    1.23    0.00    1.23   0.37  84.80
sde               0.00   558.00    0.00 2156.00     0.00 77356.00    71.76     2.89    1.27    0.00    1.27   0.41  87.60
sde               0.00   586.00    0.00 2291.00     0.00 80300.00    70.10     2.56    1.18    0.00    1.18   0.38  86.80
sde               0.00   533.00    0.00 2073.00     0.00 72056.00    69.52     2.96    1.43    0.00    1.43   0.42  88.00
sde               0.00   560.00    0.00 2176.00     0.00 72332.00    66.48     2.92    1.34    0.00    1.34   0.39  84.40
sde               0.00   547.00    0.00 2114.00     0.00 77836.00    73.64     2.76    1.25    0.00    1.25   0.41  86.00
sde               0.00   556.00    0.00 2157.00     0.00 79156.00    73.39     2.70    1.30    0.00    1.30   0.41  89.20
sde               0.00   601.00    0.00 2346.00     0.00 73104.00    62.32     2.72    1.16    0.00    1.16   0.38  89.60
sde               0.00   548.00    0.00 2088.00     0.00 71888.00    68.86     2.92    1.40    0.00    1.40   0.43  89.20
sde               0.00   530.00    0.00 2094.00     0.00 71956.00    68.73     3.28    1.57    0.00    1.57   0.42  87.20
sde               0.00   550.00    0.00 2094.00     0.00 72020.00    68.79     3.02    1.44    0.00    1.44   0.41  86.40
sde               0.00   536.00    0.00 2079.00     0.00 78084.00    75.12     2.90    1.26    0.00    1.26   0.40  83.60
sde               0.00   513.00    0.00 1959.00     0.00 65424.00    66.79     2.67    1.51    0.00    1.51   0.46  89.20
sde               0.00   579.00    0.00 2189.00     0.00 85252.00    77.89     2.34    1.07    0.00    1.07   0.39  84.40
sde               0.00   574.00    0.00 2227.00     0.00 72576.00    65.18     2.16    0.97    0.00    0.97   0.39  87.60
sde               0.00   545.00    0.00 2131.00     0.00 85068.00    79.84     2.56    1.20    0.00    1.20   0.39  84.00
sde               0.00   558.00    0.00 2123.00     0.00 72104.00    67.93     2.30    1.08    0.00    1.08   0.41  87.20
sde               0.00   645.00    0.00 2348.00     0.00 73224.00    62.37     2.19    0.93    0.00    0.93   0.36  84.80
sde               0.00   527.00    0.00 2042.00     0.00 71848.00    70.37     2.49    1.22    0.00    1.22   0.43  87.20
sde               0.00   519.00    0.00 2020.00     0.00 71880.00    71.17     2.88    1.42    0.00    1.42   0.42  85.20
sde               0.00   529.00    0.00 1996.00     0.00 71604.00    71.75     2.96    1.48    0.00    1.48   0.43  85.60
sde               0.00   540.00    0.00 2042.00     0.00 71740.00    70.26     2.62    1.29    0.00    1.29   0.42  85.60
sde               0.00   544.00    0.00 2104.00     0.00 84968.00    80.77     2.80    1.33    0.00    1.33   0.41  86.00
sde               0.00   541.00    0.00 2090.00     0.00 72140.00    69.03     2.89    1.39    0.00    1.39   0.39  82.40
sde               0.00   519.00    0.00 2004.00     0.00 58936.00    58.82     2.82    1.41    0.00    1.41   0.44  88.80
sde               0.00   537.00    0.00 2040.00     0.00 71720.00    70.31     3.17    1.55    0.00    1.55   0.43  87.20
sde               0.00   505.00    0.00 1955.00     0.00 71484.00    73.13     2.91    1.49    0.00    1.49   0.45  88.80
sde               0.00   498.00    0.00 1909.00     0.00 71428.00    74.83     3.48    1.82    0.00    1.82   0.44  84.80
sde               0.00   504.00    0.00 1956.00     0.00 61832.00    63.22     3.02    1.51    0.00    1.51   0.45  88.80
sde               0.00   550.00    0.00 2072.00     0.00 81584.00    78.75     2.80    1.39    0.00    1.39   0.42  87.60
sde               0.00   584.00    0.00 2249.00     0.00 72684.00    64.64     2.27    1.01    0.00    1.01   0.38  85.20
sde               0.00   565.00    0.00 2194.00     0.00 72572.00    66.15     2.45    1.12    0.00    1.12   0.40  86.80
sde               0.00   559.00    0.00 2151.00     0.00 85052.00    79.08     2.40    1.12    0.00    1.12   0.38  82.00
sde               0.00   588.00    0.00 2213.00     0.00 72484.00    65.51     2.08    0.94    0.00    0.94   0.39  85.60
sde               0.00   577.00    0.00 2229.00     0.00 85332.00    76.57     2.39    1.07    0.00    1.07   0.39  86.00
sde               0.00   545.00    0.00 2084.00     0.00 72108.00    69.20     2.18    1.04    0.00    1.04   0.40  84.00
sde               0.00   596.00    0.00 2323.00     0.00 73168.00    62.99     1.81    0.78    0.00    0.78   0.37  86.00
sde               0.00   597.00    0.00 2248.00     0.00 85448.00    76.02     1.92    0.85    0.00    0.85   0.38  86.00
sde               0.00   558.00    0.00 2132.00     0.00 72300.00    67.82     2.11    0.99    0.00    0.99   0.39  84.00
sde               0.00   578.00    0.00 2229.00     0.00 85452.00    76.67     1.98    0.89    0.00    0.89   0.39  86.40
sde               0.00   557.00    0.00 2144.00     0.00 72344.00    67.49     2.05    0.96    0.00    0.96   0.40  86.80
sde               0.00   551.00    0.00 2109.00     0.00 84960.00    80.57     2.14    1.01    0.00    1.01   0.39  81.20
sde               0.00   542.00    0.00 2069.00     0.00 72048.00    69.65     2.06    1.00    0.00    1.00   0.41  85.60
sde               0.00   544.00    0.00 2086.00     0.00 72124.00    69.15     2.27    1.09    0.00    1.09   0.42  88.40
sde               0.00   572.00    0.00 2196.00     0.00 72564.00    66.09     1.99    0.91    0.00    0.91   0.38  84.00
sde               0.00   536.00    0.00 2048.00     0.00 77068.00    75.26     2.02    0.94    0.00    0.94   0.43  87.20
sde               0.00   582.00    0.00 2202.00     0.00 80148.00    72.80     2.02    0.96    0.00    0.96   0.39  86.40
sde               0.00   567.00    0.00 2121.00     0.00 79096.00    74.58     1.98    0.89    0.00    0.89   0.38  81.20
sde               0.00   526.00    0.00 2007.00     0.00 75508.00    75.24     2.34    1.14    0.00    1.14   0.42  84.40
sde               0.00   604.00    0.00 2297.00     0.00 75416.00    65.66     1.78    0.84    0.00    0.84   0.37  86.00
sde               0.00   571.00    0.00 2150.00     0.00 85044.00    79.11     1.96    0.91    0.00    0.91   0.39  83.60
sde               0.00   604.00    0.00 2349.00     0.00 73284.00    62.40     1.78    0.76    0.00    0.76   0.37  88.00
sde               0.00   591.00    0.00 2253.00     0.00 85436.00    75.84     1.98    0.88    0.00    0.88   0.38  85.60
sde               0.00   577.00    0.00 2194.00     0.00 76520.00    69.75     1.93    0.85    0.00    0.85   0.36  80.00
sde               0.00   613.00    0.00 2335.00     0.00 81952.00    70.19     1.86    0.83    0.00    0.83   0.37  86.40
sde               0.00   534.00    0.00 2049.00     0.00 84732.00    82.71     2.18    1.06    0.00    1.06   0.43  87.20
sde               0.00   591.00    0.00 2284.00     0.00 73016.00    63.94     1.92    0.84    0.00    0.84   0.36  82.00
sde               0.00   557.00    0.00 2069.00     0.00 71856.00    69.46     2.08    1.01    0.00    1.01   0.40  83.20
sde               0.00   518.00    0.00 2017.00     0.00 71936.00    71.33     2.36    1.17    0.00    1.17   0.42  84.80
sde               0.00   443.00    0.00 1675.00     0.00 70472.00    84.15     2.98    1.78    0.00    1.78   0.53  88.00
sde               0.00   513.00    0.00 1990.00     0.00 59068.00    59.36     2.34    1.18    0.00    1.18   0.43  84.80
sde               0.00   517.00    0.00 1944.00     0.00 74888.00    77.05     2.69    1.35    0.00    1.35   0.45  87.20
sde               0.00   513.00    0.00 1987.00     0.00 78468.00    78.98     2.39    1.16    0.00    1.16   0.44  86.80
sde               0.00   523.00    0.00 2022.00     0.00 68400.00    67.66     2.35    1.15    0.00    1.15   0.44  88.00
sde               0.00   532.00    0.00 2043.00     0.00 65304.00    63.93     2.15    1.15    0.00    1.15   0.40  81.60
sde               0.00   520.00    0.00 1941.00     0.00 71452.00    73.62     2.48    1.28    0.00    1.28   0.46  88.40
sde               0.00   539.00    0.00 2079.00     0.00 84844.00    81.62     2.20    1.06    0.00    1.06   0.41  84.80
sde               0.00   588.00    0.00 2277.00     0.00 73000.00    64.12     1.94    0.85    0.00    0.85   0.38  87.60
sde               0.00   567.00    0.00 2192.00     0.00 85152.00    77.69     2.07    0.93    0.00    0.93   0.38  84.00
sde               0.00   543.00    0.00 2023.00     0.00 71788.00    70.97     2.12    1.06    0.00    1.06   0.43  87.20
sde               0.00   503.00    0.00 1966.00     0.00 69676.00    70.88     2.59    1.27    0.00    1.27   0.44  87.20
sde               0.00   530.00    0.00 2058.00     0.00 74116.00    72.03     2.47    1.25    0.00    1.25   0.42  86.00
sde               0.00   532.00    0.00 2038.00     0.00 71928.00    70.59     2.26    1.11    0.00    1.11   0.43  87.20
sde               0.00   545.00    0.00 2076.00     0.00 71952.00    69.32     2.14    1.03    0.00    1.03   0.43  88.40
sde               0.00   604.00    0.00 2323.00     0.00 73076.00    62.92     1.80    0.78    0.00    0.78   0.37  85.20
sde               0.00   522.00    0.00 2034.00     0.00 80168.00    78.83     2.40    1.10    0.00    1.10   0.41  83.60
sde               0.00   580.00    0.00 2207.00     0.00 77220.00    69.98     1.98    0.97    0.00    0.97   0.39  86.40
sde               0.00   605.00    0.00 2233.00     0.00 72676.00    65.09     1.85    0.83    0.00    0.83   0.38  85.20
sde               0.00   576.00    0.00 2202.00     0.00 85360.00    77.53     2.10    0.95    0.00    0.95   0.39  86.80
sde               0.00   537.00    0.00 2059.00     0.00 71996.00    69.93     2.20    1.07    0.00    1.07   0.43  89.20
sde               0.00   562.00    0.00 2154.00     0.00 72388.00    67.21     2.19    1.02    0.00    1.02   0.38  82.00
sde               0.00   525.00    0.00 1999.00     0.00 81856.00    81.90     2.41    1.15    0.00    1.15   0.44  87.60
sde               0.00   507.00    0.00 1941.00     0.00 74208.00    76.46     2.43    1.31    0.00    1.31   0.45  87.60
sde               0.00   566.00    0.00 2159.00     0.00 72432.00    67.10     2.07    0.96    0.00    0.96   0.41  88.00
sde               0.00   524.00    0.00 2024.00     0.00 71840.00    70.99     2.31    1.14    0.00    1.14   0.42  85.60
sde               0.00   552.00    0.00 2072.00     0.00 72100.00    69.59     2.08    1.01    0.00    1.01   0.43  89.60
sde               0.00   577.00    0.00 2206.00     0.00 85252.00    77.29     2.00    0.91    0.00    0.91   0.38  83.20
sde               0.00   503.00    0.00 1939.00     0.00 71640.00    73.89     2.46    1.27    0.00    1.27   0.44  86.00
sde               0.00   547.00    0.00 2096.00     0.00 72156.00    68.85     2.27    1.08    0.00    1.08   0.42  88.00
sde               0.00   570.00    0.00 2152.00     0.00 72288.00    67.18     2.14    0.99    0.00    0.99   0.40  85.60
sde               0.00   542.00    0.00 2095.00     0.00 72272.00    68.99     2.04    0.95    0.00    0.95   0.41  85.60
sde               0.00   570.00    0.00 2208.00     0.00 85344.00    77.30     2.10    0.98    0.00    0.98   0.39  86.40
sde               0.00   492.00    0.00 1872.00     0.00 71264.00    76.14     2.53    1.35    0.00    1.35   0.45  84.80
sde               0.00   502.00    0.00 1913.00     0.00 65164.00    68.13     2.72    1.28    0.00    1.28   0.47  89.20
sde               0.00   557.00    0.00 2144.00     0.00 78460.00    73.19     2.10    1.10    0.00    1.10   0.40  86.80
sde               0.00   552.00    0.00 2120.00     0.00 72372.00    68.28     2.10    0.99    0.00    0.99   0.40  85.60
sde               0.00   549.00    0.00 2134.00     0.00 72396.00    67.85     2.08    0.95    0.00    0.95   0.39  83.60
sde               0.00   547.00    0.00 2059.00     0.00 77400.00    75.18     2.26    1.05    0.00    1.05   0.43  87.60
sde               0.00   535.00    0.00 2053.00     0.00 79136.00    77.09     2.07    1.07    0.00    1.07   0.41  84.80
sde               0.00   543.00    0.00 2112.00     0.00 72316.00    68.48     2.27    1.08    0.00    1.08   0.42  88.00
sde               0.00   580.00    0.00 2210.00     0.00 72628.00    65.73     1.98    0.90    0.00    0.90   0.39  87.20
sde               0.00   498.00    0.00 1893.00     0.00 71228.00    75.25     2.47    1.30    0.00    1.30   0.47  89.20
sde               0.00   534.00    0.00 2089.00     0.00 73240.00    70.12     2.22    1.04    0.00    1.04   0.40  83.60
sde               0.00   581.00    0.00 2236.00     0.00 84456.00    75.54     2.04    0.93    0.00    0.93   0.38  84.40
sde               0.00   556.00    0.00 2118.00     0.00 72256.00    68.23     1.87    0.88    0.00    0.88   0.40  84.80
sde               0.00   558.00    0.00 2116.00     0.00 72132.00    68.18     2.14    1.01    0.00    1.01   0.41  87.20
sde               0.00   536.00    0.00 2098.00     0.00 75308.00    71.79     2.23    1.03    0.00    1.03   0.40  84.80
sde               0.00   568.00    0.00 2101.00     0.00 81960.00    78.02     2.20    1.09    0.00    1.09   0.41  86.00
sde               0.00   515.00    0.00 1958.00     0.00 58972.00    60.24     2.42    1.23    0.00    1.23   0.44  86.00
sde               0.00   542.00    0.00 2050.00     0.00 84516.00    82.45     2.34    1.14    0.00    1.14   0.43  88.80
sde               0.00   568.00    0.00 2208.00     0.00 72712.00    65.86     1.97    0.89    0.00    0.89   0.39  85.60
sde               0.00   566.00    0.00 2173.00     0.00 72464.00    66.69     1.86    0.84    0.00    0.84   0.40  86.40
sde               0.00   581.00    0.00 2191.00     0.00 85344.00    77.90     2.00    0.93    0.00    0.93   0.38  82.40
sde               0.00   568.00    0.00 2209.00     0.00 73480.00    66.53     1.90    0.84    0.00    0.84   0.39  86.00
sde               0.00   603.00    0.00 2316.00     0.00 84924.00    73.34     1.89    0.84    0.00    0.84   0.36  84.40
sde               0.00   565.00    0.00 2142.00     0.00 85000.00    79.37     1.93    0.89    0.00    0.89   0.40  85.20
sde               0.00   606.00    0.00 2310.00     0.00 73036.00    63.23     1.82    0.80    0.00    0.80   0.38  86.80
sde               0.00   549.00    0.00 2113.00     0.00 84988.00    80.44     2.02    0.95    0.00    0.95   0.41  86.40
sde               0.00   608.00    0.00 2338.00     0.00 73132.00    62.56     1.87    0.80    0.00    0.80   0.37  87.20
sde               0.00   531.00    0.00 2033.00     0.00 75728.00    74.50     2.26    1.06    0.00    1.06   0.43  88.40
sde               0.00   592.00    0.00 2263.00     0.00 81772.00    72.27     1.86    0.87    0.00    0.87   0.36  82.00
sde               0.00   551.00    0.00 2095.00     0.00 72048.00    68.78     1.98    0.94    0.00    0.94   0.40  84.80
sde               0.00   556.00    0.00 2137.00     0.00 85200.00    79.74     2.14    1.01    0.00    1.01   0.39  83.20
sde               0.00   575.00    0.00 2220.00     0.00 72636.00    65.44     1.81    0.81    0.00    0.81   0.41  90.00
sde               0.00   555.00    0.00 2114.00     0.00 72236.00    68.34     2.01    0.95    0.00    0.95   0.39  81.60
sde               0.00   529.00    0.00 2016.00     0.00 84492.00    83.82     2.41    1.19    0.00    1.19   0.43  87.20
sde               0.00   525.00    0.00 2018.00     0.00 71948.00    71.31     2.32    1.15    0.00    1.15   0.44  88.40
sde               0.00   576.00    0.00 2239.00     0.00 72604.00    64.85     2.52    1.13    0.00    1.13   0.38  86.00
sde               0.00   590.00    0.00 2255.00     0.00 72920.00    64.67     1.91    0.85    0.00    0.85   0.38  86.40
sde               0.00   588.00    0.00 2253.00     0.00 85308.00    75.73     1.96    0.87    0.00    0.87   0.38  84.80
sde               0.00   563.00    0.00 2166.00     0.00 72428.00    66.88     1.87    0.86    0.00    0.86   0.41  89.60
sde               0.00   543.00    0.00 2076.00     0.00 74496.00    71.77     2.23    1.00    0.00    1.00   0.40  83.20
sde               0.00   536.00    0.00 2087.00     0.00 82516.00    79.08     2.38    1.21    0.00    1.21   0.41  85.60
sde               0.00   580.00    0.00 2256.00     0.00 72708.00    64.46     2.19    0.97    0.00    0.97   0.38  85.20
sde               0.00   564.00    0.00 2165.00     0.00 72236.00    66.73     2.57    1.19    0.00    1.19   0.39  85.20
sde               0.00   546.00    0.00 2102.00     0.00 84932.00    80.81     2.12    1.01    0.00    1.01   0.40  84.40
sde               0.00   568.00    0.00 2185.00     0.00 72512.00    66.37     2.11    0.96    0.00    0.96   0.40  87.60
sde               0.00   549.00    0.00 2030.00     0.00 71992.00    70.93     2.35    1.16    0.00    1.16   0.44  89.20
sde               0.00   488.00    0.00 1891.00     0.00 71416.00    75.53     2.70    1.43    0.00    1.43   0.46  86.40
sde               0.00   488.00    0.00 1847.00     0.00 58288.00    63.12     2.64    1.43    0.00    1.43   0.50  92.00
sde               0.00   478.00    0.00 1828.00     0.00 71208.00    77.91     2.76    1.51    0.00    1.51   0.48  88.00
sde               0.00   509.00    0.00 1978.00     0.00 68588.00    69.35     2.56    1.22    0.00    1.22   0.42  83.20
sde               0.00   526.00    0.00 1999.00     0.00 62092.00    62.12     2.38    1.26    0.00    1.26   0.45  90.80
sde               0.00   491.00    0.00 1856.00     0.00 71080.00    76.59     2.61    1.41    0.00    1.41   0.46  86.00
sde               0.00   477.00    0.00 1850.00     0.00 58476.00    63.22     3.05    1.65    0.00    1.65   0.50  92.40
sde               0.00   531.00    0.00 2041.00     0.00 71928.00    70.48     2.44    1.20    0.00    1.20   0.42  86.00
sde               0.00   519.00    0.00 2013.00     0.00 71764.00    71.30     2.74    1.36    0.00    1.36   0.42  83.60
sde               0.00   483.00    0.00 1849.00     0.00 71284.00    77.11     2.52    1.37    0.00    1.37   0.48  88.40
sde               0.00   490.00    0.00 1862.00     0.00 64584.00    69.37     2.78    1.37    0.00    1.37   0.48  90.00
sde               0.00   523.00    0.00 2024.00     0.00 72232.00    71.38     2.48    1.24    0.00    1.24   0.44  88.40
sde               0.00   530.00    0.00 2028.00     0.00 65356.00    64.45     2.34    1.25    0.00    1.25   0.41  84.00
sde               0.00   515.00    0.00 2045.00     0.00 73260.00    71.65     3.47    1.65    0.00    1.65   0.43  87.60
sde               0.00   460.00    0.00 1822.00     0.00 69148.00    75.90     4.69    2.63    0.00    2.63   0.47  85.20
sde               0.00   498.00    0.00 1989.00     0.00 71656.00    72.05     3.30    1.66    0.00    1.66   0.43  85.60
sde               0.00   602.00    0.00 2364.00     0.00 73036.00    61.79     2.52    1.07    0.00    1.07   0.36  84.40
sde               0.00   534.00    0.00 2089.00     0.00 79188.00    75.81     3.38    1.47    0.00    1.47   0.41  86.00
sde               0.00   513.00    0.00 2036.00     0.00 64308.00    63.17     3.53    1.89    0.00    1.89   0.45  91.20
sde               0.00   492.00    0.00 1983.00     0.00 71540.00    72.15     4.20    2.12    0.00    2.12   0.44  87.60
sde               0.00   559.00    0.00 2206.00     0.00 72232.00    65.49     3.26    1.48    0.00    1.48   0.39  85.60
sde               0.00   495.00    0.00 1868.00     0.00 71264.00    76.30     2.39    1.28    0.00    1.28   0.47  87.20
sde               0.00   505.00    0.00 1971.00     0.00 71732.00    72.79     2.47    1.25    0.00    1.25   0.44  87.60
sde               0.00   514.00    0.00 1948.00     0.00 71704.00    73.62     2.20    1.13    0.00    1.13   0.42  82.40
sde               0.00   531.00    0.00 2018.00     0.00 71596.00    70.96     2.44    1.21    0.00    1.21   0.43  87.20
sde               0.00   499.00    0.00 1926.00     0.00 63500.00    65.94     2.89    1.42    0.00    1.42   0.43  83.60
sde               0.00   527.00    0.00 2030.00     0.00 67156.00    66.16     2.09    1.10    0.00    1.10   0.44  88.80
sde               0.00   530.00    0.00 2049.00     0.00 78960.00    77.07     2.34    1.05    0.00    1.05   0.42  86.00
sde               0.00   556.00    0.00 2085.00     0.00 77896.00    74.72     2.26    1.18    0.00    1.18   0.43  88.80
sde               0.00   544.00    0.00 1979.00     0.00 71680.00    72.44     2.42    1.22    0.00    1.22   0.44  87.60
sde               0.00   575.00    0.00 2269.00     0.00 72804.00    64.17     2.62    1.15    0.00    1.15   0.38  86.80
sde               0.00   547.00    0.00 2120.00     0.00 72312.00    68.22     2.23    1.05    0.00    1.05   0.40  84.40
sde               0.00   597.00    0.00 2345.00     0.00 85564.00    72.98     2.82    1.20    0.00    1.20   0.37  86.00
sde               0.00   475.00    0.00 1846.00     0.00 70876.00    76.79     3.72    2.02    0.00    2.02   0.47  87.20
sde               0.00   479.00    0.00 1925.00     0.00 71312.00    74.09     4.37    2.27    0.00    2.27   0.44  84.40
sde               0.00   556.00    0.00 2196.00     0.00 72504.00    66.03     2.68    1.22    0.00    1.22   0.39  85.20
sde               0.00   567.00    0.00 2225.00     0.00 83036.00    74.64     2.81    1.21    0.00    1.21   0.39  86.00
sde               0.00   578.00    0.00 2180.00     0.00 74444.00    68.30     2.12    1.03    0.00    1.03   0.41  88.40
sde               0.00   553.00    0.00 2133.00     0.00 72420.00    67.90     1.99    0.93    0.00    0.93   0.41  87.20
sde               0.00   543.00    0.00 2108.00     0.00 74420.00    70.61     2.57    1.18    0.00    1.18   0.40  84.40
sde               0.00   572.00    0.00 2140.00     0.00 82732.00    77.32     2.17    1.06    0.00    1.06   0.41  87.60
sde               0.00   596.00    0.00 2294.00     0.00 72940.00    63.59     1.90    0.83    0.00    0.83   0.37  84.00
sde               0.00   554.00    0.00 2131.00     0.00 85176.00    79.94     1.91    0.90    0.00    0.90   0.40  84.80
sde               0.00   602.00    0.00 2299.00     0.00 72988.00    63.50     1.92    0.84    0.00    0.84   0.37  84.80
sde               0.00   509.00    0.00 1920.00     0.00 71328.00    74.30     2.73    1.42    0.00    1.42   0.45  87.20
sde               0.00   471.00    0.00 1838.00     0.00 66636.00    72.51     3.58    1.86    0.00    1.86   0.47  86.40
sde               0.00   539.00    0.00 2074.00     0.00 76400.00    73.67     3.09    1.57    0.00    1.57   0.43  88.40
sde               0.00   572.00    0.00 2217.00     0.00 72692.00    65.58     2.13    0.96    0.00    0.96   0.39  86.00
sde               0.00   544.00    0.00 2071.00     0.00 76468.00    73.85     2.51    1.17    0.00    1.17   0.41  84.80
sde               0.00   525.00    0.00 2049.00     0.00 74512.00    72.73     2.67    1.20    0.00    1.20   0.42  86.00
sde               0.00   471.00    0.00 1830.00     0.00 63716.00    69.63     3.14    1.89    0.00    1.89   0.49  90.40
sde               0.00   460.00    0.00 1791.00     0.00 58172.00    64.96     3.76    2.10    0.00    2.10   0.49  88.40
sde               0.00   528.00    0.00 2016.00     0.00 71448.00    70.88     3.52    1.75    0.00    1.75   0.42  85.20
sde               0.00   478.00    0.00 1873.00     0.00 71208.00    76.04     3.86    2.06    0.00    2.06   0.47  87.60
sde               0.00   476.00    0.00 1836.00     0.00 60296.00    65.68     3.02    1.55    0.00    1.55   0.46  84.40
sde               0.00   497.00    0.00 1937.00     0.00 69368.00    71.62     3.07    1.68    0.00    1.68   0.44  85.20
sde               0.00   520.00    0.00 2009.00     0.00 71684.00    71.36     3.04    1.52    0.00    1.52   0.42  84.40
sde               0.00   522.00    0.00 2018.00     0.00 71756.00    71.12     2.71    1.34    0.00    1.34   0.41  83.60
sde               0.00   501.00    0.00 1941.00     0.00 71384.00    73.55     3.34    1.72    0.00    1.72   0.42  82.40
sde               0.00   520.00    0.00 2037.00     0.00 71872.00    70.57     3.36    1.65    0.00    1.65   0.43  86.80
sde               0.00   548.00    0.00 2120.00     0.00 72292.00    68.20     2.56    1.21    0.00    1.21   0.40  84.80
sde               0.00   476.00    0.00 1839.00     0.00 70728.00    76.92     3.39    1.84    0.00    1.84   0.46  84.80
sde               0.00   519.00    0.00 2001.00     0.00 65004.00    64.97     2.98    1.36    0.00    1.36   0.43  86.80
sde               0.00   560.00    0.00 2179.00     0.00 79132.00    72.63     2.57    1.30    0.00    1.30   0.39  85.20
sde               0.00   616.00    0.00 2293.00     0.00 72936.00    63.62     2.15    0.94    0.00    0.94   0.38  86.40
sde               0.00   546.00    0.00 2121.00     0.00 84624.00    79.80     2.61    1.23    0.00    1.23   0.40  84.80
sde               0.00   553.00    0.00 2112.00     0.00 72268.00    68.44     2.51    1.19    0.00    1.19   0.42  88.00
sde               0.00   580.00    0.00 2246.00     0.00 85396.00    76.04     2.32    1.03    0.00    1.03   0.38  86.00
sde               0.00   578.00    0.00 2231.00     0.00 72580.00    65.06     2.24    1.01    0.00    1.01   0.38  85.20
sde               0.00   549.00    0.00 2124.00     0.00 84900.00    79.94     2.48    1.17    0.00    1.17   0.39  83.20
sde               0.00   567.00    0.00 2189.00     0.00 72376.00    66.13     2.62    1.20    0.00    1.20   0.41  89.60
sde               0.00   586.00    0.00 2269.00     0.00 85468.00    75.34     2.52    1.11    0.00    1.11   0.36  81.60
sde               0.00   558.00    0.00 2124.00     0.00 72176.00    67.96     2.49    1.17    0.00    1.17   0.41  87.20
sde               0.00   580.00    0.00 2265.00     0.00 72696.00    64.19     2.18    0.96    0.00    0.96   0.37  83.20
sde               0.00   530.00    0.00 2074.00     0.00 81828.00    78.91     2.88    1.36    0.00    1.36   0.41  85.20
sde               0.00   614.00    0.00 2326.00     0.00 75668.00    65.06     2.44    1.09    0.00    1.09   0.37  85.20
sde               0.00   540.00    0.00 2101.00     0.00 84784.00    80.71     2.74    1.30    0.00    1.30   0.40  84.80
sde               0.00   578.00    0.00 2269.00     0.00 72784.00    64.16     2.63    1.16    0.00    1.16   0.38  85.20
sde               0.00   562.00    0.00 2145.00     0.00 72332.00    67.44     2.02    0.94    0.00    0.94   0.40  86.00
sde               0.00   579.00    0.00 2194.00     0.00 85076.00    77.55     2.13    0.97    0.00    0.97   0.40  87.60
sde               0.00   536.00    0.00 2068.00     0.00 72144.00    69.77     2.12    1.03    0.00    1.03   0.41  85.20
sde               0.00   538.00    0.00 2104.00     0.00 79032.00    75.13     2.14    0.94    0.00    0.94   0.40  84.00
sde               0.00   566.00    0.00 2120.00     0.00 78172.00    73.75     2.07    1.06    0.00    1.06   0.41  86.40
sde               0.00   556.00    0.00 2161.00     0.00 72396.00    67.00     1.83    0.85    0.00    0.85   0.40  85.60
sde               0.00   569.00    0.00 2185.00     0.00 75700.00    69.29     1.98    0.86    0.00    0.86   0.38  83.20
sde               0.00   552.00    0.00 2125.00     0.00 81968.00    77.15     2.18    1.08    0.00    1.08   0.40  84.40
sde               0.00   587.00    0.00 2249.00     0.00 83740.00    74.47     1.96    0.84    0.00    0.84   0.37  82.80
sde               0.00   571.00    0.00 2169.00     0.00 74112.00    68.34     1.84    0.88    0.00    0.88   0.39  83.60
sde               0.00   589.00    0.00 2275.00     0.00 72860.00    64.05     1.82    0.80    0.00    0.80   0.38  85.60
sde               0.00   549.00    0.00 2096.00     0.00 84920.00    81.03     2.07    0.99    0.00    0.99   0.40  84.40
sde               0.00   601.00    0.00 2316.00     0.00 73036.00    63.07     1.75    0.76    0.00    0.76   0.36  83.20
sde               0.00   545.00    0.00 2064.00     0.00 84688.00    82.06     2.08    1.01    0.00    1.01   0.41  84.80
sde               0.00   579.00    0.00 2252.00     0.00 72888.00    64.73     1.81    0.80    0.00    0.80   0.36  81.60
sde               0.00   571.00    0.00 2172.00     0.00 72336.00    66.61     1.92    0.89    0.00    0.89   0.40  86.40
sde               0.00   567.00    0.00 2109.00     0.00 85168.00    80.77     2.12    1.01    0.00    1.01   0.40  84.80
sde               0.00   585.00    0.00 2217.00     0.00 72548.00    65.45     1.80    0.81    0.00    0.81   0.39  85.60
sde               0.00   576.00    0.00 2227.00     0.00 85556.00    76.84     2.02    0.91    0.00    0.91   0.38  85.60
sde               0.00   600.00    0.00 2276.00     0.00 72896.00    64.06     1.80    0.77    0.00    0.77   0.36  82.40
sde               0.00   556.00    0.00 2128.00     0.00 85064.00    79.95     2.09    1.00    0.00    1.00   0.41  88.00
sde               0.00   588.00    0.00 2243.00     0.00 72628.00    64.76     1.80    0.80    0.00    0.80   0.37  84.00
sde               0.00   559.00    0.00 2139.00     0.00 85096.00    79.57     2.03    0.95    0.00    0.95   0.37  79.60
sde               0.00   606.00    0.00 2323.00     0.00 73068.00    62.91     1.72    0.74    0.00    0.74   0.37  85.20
sde               0.00   539.00    0.00 2060.00     0.00 84892.00    82.42     2.07    1.01    0.00    1.01   0.41  84.00
sde               0.00   584.00    0.00 2238.00     0.00 82432.00    73.67     1.96    0.84    0.00    0.84   0.38  85.20
sde               0.00   548.00    0.00 2076.00     0.00 75024.00    72.28     2.17    1.08    0.00    1.08   0.43  88.40
sde               0.00   543.00    0.00 2077.00     0.00 72076.00    69.40     2.20    1.06    0.00    1.06   0.41  85.60
sde               0.00   570.00    0.00 2199.00     0.00 72568.00    66.00     1.93    0.88    0.00    0.88   0.38  83.20
sde               0.00   570.30    0.00 2183.17     0.00 84518.81    77.43     1.94    0.89    0.00    0.89   0.38  82.38
sde               0.00   569.00    0.00 2161.00     0.00 72428.00    67.03     1.97    0.91    0.00    0.91   0.40  85.60
sde               0.00   536.00    0.00 2061.00     0.00 72008.00    69.88     2.18    1.06    0.00    1.06   0.41  84.40
sde               0.00   524.00    0.00 2026.00     0.00 71856.00    70.93     2.31    1.14    0.00    1.14   0.42  85.60
sde               0.00   527.00    0.00 1995.00     0.00 84416.00    84.63     2.20    1.10    0.00    1.10   0.43  85.60
sde               0.00   571.00    0.00 2178.00     0.00 72616.00    66.68     1.92    0.88    0.00    0.88   0.39  84.80
sde               0.00   577.00    0.00 2215.00     0.00 72624.00    65.57     1.80    0.81    0.00    0.81   0.38  84.40
sde               0.00   570.00    0.00 2215.00     0.00 85492.00    77.19     1.95    0.88    0.00    0.88   0.38  83.60
sde               0.00   591.00    0.00 2212.00     0.00 85180.00    77.02     1.90    0.86    0.00    0.86   0.38  84.80
sde               0.00   556.00    0.00 2134.00     0.00 72312.00    67.77     1.94    0.91    0.00    0.91   0.40  84.40
sde               0.00   538.00    0.00 2099.00     0.00 72240.00    68.83     2.18    1.04    0.00    1.04   0.41  85.20
sde               0.00   581.00    0.00 2208.00     0.00 85392.00    77.35     2.04    0.93    0.00    0.93   0.40  87.60
sde               0.00   594.00    0.00 2251.00     0.00 72556.00    64.47     1.79    0.79    0.00    0.79   0.38  84.80
sde               0.00   572.00    0.00 2203.00     0.00 85456.00    77.58     1.94    0.88    0.00    0.88   0.38  82.80
sde               0.00   598.00    0.00 2338.00     0.00 73216.00    62.63     1.80    0.77    0.00    0.77   0.36  85.20
sde               0.00   549.00    0.00 2078.00     0.00 84736.00    81.56     2.06    0.99    0.00    0.99   0.41  85.20
sde               0.00   612.00    0.00 2339.00     0.00 73020.00    62.44     1.74    0.75    0.00    0.75   0.38  88.40
sde               0.00   560.00    0.00 2084.00     0.00 81356.00    78.08     2.14    0.99    0.00    0.99   0.41  86.00
sde               0.00   604.00    0.00 2299.00     0.00 76820.00    66.83     1.79    0.81    0.00    0.81   0.36  82.80
sde               0.00   547.00    0.00 2106.00     0.00 82900.00    78.73     2.14    0.99    0.00    0.99   0.41  86.00
sde               0.00   628.00    0.00 2394.00     0.00 75284.00    62.89     1.73    0.74    0.00    0.74   0.35  84.80
sde               0.00   544.00    0.00 2078.00     0.00 84848.00    81.66     1.90    0.91    0.00    0.91   0.39  80.40
sde               0.00   620.00    0.00 2364.00     0.00 73264.00    61.98     1.75    0.74    0.00    0.74   0.35  82.80
sde               0.00   552.00    0.00 2096.00     0.00 84804.00    80.92     1.97    0.94    0.00    0.94   0.40  84.40
sde               0.00   604.00    0.00 2308.00     0.00 73020.00    63.28     1.82    0.79    0.00    0.79   0.38  86.80
sde               0.00   541.00    0.00 2101.00     0.00 83372.00    79.36     2.12    0.97    0.00    0.97   0.40  83.20
sde               0.00   613.00    0.00 2323.00     0.00 74636.00    64.26     1.77    0.80    0.00    0.80   0.37  85.20
sde               0.00   544.00    0.00 2083.00     0.00 84832.00    81.45     2.21    1.06    0.00    1.06   0.41  85.60
sde               0.00   610.00    0.00 2334.00     0.00 73132.00    62.67     1.74    0.75    0.00    0.75   0.36  84.40
sde               0.00   592.00    0.00 2279.00     0.00 85656.00    75.17     1.98    0.87    0.00    0.87   0.38  87.20
sde               0.00   577.00    0.00 2179.00     0.00 72528.00    66.57     2.06    0.94    0.00    0.94   0.38  83.20
sde               0.00   569.00    0.00 2178.00     0.00 85124.00    78.17     1.92    0.88    0.00    0.88   0.39  84.00
sde               0.00   558.00    0.00 2175.00     0.00 72560.00    66.72     1.80    0.83    0.00    0.83   0.39  84.00
sde               0.00   567.00    0.00 2170.00     0.00 77564.00    71.49     2.01    0.88    0.00    0.88   0.38  82.00
sde               0.00   544.00    0.00 2077.00     0.00 79748.00    76.79     2.14    1.09    0.00    1.09   0.42  86.80
sde               0.00   585.00    0.00 2245.00     0.00 72748.00    64.81     1.96    0.87    0.00    0.87   0.39  88.40
sde               0.00   564.00    0.00 2174.00     0.00 72456.00    66.66     1.79    0.82    0.00    0.82   0.39  84.80
sde               0.00   576.00    0.00 2176.00     0.00 85148.00    78.26     2.09    0.96    0.00    0.96   0.38  83.60
sde               0.00   556.00    0.00 2143.00     0.00 72332.00    67.51     1.84    0.86    0.00    0.86   0.40  84.80
sde               0.00   584.00    0.00 2250.00     0.00 85640.00    76.12     1.96    0.87    0.00    0.87   0.38  85.20
sde               0.00   574.00    0.00 2173.00     0.00 72492.00    66.72     1.84    0.84    0.00    0.84   0.39  84.00
sde               0.00   591.00    0.00 2261.00     0.00 85332.00    75.48     1.96    0.87    0.00    0.87   0.38  84.80
sde               0.00   565.00    0.00 2176.00     0.00 72592.00    66.72     1.85    0.83    0.00    0.83   0.38  82.00
sde               0.00   585.00    0.00 2243.00     0.00 85636.00    76.36     1.88    0.86    0.00    0.86   0.37  82.40
sde               0.00   553.00    0.00 2108.00     0.00 72216.00    68.52     1.88    0.89    0.00    0.89   0.41  86.40
sde               0.00   579.00    0.00 2206.00     0.00 85116.00    77.17     1.89    0.86    0.00    0.86   0.36  80.40
sde               0.00   562.00    0.00 2159.00     0.00 85288.00    79.01     1.89    0.87    0.00    0.87   0.39  84.00
