sde               0.00     0.41    0.00    0.80     0.00    89.03   223.39     0.01    8.20    1.91    8.20   0.48   0.04
sde               0.00     0.00    0.00    0.00     0.00     0.00     0.00     0.00    0.00    0.00    0.00   0.00   0.00
sde               0.00  1020.00    0.00 1721.00     0.00 40240.00    46.76     0.57    0.33    0.00    0.33   0.33  56.80
sde               0.00  1560.00    0.00 2719.00     0.00 63676.00    46.84     0.83    0.30    0.00    0.30   0.30  82.80
sde               0.00  1557.00    0.00 2702.00     0.00 63236.00    46.81     0.78    0.29    0.00    0.29   0.29  77.60
sde               0.00  1569.00    0.00 2723.00     0.00 63600.00    46.71     0.81    0.30    0.00    0.30   0.30  80.40
sde               0.00  1516.00    0.00 2637.00     0.00 61736.00    46.82     0.83    0.32    0.00    0.32   0.32  83.20
sde               0.00  1578.00    0.00 2737.00     0.00 64060.00    46.81     0.82    0.30    0.00    0.30   0.30  82.40
sde               0.00  1508.00    0.00 2624.00     0.00 61284.00    46.71     0.81    0.31    0.00    0.31   0.31  81.20
sde               0.00  1546.00    0.00 2685.00     0.00 63008.00    46.93     0.83    0.31    0.00    0.31   0.31  82.80
sde               0.00  1520.00    0.00 2638.00     0.00 61384.00    46.54     0.83    0.32    0.00    0.32   0.31  82.80
sde               0.00  1564.00    0.00 2725.00     0.00 63840.00    46.86     0.82    0.30    0.00    0.30   0.30  82.40
sde               0.00  1519.00    0.00 2602.00     0.00 60748.00    46.69     0.82    0.32    0.00    0.32   0.32  82.00
sde               0.00  1941.00    0.00 2694.00     0.00 64616.00    47.97     0.80    0.30    0.00    0.30   0.30  79.60
sde               0.00  1919.00    0.00 2679.00     0.00 64236.00    47.96     0.85    0.32    0.00    0.32   0.32  85.20
sde               0.00  1949.00    0.00 2717.00     0.00 64848.00    47.74     0.83    0.30    0.00    0.30   0.30  82.80
sde               0.00  1946.00    0.00 2715.00     0.00 65088.00    47.95     0.81    0.30    0.00    0.30   0.30  80.80
sde               0.00  1903.00    0.00 2660.00     0.00 63724.00    47.91     0.82    0.31    0.00    0.31   0.31  82.00
sde               0.00  1953.00    0.00 2715.00     0.00 64864.00    47.78     0.82    0.30    0.00    0.30   0.30  82.00
sde               0.00  1933.00    0.00 2703.00     0.00 64732.00    47.90     0.81    0.30    0.00    0.30   0.30  80.80
sde               0.00  1883.00    0.00 2621.00     0.00 62772.00    47.90     0.82    0.31    0.00    0.31   0.31  82.00
sde               0.00  1932.00    0.00 2694.00     0.00 64464.00    47.86     0.83    0.31    0.00    0.31   0.31  82.40
sde               0.00  1929.00    0.00 2687.00     0.00 64416.00    47.95     0.82    0.31    0.00    0.31   0.31  82.00
sde               0.00  1943.00    0.00 2707.00     0.00 64672.00    47.78     0.81    0.30    0.00    0.30   0.30  81.20
sde               0.00  1882.00    0.00 2619.00     0.00 62888.00    48.02     0.84    0.32    0.00    0.32   0.32  84.00
sde               0.00  1941.00    0.00 2707.00     0.00 64784.00    47.86     0.81    0.30    0.00    0.30   0.30  81.20
sde               0.00  1937.00    0.00 2703.00     0.00 64628.00    47.82     0.84    0.31    0.00    0.31   0.31  83.20
sde               0.00  1942.00    0.00 2710.00     0.00 64928.00    47.92     0.85    0.31    0.00    0.31   0.31  84.80
sde               0.00  1878.00    0.00 2616.00     0.00 62612.00    47.87     0.81    0.31    0.00    0.31   0.31  81.20
sde               0.00  1930.00    0.00 2684.00     0.00 64296.00    47.91     0.83    0.31    0.00    0.31   0.31  83.20
sde               0.00  1868.00    0.00 2611.00     0.00 62420.00    47.81     0.78    0.30    0.00    0.30   0.30  78.00
sde               0.00  1941.00    0.00 2708.00     0.00 64792.00    47.85     0.82    0.30    0.00    0.30   0.30  81.60
sde               0.00  1943.00    0.00 2699.00     0.00 64656.00    47.91     0.85    0.31    0.00    0.31   0.31  84.80
sde               0.00  1953.00    0.00 2713.00     0.00 64964.00    47.89     0.86    0.32    0.00    0.32   0.32  86.40
sde               0.00  1870.00    0.00 2612.00     0.00 62580.00    47.92     0.85    0.33    0.00    0.33   0.32  84.80
sde               0.00  1945.00    0.00 2706.00     0.00 64800.00    47.89     0.84    0.31    0.00    0.31   0.31  84.00
sde               0.00  1931.00    0.00 2690.00     0.00 64440.00    47.91     0.81    0.30    0.00    0.30   0.30  80.80
sde               0.00  1951.00    0.00 2713.00     0.00 65224.00    48.08     0.83    0.31    0.00    0.31   0.31  83.20
sde               0.00  1878.00    0.00 2618.00     0.00 62620.00    47.84     0.79    0.30    0.00    0.30   0.30  79.20
sde               0.00  1936.00    0.00 2699.00     0.00 64616.00    47.88     0.80    0.29    0.00    0.29   0.29  79.60
sde               0.00  1881.00    0.00 2629.00     0.00 62784.00    47.76     0.85    0.33    0.00    0.33   0.32  85.20
sde               0.00  1949.00    0.00 2718.00     0.00 65104.00    47.91     0.82    0.30    0.00    0.30   0.30  82.40
sde               0.00  1938.00    0.00 2695.00     0.00 64608.00    47.95     0.82    0.31    0.00    0.31   0.30  81.60
sde               0.00  1945.00    0.00 2715.00     0.00 64828.00    47.76     0.84    0.31    0.00    0.31   0.31  83.60
sde               0.00  1887.00    0.00 2621.00     0.00 62916.00    48.01     0.84    0.32    0.00    0.32   0.32  84.40
sde               0.00  1939.00    0.00 2708.00     0.00 64908.00    47.94     0.83    0.31    0.00    0.31   0.31  82.80
sde               0.00  1945.00    0.00 2710.00     0.00 64808.00    47.83     0.83    0.31    0.00    0.31   0.30  82.40
sde               0.00  1871.00    0.00 2614.00     0.00 62452.00    47.78     0.78    0.30    0.00    0.30   0.30  78.40
sde               0.00  1938.00    0.00 2703.00     0.00 64768.00    47.92     0.84    0.31    0.00    0.31   0.31  84.00
sde               0.00  1934.00    0.00 2691.00     0.00 64436.00    47.89     0.83    0.31    0.00    0.31   0.31  82.80
sde               0.00  1883.00    0.00 2620.00     0.00 62784.00    47.93     0.80    0.31    0.00    0.31   0.30  79.60
sde               0.00  1914.00    0.00 2677.00     0.00 63952.00    47.78     0.80    0.30    0.00    0.30   0.30  79.60
sde               0.00  1945.00    0.00 2708.00     0.00 65064.00    48.05     0.82    0.30    0.00    0.30   0.30  81.20
sde               0.00  1886.00    0.00 2625.00     0.00 62672.00    47.75     0.81    0.31    0.00    0.31   0.31  81.20
sde               0.00  1923.00    0.00 2691.00     0.00 64408.00    47.87     0.82    0.30    0.00    0.30   0.30  81.60
sde               0.00  1947.00    0.00 2712.00     0.00 64952.00    47.90     0.81    0.30    0.00    0.30   0.30  80.80
sde               0.00  1873.00    0.00 2612.00     0.00 62576.00    47.91     0.83    0.32    0.00    0.32   0.32  83.20
sde               0.00  1952.00    0.00 2719.00     0.00 65004.00    47.81     0.81    0.30    0.00    0.30   0.30  80.80
sde               0.00  1930.00    0.00 2690.00     0.00 64560.00    48.00     0.82    0.31    0.00    0.31   0.31  82.40
sde               0.00  1874.00    0.00 2609.00     0.00 62448.00    47.87     0.84    0.32    0.00    0.32   0.32  83.60
sde               0.00  1933.00    0.00 2702.00     0.00 64736.00    47.92     0.82    0.30    0.00    0.30   0.30  82.00
sde               0.00  1883.00    0.00 2616.00     0.00 62508.00    47.79     0.83    0.32    0.00    0.32   0.32  82.80
sde               0.00  1954.00    0.00 2726.00     0.00 65276.00    47.89     0.84    0.31    0.00    0.31   0.31  84.00
sde               0.00  1925.00    0.00 2682.00     0.00 64140.00    47.83     0.80    0.30    0.00    0.30   0.30  80.00
sde               0.00  1959.00    0.00 2720.00     0.00 65280.00    48.00     0.84    0.31    0.00    0.31   0.31  83.20
sde               0.00  1943.00    0.00 2717.00     0.00 65076.00    47.90     0.82    0.30    0.00    0.30   0.30  82.00
sde               0.00  1872.00    0.00 2595.00     0.00 62148.00    47.90     0.80    0.31    0.00    0.31   0.31  79.60
sde               0.00  1925.00    0.00 2684.00     0.00 64400.00    47.99     0.82    0.31    0.00    0.31   0.31  82.00
sde               0.00  1870.00    0.00 2606.00     0.00 62544.00    48.00     0.81    0.31    0.00    0.31   0.31  81.20
sde               0.00  1933.00    0.00 2688.00     0.00 64192.00    47.76     0.81    0.30    0.00    0.30   0.30  80.80
sde               0.00  1908.00    0.00 2669.00     0.00 63904.00    47.89     0.82    0.31    0.00    0.31   0.31  82.00
sde               0.00  1848.00    0.00 2580.00     0.00 61876.00    47.97     0.85    0.33    0.00    0.33   0.33  85.20
sde               0.00  1935.00    0.00 2688.00     0.00 64328.00    47.86     0.81    0.30    0.00    0.30   0.30  81.20
sde               0.00  1919.00    0.00 2683.00     0.00 64244.00    47.89     0.85    0.32    0.00    0.32   0.32  85.20
sde               0.00  1892.00    0.00 2634.00     0.00 63104.00    47.91     0.84    0.32    0.00    0.32   0.32  83.60
sde               0.00  1934.00    0.00 2699.00     0.00 64480.00    47.78     0.83    0.31    0.00    0.31   0.31  82.80
sde               0.00  1947.00    0.00 2712.00     0.00 64948.00    47.90     0.80    0.29    0.00    0.29   0.29  80.00
sde               0.00  1852.48    0.00 2580.20     0.00 61790.10    47.90     0.81    0.31    0.00    0.31   0.31  80.79
sde               0.00  1919.00    0.00 2680.00     0.00 64124.00    47.85     0.83    0.31    0.00    0.31   0.31  83.20
sde               0.00  1924.00    0.00 2671.00     0.00 64208.00    48.08     0.83    0.31    0.00    0.31   0.31  82.80
sde               0.00  1946.00    0.00 2713.00     0.00 64720.00    47.71     0.80    0.30    0.00    0.30   0.30  80.40
sde               0.00  1873.00    0.00 2616.00     0.00 62712.00    47.94     0.82    0.31    0.00    0.31   0.31  82.00
sde               0.00  1948.00    0.00 2713.00     0.00 64964.00    47.89     0.81    0.30    0.00    0.30   0.30  81.20
sde               0.00  1922.00    0.00 2673.00     0.00 63976.00    47.87     0.84    0.32    0.00    0.32   0.31  84.00
sde               0.00  1930.00    0.00 2700.00     0.00 64592.00    47.85     0.84    0.31    0.00    0.31   0.31  84.40
sde               0.00  1889.00    0.00 2631.00     0.00 63084.00    47.95     0.85    0.32    0.00    0.32   0.32  84.80
sde               0.00  1946.00    0.00 2709.00     0.00 64812.00    47.85     0.83    0.31    0.00    0.31   0.31  82.80
sde               0.00  1929.00    0.00 2695.00     0.00 64444.00    47.82     0.81    0.30    0.00    0.30   0.30  80.80
sde               0.00  1943.00    0.00 2698.00     0.00 64772.00    48.01     0.83    0.31    0.00    0.31   0.31  83.20
sde               0.00  1886.00    0.00 2633.00     0.00 62944.00    47.81     0.82    0.31    0.00    0.31   0.31  81.60
sde               0.00  1944.00    0.00 2708.00     0.00 64800.00    47.86     0.81    0.30    0.00    0.30   0.30  81.20
sde               0.00  1880.00    0.00 2622.00     0.00 62764.00    47.87     0.82    0.31    0.00    0.31   0.31  81.60
sde               0.00  1948.00    0.00 2708.00     0.00 64932.00    47.96     0.80    0.30    0.00    0.30   0.29  79.60
sde               0.00  1944.00    0.00 2703.00     0.00 64684.00    47.86     0.83    0.31    0.00    0.31   0.31  83.20
sde               0.00  1939.00    0.00 2708.00     0.00 64912.00    47.94     0.80    0.30    0.00    0.30   0.30  80.40
sde               0.00  1877.00    0.00 2616.00     0.00 62604.00    47.86     0.80    0.31    0.00    0.31   0.30  79.20
sde               0.00  1945.00    0.00 2703.00     0.00 64916.00    48.03     0.79    0.29    0.00    0.29   0.29  78.80
sde               0.00  1886.00    0.00 2628.00     0.00 62936.00    47.90     0.82    0.31    0.00    0.31   0.31  81.60
sde               0.00  1939.00    0.00 2697.00     0.00 64624.00    47.92     0.84    0.31    0.00    0.31   0.31  83.60
sde               0.00  1936.00    0.00 2699.00     0.00 64616.00    47.88     0.80    0.30    0.00    0.30   0.30  80.40
sde               0.00  1943.00    0.00 2706.00     0.00 64920.00    47.98     0.85    0.31    0.00    0.31   0.31  84.80
sde               0.00  1944.00    0.00 2715.00     0.00 64948.00    47.84     0.80    0.30    0.00    0.30   0.30  80.40
sde               0.00  1888.00    0.00 2628.00     0.00 62944.00    47.90     0.82    0.31    0.00    0.31   0.31  82.00
sde               0.00  1982.00    0.00 2759.00     0.00 66120.00    47.93     0.87    0.32    0.00    0.32   0.31  86.80
sde               0.00  1922.00    0.00 2682.00     0.00 64124.00    47.82     0.85    0.32    0.00    0.32   0.32  84.80
sde               0.00  1877.00    0.00 2621.00     0.00 62744.00    47.88     0.83    0.32    0.00    0.32   0.32  82.80
sde               0.00  1946.00    0.00 2705.00     0.00 64928.00    48.01     0.82    0.30    0.00    0.30   0.30  81.60
sde               0.00  1937.00    0.00 2707.00     0.00 64648.00    47.76     0.84    0.31    0.00    0.31   0.31  83.60
sde               0.00  1867.00    0.00 2596.00     0.00 62244.00    47.95     0.79    0.31    0.00    0.31   0.31  79.20
sde               0.00  1952.00    0.00 2716.00     0.00 65096.00    47.94     0.83    0.30    0.00    0.30   0.30  82.80
sde               0.00  1937.00    0.00 2701.00     0.00 64516.00    47.77     0.82    0.31    0.00    0.31   0.31  82.40
sde               0.00  1872.00    0.00 2606.00     0.00 62428.00    47.91     0.81    0.31    0.00    0.31   0.31  81.20
sde               0.00  1931.00    0.00 2696.00     0.00 64588.00    47.91     0.85    0.32    0.00    0.32   0.32  85.20
sde               0.00  1871.00    0.00 2608.00     0.00 62428.00    47.87     0.80    0.31    0.00    0.31   0.31  80.40
sde               0.00  1933.00    0.00 2696.00     0.00 64468.00    47.82     0.83    0.31    0.00    0.31   0.31  82.80
sde               0.00  1924.00    0.00 2674.00     0.00 64112.00    47.95     0.81    0.30    0.00    0.30   0.30  81.20
sde               0.00  1930.00    0.00 2697.00     0.00 64588.00    47.90     0.82    0.30    0.00    0.30   0.30  81.60
sde               0.00  1889.00    0.00 2632.00     0.00 62952.00    47.84     0.80    0.30    0.00    0.30   0.30  80.00
sde               0.00  1935.00    0.00 2697.00     0.00 64476.00    47.81     0.87    0.32    0.00    0.32   0.32  86.80
sde               0.00  1878.00    0.00 2615.00     0.00 62716.00    47.97     0.80    0.31    0.00    0.31   0.31  80.40
sde               0.00  1943.00    0.00 2705.00     0.00 64676.00    47.82     0.82    0.30    0.00    0.30   0.30  81.60
sde               0.00  1848.00    0.00 2582.00     0.00 61880.00    47.93     0.84    0.32    0.00    0.32   0.32  83.60
sde               0.00  1929.00    0.00 2693.00     0.00 64200.00    47.68     0.82    0.30    0.00    0.30   0.30  81.60
sde               0.00  1935.00    0.00 2685.00     0.00 64568.00    48.10     0.83    0.31    0.00    0.31   0.31  82.80
sde               0.00  1875.00    0.00 2617.00     0.00 62604.00    47.84     0.83    0.32    0.00    0.32   0.32  83.20
sde               0.00  1931.00    0.00 2686.00     0.00 64428.00    47.97     0.84    0.31    0.00    0.31   0.31  83.60
sde               0.00  1876.00    0.00 2613.00     0.00 62596.00    47.91     0.84    0.32    0.00    0.32   0.32  84.40
sde               0.00  1929.00    0.00 2682.00     0.00 64156.00    47.84     0.83    0.31    0.00    0.31   0.31  82.80
sde               0.00  1873.00    0.00 2612.00     0.00 62836.00    48.11     0.80    0.31    0.00    0.31   0.31  80.40
sde               0.00  1956.00    0.00 2720.00     0.00 65140.00    47.90     0.83    0.31    0.00    0.31   0.30  82.80
sde               0.00  1919.00    0.00 2676.00     0.00 64100.00    47.91     0.83    0.31    0.00    0.31   0.31  82.80
sde               0.00  1931.00    0.00 2690.00     0.00 64316.00    47.82     0.84    0.31    0.00    0.31   0.31  84.00
sde               0.00  1874.00    0.00 2621.00     0.00 62732.00    47.87     0.80    0.31    0.00    0.31   0.30  79.60
sde               0.00  1932.00    0.00 2695.00     0.00 64464.00    47.84     0.84    0.31    0.00    0.31   0.31  83.60
sde               0.00  1949.00    0.00 2714.00     0.00 64968.00    47.88     0.83    0.31    0.00    0.31   0.30  82.40
sde               0.00  1881.00    0.00 2617.00     0.00 62876.00    48.05     0.82    0.31    0.00    0.31   0.31  82.00
sde               0.00  1928.00    0.00 2689.00     0.00 64300.00    47.82     0.84    0.31    0.00    0.31   0.31  84.40
sde               0.00  1940.00    0.00 2700.00     0.00 64760.00    47.97     0.84    0.31    0.00    0.31   0.31  83.60
sde               0.00  1886.00    0.00 2632.00     0.00 62816.00    47.73     0.82    0.31    0.00    0.31   0.31  82.40
sde               0.00  1944.00    0.00 2707.00     0.00 65032.00    48.05     0.80    0.30    0.00    0.30   0.30  80.00
sde               0.00  1938.00    0.00 2695.00     0.00 64508.00    47.87     0.80    0.30    0.00    0.30   0.30  79.60
sde               0.00  1888.00    0.00 2637.00     0.00 63092.00    47.85     0.80    0.30    0.00    0.30   0.30  79.60
sde               0.00  1908.00    0.00 2667.00     0.00 63776.00    47.83     0.86    0.33    0.00    0.33   0.32  86.00
sde               0.00  1937.00    0.00 2694.00     0.00 64600.00    47.96     0.85    0.31    0.00    0.31   0.31  84.80
sde               0.00  1889.00    0.00 2633.00     0.00 63088.00    47.92     0.87    0.33    0.00    0.33   0.33  86.80
sde               0.00  1917.00    0.00 2680.00     0.00 63972.00    47.74     0.82    0.31    0.00    0.31   0.31  82.40
sde               0.00  1936.00    0.00 2693.00     0.00 64596.00    47.97     0.81    0.30    0.00    0.30   0.30  81.20
sde               0.00  1880.00    0.00 2620.00     0.00 62768.00    47.91     0.82    0.31    0.00    0.31   0.31  81.60
sde               0.00  1927.00    0.00 2690.00     0.00 64296.00    47.80     0.80    0.30    0.00    0.30   0.30  79.60
sde               0.00  1939.00    0.00 2702.00     0.00 64636.00    47.84     0.83    0.31    0.00    0.31   0.31  82.80
sde               0.00  1884.00    0.00 2628.00     0.00 63048.00    47.98     0.83    0.32    0.00    0.32   0.32  83.20
sde               0.00  1914.00    0.00 2664.00     0.00 63664.00    47.80     0.85    0.32    0.00    0.32   0.32  85.20
sde               0.00  1871.00    0.00 2614.00     0.00 62452.00    47.78     0.80    0.31    0.00    0.31   0.31  80.40
sde               0.00  1924.00    0.00 2680.00     0.00 64384.00    48.05     0.84    0.31    0.00    0.31   0.31  84.00
sde               0.00  1934.00    0.00 2678.00     0.00 64040.00    47.83     0.81    0.30    0.00    0.30   0.30  80.80
sde               0.00  1864.00    0.00 2603.00     0.00 62392.00    47.94     0.82    0.32    0.00    0.32   0.32  82.00
sde               0.00  1953.00    0.00 2715.00     0.00 65112.00    47.96     0.83    0.30    0.00    0.30   0.30  82.80
sde               0.00  1929.00    0.00 2687.00     0.00 64296.00    47.86     0.83    0.31    0.00    0.31   0.31  83.20
sde               0.00  1928.00    0.00 2687.00     0.00 64548.00    48.04     0.81    0.30    0.00    0.30   0.30  81.20
sde               0.00  1882.00    0.00 2621.00     0.00 62516.00    47.70     0.83    0.32    0.00    0.32   0.32  82.80
sde               0.00  1938.00    0.00 2698.00     0.00 64744.00    47.99     0.80    0.30    0.00    0.30   0.30  79.60
sde               0.00  1937.00    0.00 2701.00     0.00 64744.00    47.94     0.83    0.31    0.00    0.31   0.31  82.80
sde               0.00  1928.00    0.00 2691.00     0.00 64312.00    47.80     0.84    0.31    0.00    0.31   0.31  84.00
sde               0.00  1876.00    0.00 2613.00     0.00 62588.00    47.91     0.83    0.32    0.00    0.32   0.32  82.80
sde               0.00  1942.00    0.00 2705.00     0.00 64784.00    47.90     0.80    0.30    0.00    0.30   0.30  80.40
sde               0.00  1943.00    0.00 2704.00     0.00 64660.00    47.83     0.82    0.30    0.00    0.30   0.30  81.60
sde               0.00  1891.00    0.00 2643.00     0.00 63248.00    47.86     0.83    0.31    0.00    0.31   0.31  82.80
sde               0.00  1950.00    0.00 2706.00     0.00 64696.00    47.82     0.81    0.30    0.00    0.30   0.30  81.20
sde               0.00  1932.00    0.00 2696.00     0.00 64716.00    48.01     0.80    0.30    0.00    0.30   0.30  80.00
sde               0.00  1869.00    0.00 2610.00     0.00 62424.00    47.83     0.85    0.33    0.00    0.33   0.33  85.20
sde               0.00  1932.00    0.00 2698.00     0.00 64596.00    47.88     0.83    0.31    0.00    0.31   0.31  82.80
sde               0.00  1938.00    0.00 2684.00     0.00 64328.00    47.93     0.83    0.31    0.00    0.31   0.31  83.20
sde               0.00  1940.00    0.00 2714.00     0.00 64800.00    47.75     0.83    0.31    0.00    0.31   0.31  83.20
sde               0.00  1883.00    0.00 2626.00     0.00 63040.00    48.01     0.86    0.33    0.00    0.33   0.32  85.20
sde               0.00  1950.00    0.00 2713.00     0.00 64716.00    47.71     0.84    0.31    0.00    0.31   0.31  83.60
sde               0.00  1872.00    0.00 2612.00     0.00 62704.00    48.01     0.83    0.32    0.00    0.32   0.32  82.80
sde               0.00  1933.00    0.00 2701.00     0.00 64612.00    47.84     0.83    0.31    0.00    0.31   0.31  82.80
sde               0.00  1943.00    0.00 2697.00     0.00 64760.00    48.02     0.82    0.30    0.00    0.30   0.30  81.60
sde               0.00  1866.00    0.00 2607.00     0.00 62156.00    47.68     0.81    0.31    0.00    0.31   0.31  81.20
sde               0.00  1956.00    0.00 2722.00     0.00 65272.00    47.96     0.80    0.29    0.00    0.29   0.29  80.00
sde               0.00  1879.00    0.00 2615.00     0.00 62612.00    47.89     0.80    0.31    0.00    0.31   0.31  80.40
sde               0.00  1931.00    0.00 2705.00     0.00 64736.00    47.86     0.83    0.31    0.00    0.31   0.31  82.80
sde               0.00  1958.00    0.00 2720.00     0.00 64908.00    47.73     0.82    0.30    0.00    0.30   0.30  82.40
sde               0.00  1872.00    0.00 2606.00     0.00 62556.00    48.01     0.82    0.32    0.00    0.32   0.32  82.40
sde               0.00  1954.00    0.00 2718.00     0.00 65252.00    48.01     0.86    0.32    0.00    0.32   0.31  85.60
sde               0.00  1945.00    0.00 2706.00     0.00 64672.00    47.80     0.81    0.30    0.00    0.30   0.30  80.80
sde               0.00  1888.00    0.00 2630.00     0.00 63200.00    48.06     0.84    0.32    0.00    0.32   0.32  84.00
sde               0.00  1937.00    0.00 2695.00     0.00 64480.00    47.85     0.84    0.31    0.00    0.31   0.31  83.20
sde               0.00  1946.00    0.00 2712.00     0.00 64952.00    47.90     0.82    0.30    0.00    0.30   0.30  81.60
sde               0.00  1878.00    0.00 2621.00     0.00 62744.00    47.88     0.82    0.31    0.00    0.31   0.31  82.00
sde               0.00  1950.00    0.00 2716.00     0.00 64984.00    47.85     0.82    0.30    0.00    0.30   0.30  82.40
sde               0.00  1889.00    0.00 2631.00     0.00 63080.00    47.95     0.84    0.32    0.00    0.32   0.32  84.00
sde               0.00  1938.00    0.00 2708.00     0.00 64644.00    47.74     0.83    0.31    0.00    0.31   0.31  82.80
sde               0.00  1891.00    0.00 2629.00     0.00 62956.00    47.89     0.80    0.31    0.00    0.31   0.31  80.40
sde               0.00  1938.00    0.00 2703.00     0.00 64888.00    48.01     0.82    0.30    0.00    0.30   0.30  82.00
sde               0.00  1936.00    0.00 2700.00     0.00 64492.00    47.77     0.83    0.31    0.00    0.31   0.31  82.80
sde               0.00  1938.00    0.00 2704.00     0.00 64768.00    47.91     0.82    0.30    0.00    0.30   0.30  82.40
sde               0.00  1887.00    0.00 2624.00     0.00 62920.00    47.96     0.85    0.32    0.00    0.32   0.32  85.20
sde               0.00  1922.00    0.00 2677.00     0.00 64120.00    47.90     0.82    0.31    0.00    0.31   0.31  82.40
sde               0.00  1935.00    0.00 2698.00     0.00 64476.00    47.80     0.82    0.31    0.00    0.31   0.31  82.40
sde               0.00  1866.00    0.00 2601.00     0.00 62264.00    47.88     0.83    0.32    0.00    0.32   0.32  82.80
sde               0.00  1931.00    0.00 2691.00     0.00 64572.00    47.99     0.81    0.30    0.00    0.30   0.30  81.20
sde               0.00  1926.00    0.00 2679.00     0.00 64132.00    47.88     0.80    0.30    0.00    0.30   0.30  80.40
sde               0.00  1939.00    0.00 2701.00     0.00 64636.00    47.86     0.80    0.30    0.00    0.30   0.29  79.60
sde               0.00  1884.00    0.00 2628.00     0.00 62928.00    47.89     0.83    0.32    0.00    0.32   0.32  82.80
sde               0.00  1952.00    0.00 2711.00     0.00 64964.00    47.93     0.81    0.30    0.00    0.30   0.30  81.20
sde               0.00  1878.00    0.00 2619.00     0.00 62748.00    47.92     0.83    0.32    0.00    0.32   0.32  82.80
sde               0.00  1944.00    0.00 2710.00     0.00 64932.00    47.92     0.84    0.31    0.00    0.31   0.31  84.00
sde               0.00  1928.00    0.00 2697.00     0.00 64452.00    47.80     0.86    0.32    0.00    0.32   0.32  86.00
sde               0.00  1938.00    0.00 2691.00     0.00 64480.00    47.92     0.81    0.30    0.00    0.30   0.30  81.20
sde               0.00  1877.00    0.00 2620.00     0.00 62488.00    47.70     0.82    0.31    0.00    0.31   0.31  82.40
sde               0.00  1943.00    0.00 2713.00     0.00 65064.00    47.96     0.83    0.31    0.00    0.31   0.31  82.80
sde               0.00  1894.00    0.00 2632.00     0.00 62984.00    47.86     0.84    0.32    0.00    0.32   0.32  84.00
sde               0.00  1944.00    0.00 2694.00     0.00 64504.00    47.89     0.84    0.31    0.00    0.31   0.31  83.20
sde               0.00  1928.00    0.00 2692.00     0.00 64564.00    47.97     0.78    0.29    0.00    0.29   0.29  78.40
sde               0.00  1933.00    0.00 2694.00     0.00 64720.00    48.05     0.85    0.31    0.00    0.31   0.32  85.20
sde               0.00  1883.00    0.00 2612.00     0.00 62496.00    47.85     0.80    0.31    0.00    0.31   0.30  79.60
sde               0.00  1949.00    0.00 2720.00     0.00 65236.00    47.97     0.83    0.30    0.00    0.30   0.30  82.80
sde               0.00  1923.00    0.00 2672.00     0.00 63980.00    47.89     0.82    0.31    0.00    0.31   0.31  82.00
sde               0.00  1873.00    0.00 2602.00     0.00 62528.00    48.06     0.82    0.32    0.00    0.32   0.32  82.40
sde               0.00  1942.00    0.00 2717.00     0.00 64712.00    47.63     0.80    0.30    0.00    0.30   0.30  80.40
sde               0.00  1945.00    0.00 2705.00     0.00 64928.00    48.01     0.84    0.31    0.00    0.31   0.31  84.40
sde               0.00  1878.00    0.00 2610.00     0.00 62592.00    47.96     0.84    0.32    0.00    0.32   0.32  83.60
sde               0.00  1938.00    0.00 2705.00     0.00 64764.00    47.88     0.83    0.31    0.00    0.31   0.31  82.80
sde               0.00  1948.00    0.00 2716.00     0.00 64976.00    47.85     0.82    0.30    0.00    0.30   0.30  82.40
sde               0.00  1874.00    0.00 2615.00     0.00 62584.00    47.87     0.86    0.33    0.00    0.33   0.33  86.00
sde               0.00  1956.00    0.00 2718.00     0.00 65132.00    47.93     0.83    0.31    0.00    0.31   0.31  83.20
sde               0.00  1946.00    0.00 2720.00     0.00 64972.00    47.77     0.86    0.32    0.00    0.32   0.32  86.40
sde               0.00  1882.00    0.00 2620.00     0.00 62892.00    48.01     0.85    0.33    0.00    0.33   0.32  84.40
sde               0.00  1943.00    0.00 2714.00     0.00 64816.00    47.76     0.86    0.32    0.00    0.32   0.32  86.40
sde               0.00  1928.00    0.00 2681.00     0.00 64272.00    47.95     0.82    0.30    0.00    0.30   0.30  81.60
sde               0.00  1935.00    0.00 2699.00     0.00 64608.00    47.88     0.82    0.30    0.00    0.30   0.30  81.60
sde               0.00  1875.00    0.00 2617.00     0.00 62604.00    47.84     0.79    0.30    0.00    0.30   0.30  78.80
sde               0.00  1928.00    0.00 2681.00     0.00 64272.00    47.95     0.79    0.29    0.00    0.29   0.29  78.80
sde               0.00  1942.00    0.00 2710.00     0.00 64676.00    47.73     0.80    0.30    0.00    0.30   0.30  80.40
sde               0.00  1879.00    0.00 2617.00     0.00 62740.00    47.95     0.84    0.32    0.00    0.32   0.32  84.40
sde               0.00  1943.00    0.00 2712.00     0.00 64940.00    47.89     0.82    0.30    0.00    0.30   0.30  82.40
sde               0.00  1921.00    0.00 2678.00     0.00 64088.00    47.86     0.81    0.30    0.00    0.30   0.30  80.80
sde               0.00  1872.00    0.00 2604.00     0.00 62316.00    47.86     0.80    0.31    0.00    0.31   0.31  80.00
sde               0.00  1923.00    0.00 2684.00     0.00 64264.00    47.89     0.78    0.29    0.00    0.29   0.29  78.00
sde               0.00  1935.00    0.00 2698.00     0.00 64612.00    47.90     0.79    0.30    0.00    0.30   0.29  79.20
sde               0.00  1881.00    0.00 2611.00     0.00 62484.00    47.86     0.83    0.32    0.00    0.32   0.32  82.80
sde               0.00  1937.00    0.00 2705.00     0.00 64648.00    47.80     0.84    0.31    0.00    0.31   0.31  83.60
sde               0.00  1944.00    0.00 2700.00     0.00 64780.00    47.99     0.85    0.31    0.00    0.31   0.31  84.80
sde               0.00  1864.00    0.00 2600.00     0.00 62376.00    47.98     0.77    0.30    0.00    0.30   0.30  76.80
sde               0.00  1940.00    0.00 2698.00     0.00 64628.00    47.91     0.83    0.31    0.00    0.31   0.31  82.80
sde               0.00  1878.00    0.00 2618.00     0.00 62744.00    47.93     0.79    0.30    0.00    0.30   0.30  78.80
sde               0.00  1946.00    0.00 2703.00     0.00 64796.00    47.94     0.84    0.31    0.00    0.31   0.31  84.00
sde               0.00  1931.00    0.00 2684.00     0.00 64172.00    47.82     0.80    0.30    0.00    0.30   0.30  80.00
sde               0.00  1938.00    0.00 2707.00     0.00 64896.00    47.95     0.81    0.30    0.00    0.30   0.30  80.80
sde               0.00  1884.00    0.00 2627.00     0.00 62924.00    47.91     0.82    0.31    0.00    0.31   0.31  81.60
sde               0.00  1951.00    0.00 2713.00     0.00 65100.00    47.99     0.83    0.31    0.00    0.31   0.31  83.20
sde               0.00  1880.00    0.00 2626.00     0.00 62648.00    47.71     0.84    0.32    0.00    0.32   0.32  83.60
sde               0.00  1924.00    0.00 2685.00     0.00 64272.00    47.87     0.80    0.30    0.00    0.30   0.30  80.00
sde               0.00  1941.00    0.00 2699.00     0.00 64764.00    47.99     0.84    0.31    0.00    0.31   0.31  83.60
sde               0.00  1924.00    0.00 2686.00     0.00 64156.00    47.77     0.84    0.31    0.00    0.31   0.31  83.60
sde               0.00  1873.00    0.00 2615.00     0.00 62708.00    47.96     0.82    0.31    0.00    0.31   0.31  81.60
sde               0.00  1937.00    0.00 2698.00     0.00 64624.00    47.91     0.79    0.30    0.00    0.30   0.29  79.20
sde               0.00  1933.00    0.00 2691.00     0.00 64456.00    47.90     0.81    0.30    0.00    0.30   0.30  81.20
sde               0.00  1920.00    0.00 2688.00     0.00 64244.00    47.80     0.81    0.30    0.00    0.30   0.30  81.20
sde               0.00  1866.00    0.00 2597.00     0.00 62268.00    47.95     0.80    0.31    0.00    0.31   0.31  79.60
sde               0.00  1932.00    0.00 2693.00     0.00 64324.00    47.77     0.82    0.30    0.00    0.30   0.30  82.00
sde               0.00  1932.00    0.00 2693.00     0.00 64580.00    47.96     0.81    0.30    0.00    0.30   0.30  80.80
sde               0.00  1881.00    0.00 2612.00     0.00 62608.00    47.94     0.82    0.31    0.00    0.31   0.31  82.00
sde               0.00  1929.00    0.00 2695.00     0.00 64452.00    47.83     0.83    0.31    0.00    0.31   0.31  82.80
sde               0.00  1887.00    0.00 2626.00     0.00 62932.00    47.93     0.81    0.31    0.00    0.31   0.31  80.80
sde               0.00  1935.00    0.00 2701.00     0.00 64620.00    47.85     0.82    0.30    0.00    0.30   0.30  80.80
sde               0.00  1919.00    0.00 2664.00     0.00 63928.00    47.99     0.85    0.32    0.00    0.32   0.32  84.80
sde               0.00  1942.00    0.00 2708.00     0.00 64796.00    47.86     0.82    0.30    0.00    0.30   0.30  82.40
sde               0.00  1946.00    0.00 2710.00     0.00 64812.00    47.83     0.82    0.30    0.00    0.30   0.30  82.00
sde               0.00  1904.00    0.00 2647.00     0.00 63436.00    47.93     0.84    0.32    0.00    0.32   0.31  83.20
sde               0.00  1935.00    0.00 2704.00     0.00 64756.00    47.90     0.79    0.29    0.00    0.29   0.29  79.20
sde               0.00  1898.00    0.00 2642.00     0.00 63152.00    47.81     0.84    0.32    0.00    0.32   0.32  84.40
sde               0.00  1942.00    0.00 2697.00     0.00 64744.00    48.01     0.81    0.30    0.00    0.30   0.30  81.20
sde               0.00  1942.00    0.00 2705.00     0.00 64676.00    47.82     0.81    0.30    0.00    0.30   0.30  81.20
sde               0.00  1892.00    0.00 2636.00     0.00 63236.00    47.98     0.79    0.30    0.00    0.30   0.30  78.80
sde               0.00  1949.00    0.00 2704.00     0.00 64808.00    47.93     0.82    0.30    0.00    0.30   0.30  82.00
sde               0.00  1945.00    0.00 2712.00     0.00 65072.00    47.99     0.80    0.30    0.00    0.30   0.30  80.40
sde               0.00  1864.00    0.00 2602.00     0.00 62264.00    47.86     0.81    0.31    0.00    0.31   0.31  80.80
sde               0.00  1928.00    0.00 2676.00     0.00 64136.00    47.93     0.80    0.30    0.00    0.30   0.30  79.60
sde               0.00  1914.00    0.00 2673.00     0.00 63944.00    47.84     0.80    0.30    0.00    0.30   0.30  79.60
sde               0.00  1951.00    0.00 2719.00     0.00 65112.00    47.89     0.84    0.31    0.00    0.31   0.31  83.60
sde               0.00  1870.00    0.00 2612.00     0.00 62568.00    47.91     0.81    0.31    0.00    0.31   0.31  80.80
sde               0.00  1938.00    0.00 2702.00     0.00 64508.00    47.75     0.85    0.31    0.00    0.31   0.31  84.40
sde               0.00  1883.00    0.00 2621.00     0.00 62896.00    47.99     0.82    0.31    0.00    0.31   0.31  82.00
sde               0.00  1950.00    0.00 2718.00     0.00 64984.00    47.82     0.82    0.30    0.00    0.30   0.30  81.20
sde               0.00  1929.00    0.00 2690.00     0.00 64560.00    48.00     0.82    0.30    0.00    0.30   0.30  82.00
sde               0.00  1877.00    0.00 2603.00     0.00 62316.00    47.88     0.81    0.31    0.00    0.31   0.31  80.80
sde               0.00  1928.00    0.00 2698.00     0.00 64576.00    47.87     0.84    0.31    0.00    0.31   0.31  83.60
sde               0.00  1875.00    0.00 2616.00     0.00 62728.00    47.96     0.77    0.30    0.00    0.30   0.30  77.20
sde               0.00  1939.00    0.00 2702.00     0.00 64508.00    47.75     0.80    0.29    0.00    0.29   0.29  79.60
sde               0.00  1958.00    0.00 2718.00     0.00 65144.00    47.94     0.81    0.30    0.00    0.30   0.30  81.20
sde               0.00  1879.00    0.00 2628.00     0.00 62904.00    47.87     0.81    0.31    0.00    0.31   0.31  80.80
sde               0.00  1934.00    0.00 2698.00     0.00 64608.00    47.89     0.81    0.30    0.00    0.30   0.30  80.80
sde               0.00  1954.00    0.00 2714.00     0.00 64984.00    47.89     0.84    0.31    0.00    0.31   0.31  83.60
sde               0.00  1864.00    0.00 2602.00     0.00 62388.00    47.95     0.82    0.31    0.00    0.31   0.31  81.20
sde               0.00  1944.00    0.00 2708.00     0.00 64800.00    47.86     0.83    0.31    0.00    0.31   0.31  83.20
sde               0.00  1930.00    0.00 2697.00     0.00 64580.00    47.89     0.81    0.30    0.00    0.30   0.30  80.40
sde               0.00  1949.00    0.00 2714.00     0.00 64824.00    47.77     0.82    0.30    0.00    0.30   0.30  81.60
sde               0.00  1938.00    0.00 2702.00     0.00 64776.00    47.95     0.80    0.30    0.00    0.30   0.30  80.00
sde               0.00  1874.00    0.00 2611.00     0.00 62448.00    47.83     0.78    0.30    0.00    0.30   0.30  78.40
sde               0.00  1950.00    0.00 2713.00     0.00 65092.00    47.99     0.78    0.29    0.00    0.29   0.29  78.00
sde               0.00  1945.00    0.00 2705.00     0.00 64544.00    47.72     0.83    0.31    0.00    0.31   0.31  83.20
sde               0.00  1854.00    0.00 2590.00     0.00 62072.00    47.93     0.81    0.31    0.00    0.31   0.31  80.80
sde               0.00  1940.00    0.00 2701.00     0.00 64636.00    47.86     0.84    0.31    0.00    0.31   0.31  84.40
sde               0.00  1940.00    0.00 2700.00     0.00 64768.00    47.98     0.84    0.31    0.00    0.31   0.31  84.00
sde               0.00  1928.00    0.00 2682.00     0.00 64408.00    48.03     0.82    0.31    0.00    0.31   0.31  82.40
sde               0.00  1878.00    0.00 2616.00     0.00 62608.00    47.87     0.82    0.32    0.00    0.32   0.31  82.40
sde               0.00  1935.00    0.00 2693.00     0.00 64464.00    47.88     0.82    0.30    0.00    0.30   0.30  81.20
sde               0.00  1883.00    0.00 2617.00     0.00 62760.00    47.96     0.82    0.31    0.00    0.31   0.31  81.20
sde               0.00  1926.00    0.00 2686.00     0.00 64416.00    47.96     0.82    0.31    0.00    0.31   0.31  82.00
sde               0.00  1928.00    0.00 2686.00     0.00 64292.00    47.87     0.76    0.28    0.00    0.28   0.28  75.60
sde               0.00  1867.00    0.00 2607.00     0.00 62284.00    47.78     0.80    0.31    0.00    0.31   0.31  80.40
sde               0.00  1938.00    0.00 2704.00     0.00 64768.00    47.91     0.81    0.30    0.00    0.30   0.30  80.80
sde               0.00  1936.00    0.00 2696.00     0.00 64604.00    47.93     0.79    0.29    0.00    0.29   0.29  79.20
sde               0.00  1930.00    0.00 2689.00     0.00 64304.00    47.83     0.82    0.31    0.00    0.31   0.31  82.40
sde               0.00  1861.00    0.00 2594.00     0.00 62092.00    47.87     0.82    0.32    0.00    0.32   0.32  82.40
sde               0.00  1948.00    0.00 2716.00     0.00 65096.00    47.94     0.79    0.29    0.00    0.29   0.29  78.80
sde               0.00  1934.00    0.00 2700.00     0.00 64608.00    47.86     0.82    0.30    0.00    0.30   0.30  81.60
sde               0.00  1884.00    0.00 2621.00     0.00 62780.00    47.91     0.82    0.31    0.00    0.31   0.31  82.00
sde               0.00  1934.00    0.00 2707.00     0.00 64628.00    47.75     0.84    0.31    0.00    0.31   0.31  84.00
sde               0.00  1944.00    0.00 2695.00     0.00 64636.00    47.97     0.82    0.31    0.00    0.31   0.31  82.40
sde               0.00  1868.00    0.00 2612.00     0.00 62556.00    47.90     0.79    0.30    0.00    0.30   0.30  79.20
sde               0.00  1939.00    0.00 2699.00     0.00 64628.00    47.89     0.82    0.31    0.00    0.31   0.30  82.00
sde               0.00  1951.00    0.00 2711.00     0.00 65100.00    48.03     0.78    0.29    0.00    0.29   0.29  78.40
sde               0.00  1887.00    0.00 2633.00     0.00 62828.00    47.72     0.82    0.31    0.00    0.31   0.31  82.00
sde               0.00  1938.00    0.00 2706.00     0.00 64900.00    47.97     0.80    0.30    0.00    0.30   0.30  80.00
sde               0.00  1891.00    0.00 2633.00     0.00 63092.00    47.92     0.82    0.31    0.00    0.31   0.31  81.60
sde               0.00  1926.00    0.00 2694.00     0.00 64308.00    47.74     0.82    0.30    0.00    0.30   0.30  82.00
sde               0.00  1944.00    0.00 2692.00     0.00 64752.00    48.11     0.80    0.30    0.00    0.30   0.30  80.00
sde               0.00  1941.00    0.00 2710.00     0.00 64780.00    47.81     0.80    0.30    0.00    0.30   0.30  80.00
sde               0.00  1944.00    0.00 2711.00     0.00 64828.00    47.83     0.80    0.30    0.00    0.30   0.29  79.60
sde               0.00  1870.00    0.00 2607.00     0.00 62300.00    47.79     0.84    0.32    0.00    0.32   0.32  83.60
sde               0.00  1941.00    0.00 2697.00     0.00 64504.00    47.83     0.81    0.30    0.00    0.30   0.30  81.20
sde               0.00  1928.00    0.00 2689.00     0.00 64556.00    48.01     0.80    0.30    0.00    0.30   0.30  80.40
sde               0.00  1948.00    0.00 2714.00     0.00 65088.00    47.96     0.82    0.30    0.00    0.30   0.30  82.40
sde               0.00  1893.00    0.00 2630.00     0.00 62972.00    47.89     0.81    0.31    0.00    0.31   0.31  80.80
sde               0.00  1950.00    0.00 2712.00     0.00 65096.00    48.01     0.82    0.31    0.00    0.31   0.30  82.40
sde               0.00  1916.83    0.00 2677.23     0.00 64114.85    47.90     0.82    0.31    0.00    0.31   0.30  81.58
sde               0.00  1939.00    0.00 2703.00     0.00 64768.00    47.92     0.80    0.30    0.00    0.30   0.30  80.40
sde               0.00  1889.00    0.00 2625.00     0.00 62808.00    47.85     0.83    0.32    0.00    0.32   0.32  83.20
sde               0.00  1936.00    0.00 2707.00     0.00 64768.00    47.85     0.82    0.30    0.00    0.30   0.30  81.60
sde               0.00  1948.00    0.00 2711.00     0.00 64948.00    47.91     0.81    0.30    0.00    0.30   0.30  80.80
sde               0.00  1882.00    0.00 2629.00     0.00 62916.00    47.86     0.83    0.32    0.00    0.32   0.31  82.80
sde               0.00  1944.00    0.00 2707.00     0.00 64780.00    47.86     0.80    0.30    0.00    0.30   0.30  80.40
sde               0.00  1933.00    0.00 2689.00     0.00 64460.00    47.94     0.78    0.29    0.00    0.29   0.29  77.60
sde               0.00  1947.00    0.00 2707.00     0.00 64684.00    47.79     0.80    0.29    0.00    0.29   0.29  79.60
sde               0.00  1935.00    0.00 2700.00     0.00 64744.00    47.96     0.82    0.30    0.00    0.30   0.30  81.60
sde               0.00  1873.00    0.00 2617.00     0.00 62596.00    47.84     0.84    0.32    0.00    0.32   0.32  83.60
sde               0.00  1953.00    0.00 2712.00     0.00 65104.00    48.01     0.82    0.30    0.00    0.30   0.30  82.40
sde               0.00  1948.00    0.00 2716.00     0.00 64972.00    47.84     0.81    0.30    0.00    0.30   0.30  81.20
sde               0.00  1942.00    0.00 2711.00     0.00 64928.00    47.90     0.84    0.31    0.00    0.31   0.31  83.20
sde               0.00  1891.00    0.00 2635.00     0.00 63100.00    47.89     0.84    0.32    0.00    0.32   0.32  84.40
sde               0.00  1942.00    0.00 2715.00     0.00 64820.00    47.75     0.83    0.31    0.00    0.31   0.31  83.20
sde               0.00  1951.00    0.00 2715.00     0.00 65100.00    47.96     0.81    0.30    0.00    0.30   0.30  81.20
sde               0.00  1886.00    0.00 2624.00     0.00 63048.00    48.05     0.83    0.32    0.00    0.32   0.32  82.80
sde               0.00  1951.00    0.00 2721.00     0.00 65000.00    47.78     0.83    0.31    0.00    0.31   0.31  83.20
sde               0.00  1947.00    0.00 2715.00     0.00 64832.00    47.76     0.81    0.30    0.00    0.30   0.30  80.80
sde               0.00  1874.00    0.00 2608.00     0.00 62696.00    48.08     0.81    0.31    0.00    0.31   0.31  80.80
sde               0.00  1941.00    0.00 2708.00     0.00 64912.00    47.94     0.81    0.30    0.00    0.30   0.30  80.40
sde               0.00  1951.00    0.00 2715.00     0.00 64852.00    47.77     0.81    0.30    0.00    0.30   0.30  80.80
sde               0.00  1932.00    0.00 2696.00     0.00 64588.00    47.91     0.80    0.30    0.00    0.30   0.30  80.00
sde               0.00  1899.00    0.00 2639.00     0.00 63028.00    47.77     0.84    0.32    0.00    0.32   0.32  84.40
sde               0.00  1934.00    0.00 2694.00     0.00 64464.00    47.86     0.83    0.31    0.00    0.31   0.31  83.20
sde               0.00  1958.00    0.00 2724.00     0.00 65412.00    48.03     0.84    0.31    0.00    0.31   0.31  83.60
sde               0.00  1953.00    0.00 2720.00     0.00 65000.00    47.79     0.81    0.30    0.00    0.30   0.30  81.20
sde               0.00  1883.00    0.00 2616.00     0.00 62880.00    48.07     0.82    0.31    0.00    0.31   0.31  82.00
sde               0.00  1942.00    0.00 2704.00     0.00 64764.00    47.90     0.82    0.30    0.00    0.30   0.30  81.60
sde               0.00  1946.00    0.00 2700.00     0.00 64680.00    47.91     0.83    0.31    0.00    0.31   0.31  82.80
sde               0.00  1877.00    0.00 2625.00     0.00 62884.00    47.91     0.80    0.30    0.00    0.30   0.30  79.60
sde               0.00  1955.00    0.00 2722.00     0.00 65136.00    47.86     0.86    0.32    0.00    0.32   0.32  86.40
sde               0.00  1892.00    0.00 2632.00     0.00 62968.00    47.85     0.80    0.30    0.00    0.30   0.30  80.00
sde               0.00  1951.00    0.00 2717.00     0.00 64984.00    47.84     0.83    0.30    0.00    0.30   0.30  82.80
sde               0.00  1935.00    0.00 2701.00     0.00 64616.00    47.85     0.79    0.29    0.00    0.29   0.29  78.40
sde               0.00  1938.00    0.00 2700.00     0.00 64752.00    47.96     0.82    0.30    0.00    0.30   0.30  81.60
sde               0.00  1882.00    0.00 2619.00     0.00 62636.00    47.83     0.82    0.31    0.00    0.31   0.31  82.00
sde               0.00  1944.00    0.00 2711.00     0.00 64936.00    47.91     0.81    0.30    0.00    0.30   0.30  80.80
sde               0.00  1947.00    0.00 2705.00     0.00 64928.00    48.01     0.81    0.30    0.00    0.30   0.30  80.80
sde               0.00  1886.00    0.00 2633.00     0.00 62948.00    47.81     0.81    0.31    0.00    0.31   0.31  81.20
sde               0.00  1945.00    0.00 2717.00     0.00 64964.00    47.82     0.81    0.30    0.00    0.30   0.30  80.80
sde               0.00  1946.00    0.00 2708.00     0.00 64936.00    47.96     0.83    0.31    0.00    0.31   0.30  82.00
sde               0.00  1946.00    0.00 2717.00     0.00 65088.00    47.91     0.82    0.30    0.00    0.30   0.30  81.60
sde               0.00  1884.00    0.00 2625.00     0.00 62788.00    47.84     0.80    0.31    0.00    0.31   0.31  80.40
sde               0.00  1940.00    0.00 2711.00     0.00 64796.00    47.80     0.84    0.31    0.00    0.31   0.31  84.00
sde               0.00  1959.00    0.00 2722.00     0.00 65280.00    47.96     0.81    0.30    0.00    0.30   0.30  80.40
sde               0.00  1874.00    0.00 2613.00     0.00 62564.00    47.89     0.84    0.32    0.00    0.32   0.32  83.20
sde               0.00  1951.00    0.00 2725.00     0.00 65028.00    47.73     0.84    0.31    0.00    0.31   0.31  84.40
sde               0.00  1939.00    0.00 2699.00     0.00 64620.00    47.88     0.81    0.30    0.00    0.30   0.30  80.00
sde               0.00  1950.00    0.00 2719.00     0.00 65112.00    47.89     0.83    0.31    0.00    0.31   0.31  83.20
sde               0.00  1872.00    0.00 2602.00     0.00 62420.00    47.98     0.79    0.30    0.00    0.30   0.30  78.80
sde               0.00  1945.00    0.00 2709.00     0.00 64808.00    47.85     0.80    0.30    0.00    0.30   0.30  80.00
sde               0.00  1877.00    0.00 2619.00     0.00 62740.00    47.91     0.83    0.32    0.00    0.32   0.32  82.80
sde               0.00  1948.00    0.00 2704.00     0.00 64564.00    47.75     0.77    0.29    0.00    0.29   0.29  77.20
sde               0.00  1928.00    0.00 2689.00     0.00 64532.00    48.00     0.80    0.30    0.00    0.30   0.30  80.40
sde               0.00  1880.00    0.00 2618.00     0.00 62652.00    47.86     0.83    0.32    0.00    0.32   0.31  82.40
sde               0.00  1947.00    0.00 2710.00     0.00 64948.00    47.93     0.81    0.30    0.00    0.30   0.30  80.80
sde               0.00  1960.00    0.00 2724.00     0.00 65424.00    48.04     0.85    0.31    0.00    0.31   0.31  85.20
sde               0.00  1883.00    0.00 2629.00     0.00 62924.00    47.87     0.81    0.31    0.00    0.31   0.31  80.80
sde               0.00  1948.00    0.00 2709.00     0.00 64948.00    47.95     0.83    0.31    0.00    0.31   0.31  82.80
sde               0.00  1933.00    0.00 2690.00     0.00 64448.00    47.92     0.83    0.31    0.00    0.31   0.31  83.20
sde               0.00  1932.00    0.00 2691.00     0.00 64432.00    47.89     0.78    0.29    0.00    0.29   0.29  78.40
sde               0.00  1906.00    0.00 2662.00     0.00 63764.00    47.91     0.82    0.31    0.00    0.31   0.31  82.00
sde               0.00  1934.00    0.00 2697.00     0.00 64604.00    47.91     0.80    0.30    0.00    0.30   0.30  80.40
sde               0.00  1934.00    0.00 2691.00     0.00 64332.00    47.81     0.82    0.31    0.00    0.31   0.31  82.40
sde               0.00  1885.00    0.00 2631.00     0.00 63068.00    47.94     0.80    0.31    0.00    0.31   0.31  80.40
sde               0.00  1946.00    0.00 2714.00     0.00 64952.00    47.86     0.80    0.30    0.00    0.30   0.30  80.40
sde               0.00  1941.00    0.00 2709.00     0.00 64796.00    47.84     0.82    0.31    0.00    0.31   0.30  82.40
