sde               0.00     1.24    0.00    2.53     0.00   161.11   127.22     0.01    2.87    1.91    2.87   0.41   0.10
sde               0.00     7.00    0.00    2.00     0.00    36.00    36.00     0.00    0.00    0.00    0.00   0.00   0.00
sde               0.00   348.00    0.00 1256.00     0.00 43576.00    69.39     0.82    0.66    0.00    0.66   0.37  46.40
sde               0.00   630.00    0.00 2405.00     0.00 93740.00    77.95     1.71    0.71    0.00    0.71   0.38  91.20
sde               0.00   594.00    0.00 2252.00     0.00 93132.00    82.71     1.73    0.77    0.00    0.77   0.38  86.40
sde               0.00   617.00    0.00 2229.00     0.00 104100.00    93.41     1.74    0.78    0.00    0.78   0.38  85.20
sde               0.00   559.00    0.00 2144.00     0.00 88844.00    82.88     1.59    0.74    0.00    0.74   0.40  85.60
sde               0.00   553.00    0.00 2079.00     0.00 95508.00    91.88     1.72    0.82    0.00    0.82   0.40  83.20
sde               0.00   616.00    0.00 2201.00     0.00 89492.00    81.32     1.65    0.76    0.00    0.76   0.37  82.40
sde               0.00   610.00    0.00 2252.00     0.00 81740.00    72.59     1.52    0.68    0.00    0.68   0.38  84.80
sde               0.00   607.00    0.00 2268.00     0.00 77948.00    68.74     1.50    0.66    0.00    0.66   0.37  84.00
sde               0.00   654.00    0.00 2387.00     0.00 78240.00    65.56     1.50    0.63    0.00    0.63   0.36  86.00
sde               0.00   636.00    0.00 2330.00     0.00 81824.00    70.24     1.53    0.66    0.00    0.66   0.36  83.60
sde               0.00   628.00    0.00 2350.00     0.00 78288.00    66.63     1.49    0.63    0.00    0.63   0.36  85.60
sde               0.00   626.00    0.00 2298.00     0.00 78128.00    68.00     1.52    0.66    0.00    0.66   0.37  86.00
sde               0.00   641.00    0.00 2326.00     0.00 81872.00    70.40     1.48    0.64    0.00    0.64   0.38  88.00
sde               0.00   617.00    0.00 2181.00     0.00 77576.00    71.14     1.34    0.61    0.00    0.61   0.40  87.60
sde               0.00   647.00    0.00 2300.00     0.00 78296.00    68.08     1.31    0.57    0.00    0.57   0.37  85.20
sde               0.00   657.00    0.00 2327.00     0.00 78372.00    67.36     1.36    0.58    0.00    0.58   0.36  83.20
sde               0.00   624.00    0.00 2206.00     0.00 77544.00    70.30     1.26    0.58    0.00    0.58   0.39  85.60
sde               0.00   625.00    0.00 2233.00     0.00 78012.00    69.87     1.28    0.58    0.00    0.58   0.38  84.80
sde               0.00   638.00    0.00 2241.00     0.00 81812.00    73.01     1.24    0.55    0.00    0.55   0.37  82.80
sde               0.00   617.00    0.00 2227.00     0.00 77644.00    69.73     1.45    0.65    0.00    0.65   0.38  85.60
sde               0.00   597.00    0.00 2212.00     0.00 73960.00    66.87     1.46    0.66    0.00    0.66   0.39  86.00
sde               0.00   615.00    0.00 2251.00     0.00 77824.00    69.15     1.47    0.65    0.00    0.65   0.38  85.20
sde               0.00   612.00    0.00 2211.00     0.00 77568.00    70.17     1.48    0.67    0.00    0.67   0.39  87.20
sde               0.00   606.00    0.00 2226.00     0.00 77704.00    69.81     1.50    0.67    0.00    0.67   0.36  81.20
sde               0.00   627.00    0.00 2308.00     0.00 78184.00    67.75     1.41    0.61    0.00    0.61   0.36  83.20
sde               0.00   618.00    0.00 2203.00     0.00 73824.00    67.02     1.26    0.58    0.00    0.58   0.38  84.40
sde               0.00   633.00    0.00 2313.00     0.00 81872.00    70.79     1.50    0.65    0.00    0.65   0.36  82.40
sde               0.00   595.00    0.00 2168.00     0.00 73732.00    68.02     1.33    0.62    0.00    0.62   0.39  83.60
sde               0.00   642.00    0.00 2249.00     0.00 78136.00    69.49     1.32    0.59    0.00    0.59   0.38  84.80
sde               0.00   626.00    0.00 2251.00     0.00 77760.00    69.09     1.49    0.66    0.00    0.66   0.38  86.00
sde               0.00   592.00    0.00 2139.00     0.00 77440.00    72.41     1.48    0.69    0.00    0.69   0.39  84.40
sde               0.00   604.00    0.00 2216.00     0.00 77692.00    70.12     1.42    0.64    0.00    0.64   0.37  82.80
sde               0.00   626.00    0.00 2268.00     0.00 77940.00    68.73     1.54    0.68    0.00    0.68   0.38  85.60
sde               0.00   599.00    0.00 2208.00     0.00 73804.00    66.85     1.57    0.71    0.00    0.71   0.39  86.00
sde               0.00   609.00    0.00 2225.00     0.00 77756.00    69.89     1.39    0.62    0.00    0.62   0.37  82.40
sde               0.00   614.00    0.00 2252.00     0.00 77816.00    69.11     1.61    0.71    0.00    0.71   0.38  86.00
sde               0.00   573.00    0.00 2103.00     0.00 73404.00    69.81     1.48    0.71    0.00    0.71   0.40  83.20
sde               0.00   575.00    0.00 2100.00     0.00 71880.00    68.46     1.59    0.75    0.00    0.75   0.41  85.20
sde               0.00   552.00    0.00 2015.00     0.00 70764.00    70.24     1.60    0.80    0.00    0.80   0.43  87.20
sde               0.00   619.00    0.00 2257.00     0.00 77868.00    69.00     1.45    0.64    0.00    0.64   0.37  84.00
sde               0.00   643.00    0.00 2272.00     0.00 78080.00    68.73     1.27    0.56    0.00    0.56   0.37  84.40
sde               0.00   618.00    0.00 2191.00     0.00 76188.00    69.55     1.28    0.58    0.00    0.58   0.39  84.80
sde               0.00   651.00    0.00 2319.00     0.00 79812.00    68.83     1.25    0.54    0.00    0.54   0.36  82.80
sde               0.00   648.00    0.00 2283.00     0.00 78120.00    68.44     1.25    0.55    0.00    0.55   0.36  82.00
sde               0.00   602.00    0.00 2137.00     0.00 76848.00    71.92     1.29    0.60    0.00    0.60   0.40  84.80
sde               0.00   643.00    0.00 2296.00     0.00 78844.00    68.68     1.20    0.53    0.00    0.53   0.36  82.00
sde               0.00   626.00    0.00 2170.00     0.00 75240.00    69.35     1.23    0.55    0.00    0.55   0.39  83.60
sde               0.00   639.00    0.00 2284.00     0.00 80512.00    70.50     1.30    0.58    0.00    0.58   0.37  84.00
sde               0.00   620.00    0.00 2196.00     0.00 77664.00    70.73     1.23    0.56    0.00    0.56   0.38  82.80
sde               0.00   647.00    0.00 2340.00     0.00 78448.00    67.05     1.28    0.55    0.00    0.55   0.37  87.60
sde               0.00   633.00    0.00 2216.00     0.00 77776.00    70.19     1.20    0.54    0.00    0.54   0.38  83.20
sde               0.00   616.00    0.00 2227.00     0.00 77984.00    70.04     1.34    0.60    0.00    0.60   0.40  88.80
sde               0.00   633.00    0.00 2234.00     0.00 77796.00    69.65     1.33    0.59    0.00    0.59   0.39  86.80
sde               0.00   647.00    0.00 2301.00     0.00 79340.00    68.96     1.29    0.55    0.00    0.55   0.38  86.40
sde               0.00   626.00    0.00 2216.00     0.00 76728.00    69.25     1.20    0.55    0.00    0.55   0.40  87.60
sde               0.00   644.00    0.00 2272.00     0.00 81940.00    72.13     1.25    0.55    0.00    0.55   0.38  85.60
sde               0.00   619.00    0.00 2188.00     0.00 77740.00    71.06     1.27    0.58    0.00    0.58   0.37  81.60
sde               0.00   651.00    0.00 2323.00     0.00 78252.00    67.37     1.24    0.53    0.00    0.53   0.37  85.60
sde               0.00   657.00    0.00 2241.00     0.00 81888.00    73.08     1.26    0.56    0.00    0.56   0.38  84.80
sde               0.00   650.00    0.00 2289.00     0.00 78160.00    68.29     1.26    0.55    0.00    0.55   0.37  84.80
sde               0.00   641.00    0.00 2240.00     0.00 81692.00    72.94     1.21    0.54    0.00    0.54   0.37  82.40
sde               0.00   654.00    0.00 2302.00     0.00 82076.00    71.31     1.26    0.55    0.00    0.55   0.37  85.60
sde               0.00   630.00    0.00 2237.00     0.00 77912.00    69.66     1.21    0.54    0.00    0.54   0.37  82.40
sde               0.00   656.00    0.00 2326.00     0.00 78380.00    67.39     1.25    0.54    0.00    0.54   0.36  83.20
sde               0.00   643.00    0.00 2245.00     0.00 81732.00    72.81     1.24    0.55    0.00    0.55   0.38  84.80
sde               0.00   629.00    0.00 2224.00     0.00 77852.00    70.01     1.21    0.54    0.00    0.54   0.37  82.00
sde               0.00   619.00    0.00 2196.00     0.00 73928.00    67.33     1.25    0.56    0.00    0.56   0.38  83.60
sde               0.00   634.00    0.00 2270.00     0.00 80208.00    70.67     1.26    0.56    0.00    0.56   0.38  86.00
sde               0.00   581.00    0.00 2021.00     0.00 71068.00    70.33     1.49    0.74    0.00    0.74   0.42  85.60
sde               0.00   575.00    0.00 2063.00     0.00 69540.00    67.42     1.36    0.66    0.00    0.66   0.42  86.00
sde               0.00   606.00    0.00 2149.00     0.00 73700.00    68.59     1.39    0.66    0.00    0.66   0.40  85.60
sde               0.00   559.00    0.00 2003.00     0.00 70320.00    70.21     1.33    0.66    0.00    0.66   0.42  83.20
sde               0.00   566.00    0.00 1960.00     0.00 68292.00    69.69     1.41    0.71    0.00    0.71   0.44  87.20
sde               0.00   578.00    0.00 2022.00     0.00 73128.00    72.33     1.32    0.67    0.00    0.67   0.41  82.40
sde               0.00   620.00    0.00 2174.00     0.00 74824.00    68.84     1.32    0.59    0.00    0.59   0.39  84.00
sde               0.00   620.00    0.00 2215.00     0.00 76908.00    69.44     1.33    0.62    0.00    0.62   0.39  86.40
sde               0.00   636.00    0.00 2189.00     0.00 81376.00    74.35     1.27    0.58    0.00    0.58   0.38  82.80
sde               0.00   611.00    0.00 2203.00     0.00 74024.00    67.20     1.33    0.60    0.00    0.60   0.40  88.40
sde               0.00   629.00    0.00 2231.00     0.00 77916.00    69.85     1.29    0.58    0.00    0.58   0.37  81.60
sde               0.00   610.00    0.00 2191.00     0.00 77852.00    71.07     1.21    0.55    0.00    0.55   0.38  82.40
sde               0.00   587.00    0.00 2052.00     0.00 71572.00    69.76     1.32    0.63    0.00    0.63   0.42  85.20
sde               0.00   638.00    0.00 2283.00     0.00 79808.00    69.92     1.24    0.56    0.00    0.56   0.37  84.00
sde               0.00   651.00    0.00 2315.00     0.00 82160.00    70.98     1.20    0.52    0.00    0.52   0.37  85.60
sde               0.00   651.00    0.00 2312.00     0.00 78416.00    67.83     1.14    0.50    0.00    0.50   0.36  83.60
sde               0.00   626.00    0.00 2189.00     0.00 77508.00    70.82     1.24    0.57    0.00    0.57   0.39  86.00
sde               0.00   621.00    0.00 2232.00     0.00 81708.00    73.22     1.20    0.54    0.00    0.54   0.37  82.80
sde               0.00   622.00    0.00 2219.00     0.00 74204.00    66.88     1.22    0.55    0.00    0.55   0.39  87.20
sde               0.00   632.00    0.00 2237.00     0.00 81828.00    73.16     1.18    0.53    0.00    0.53   0.37  83.20
sde               0.00   643.00    0.00 2265.00     0.00 77976.00    68.85     1.26    0.56    0.00    0.56   0.38  85.60
sde               0.00   644.00    0.00 2233.00     0.00 78004.00    69.86     1.24    0.56    0.00    0.56   0.38  84.40
sde               0.00   639.00    0.00 2281.00     0.00 78220.00    68.58     1.30    0.57    0.00    0.57   0.37  84.80
sde               0.00   633.00    0.00 2225.00     0.00 80756.00    72.59     1.20    0.54    0.00    0.54   0.38  85.60
sde               0.00   621.00    0.00 2186.00     0.00 74868.00    68.50     1.25    0.57    0.00    0.57   0.40  86.80
sde               0.00   609.00    0.00 2176.00     0.00 77844.00    71.55     1.24    0.57    0.00    0.57   0.39  85.60
sde               0.00   634.00    0.00 2265.00     0.00 78060.00    68.93     1.18    0.52    0.00    0.52   0.36  81.20
sde               0.00   614.00    0.00 2144.00     0.00 73672.00    68.72     1.30    0.60    0.00    0.60   0.41  87.60
sde               0.00   614.00    0.00 2183.00     0.00 77776.00    71.26     1.22    0.56    0.00    0.56   0.38  84.00
sde               0.00   628.00    0.00 2246.00     0.00 77940.00    69.40     1.34    0.60    0.00    0.60   0.38  84.80
sde               0.00   639.00    0.00 2255.00     0.00 78180.00    69.34     1.23    0.55    0.00    0.55   0.38  86.80
sde               0.00   619.00    0.00 2166.00     0.00 78516.00    72.50     1.24    0.57    0.00    0.57   0.38  83.20
sde               0.00   588.00    0.00 2112.00     0.00 76536.00    72.48     1.37    0.65    0.00    0.65   0.41  86.80
sde               0.00   643.00    0.00 2277.00     0.00 78104.00    68.60     1.31    0.58    0.00    0.58   0.36  82.80
sde               0.00   654.00    0.00 2312.00     0.00 82036.00    70.97     1.29    0.56    0.00    0.56   0.37  86.40
sde               0.00   620.00    0.00 2171.00     0.00 77580.00    71.47     1.35    0.62    0.00    0.62   0.39  85.60
sde               0.00   630.00    0.00 2264.00     0.00 79204.00    69.97     1.21    0.53    0.00    0.53   0.37  82.80
sde               0.00   627.00    0.00 2229.00     0.00 77968.00    69.96     1.16    0.52    0.00    0.52   0.37  82.80
sde               0.00   598.00    0.00 2116.00     0.00 72688.00    68.70     1.15    0.55    0.00    0.55   0.38  81.20
sde               0.00   613.00    0.00 2164.00     0.00 78624.00    72.67     1.17    0.53    0.00    0.53   0.38  81.20
sde               0.00   641.00    0.00 2286.00     0.00 81148.00    71.00     1.20    0.53    0.00    0.53   0.38  87.20
sde               0.00   571.00    0.00 2047.00     0.00 69528.00    67.93     1.30    0.64    0.00    0.64   0.41  84.80
sde               0.00   636.00    0.00 2253.00     0.00 81788.00    72.60     1.18    0.53    0.00    0.53   0.38  84.80
sde               0.00   642.00    0.00 2282.00     0.00 78192.00    68.53     1.20    0.53    0.00    0.53   0.38  86.40
sde               0.00   609.00    0.00 2177.00     0.00 77888.00    71.56     1.16    0.53    0.00    0.53   0.39  84.00
sde               0.00   572.00    0.00 2008.00     0.00 73140.00    72.85     1.20    0.60    0.00    0.60   0.41  82.00
sde               0.00   629.00    0.00 2251.00     0.00 78064.00    69.36     1.16    0.51    0.00    0.51   0.36  82.00
sde               0.00   595.00    0.00 2102.00     0.00 73648.00    70.07     1.27    0.60    0.00    0.60   0.42  88.80
sde               0.00   609.00    0.00 2195.00     0.00 77932.00    71.01     1.19    0.54    0.00    0.54   0.38  84.00
sde               0.00   620.00    0.00 2176.00     0.00 77668.00    71.39     1.20    0.55    0.00    0.55   0.39  84.00
sde               0.00   624.00    0.00 2255.00     0.00 82000.00    72.73     1.19    0.53    0.00    0.53   0.37  84.40
sde               0.00   646.00    0.00 2212.00     0.00 75076.00    67.88     1.21    0.54    0.00    0.54   0.39  86.80
sde               0.00   646.00    0.00 2272.00     0.00 81004.00    71.31     1.14    0.51    0.00    0.51   0.36  82.80
sde               0.00   600.00    0.00 2136.00     0.00 77596.00    72.66     1.16    0.54    0.00    0.54   0.38  80.40
sde               0.00   654.00    0.00 2312.00     0.00 82040.00    70.97     1.19    0.52    0.00    0.52   0.38  86.80
sde               0.00   615.00    0.00 2199.00     0.00 74140.00    67.43     1.14    0.52    0.00    0.52   0.38  82.80
sde               0.00   645.00    0.00 2240.00     0.00 81772.00    73.01     1.17    0.52    0.00    0.52   0.38  84.80
sde               0.00   605.00    0.00 2180.00     0.00 77888.00    71.46     1.12    0.51    0.00    0.51   0.38  82.80
sde               0.00   636.00    0.00 2267.00     0.00 78128.00    68.93     1.15    0.51    0.00    0.51   0.36  80.80
sde               0.00   639.00    0.00 2240.00     0.00 81896.00    73.12     1.13    0.50    0.00    0.50   0.36  81.20
sde               0.00   567.00    0.00 2007.00     0.00 69304.00    69.06     1.15    0.57    0.00    0.57   0.42  84.40
sde               0.00   638.00    0.00 2266.00     0.00 79548.00    70.21     1.14    0.50    0.00    0.50   0.37  84.40
sde               0.00   645.00    0.00 2309.00     0.00 80716.00    69.91     1.14    0.50    0.00    0.50   0.36  82.80
sde               0.00   625.00    0.00 2212.00     0.00 78056.00    70.58     1.15    0.52    0.00    0.52   0.38  83.60
sde               0.00   597.00    0.00 2096.00     0.00 77344.00    73.80     1.09    0.52    0.00    0.52   0.38  80.40
sde               0.00   613.00    0.00 2184.00     0.00 77784.00    71.23     1.10    0.50    0.00    0.50   0.37  80.40
sde               0.00   622.00    0.00 2219.00     0.00 78064.00    70.36     1.16    0.52    0.00    0.52   0.38  83.60
sde               0.00   636.00    0.00 2252.00     0.00 77944.00    69.22     1.14    0.51    0.00    0.51   0.38  85.20
sde               0.00   596.00    0.00 2116.00     0.00 77520.00    73.27     1.14    0.54    0.00    0.54   0.38  80.40
sde               0.00   643.00    0.00 2290.00     0.00 78220.00    68.31     1.16    0.51    0.00    0.51   0.37  84.00
sde               0.00   627.00    0.00 2245.00     0.00 81224.00    72.36     1.16    0.51    0.00    0.51   0.37  82.80
sde               0.00   637.00    0.00 2247.00     0.00 78712.00    70.06     1.16    0.52    0.00    0.52   0.38  84.40
sde               0.00   612.00    0.00 2188.00     0.00 76128.00    69.59     1.19    0.54    0.00    0.54   0.39  84.40
sde               0.00   651.00    0.00 2305.00     0.00 79956.00    69.38     1.11    0.49    0.00    0.49   0.36  82.40
sde               0.00   592.00    0.00 2122.00     0.00 76504.00    72.11     1.20    0.55    0.00    0.55   0.38  81.20
sde               0.00   620.00    0.00 2190.00     0.00 75020.00    68.51     1.18    0.56    0.00    0.56   0.39  85.60
sde               0.00   605.00    0.00 2146.00     0.00 77520.00    72.25     1.16    0.54    0.00    0.54   0.40  85.20
sde               0.00   569.00    0.00 2053.00     0.00 70688.00    68.86     1.24    0.59    0.00    0.59   0.42  85.60
sde               0.00   565.00    0.00 1995.00     0.00 69232.00    69.41     1.36    0.69    0.00    0.69   0.42  83.60
sde               0.00   586.00    0.00 2096.00     0.00 75348.00    71.90     1.31    0.62    0.00    0.62   0.41  85.60
sde               0.00   535.00    0.00 1900.00     0.00 66300.00    69.79     1.24    0.66    0.00    0.66   0.46  87.20
sde               0.00   574.00    0.00 1992.00     0.00 69408.00    69.69     1.28    0.64    0.00    0.64   0.43  84.80
sde               0.00   610.00    0.00 2118.00     0.00 77572.00    73.25     1.20    0.56    0.00    0.56   0.41  86.40
sde               0.00   615.00    0.00 2181.00     0.00 73952.00    67.81     1.15    0.53    0.00    0.53   0.39  85.20
sde               0.00   533.00    0.00 1890.00     0.00 68928.00    72.94     1.33    0.70    0.00    0.70   0.46  86.40
sde               0.00   577.00    0.00 2073.00     0.00 69644.00    67.19     1.19    0.58    0.00    0.58   0.39  80.40
sde               0.00   591.00    0.00 2069.00     0.00 74020.00    71.55     1.28    0.62    0.00    0.62   0.42  86.40
sde               0.00   575.00    0.00 2028.00     0.00 72708.00    71.70     1.25    0.62    0.00    0.62   0.43  87.20
sde               0.00   556.00    0.00 1983.00     0.00 69440.00    70.04     1.23    0.62    0.00    0.62   0.43  84.80
sde               0.00   565.00    0.00 2029.00     0.00 73444.00    72.39     1.20    0.59    0.00    0.59   0.41  83.60
sde               0.00   617.00    0.00 2153.00     0.00 73760.00    68.52     1.16    0.54    0.00    0.54   0.38  80.80
sde               0.00   608.00    0.00 2154.00     0.00 77564.00    72.02     1.21    0.56    0.00    0.56   0.39  83.20
sde               0.00   532.00    0.00 1898.00     0.00 69084.00    72.80     1.26    0.66    0.00    0.66   0.44  83.60
sde               0.00   562.00    0.00 2023.00     0.00 69576.00    68.78     1.28    0.63    0.00    0.63   0.43  86.40
sde               0.00   591.00    0.00 2065.00     0.00 74420.00    72.08     1.26    0.60    0.00    0.60   0.42  86.40
sde               0.00   593.00    0.00 2124.00     0.00 76508.00    72.04     1.21    0.58    0.00    0.58   0.41  86.80
sde               0.00   618.00    0.00 2201.00     0.00 75056.00    68.20     1.19    0.53    0.00    0.53   0.39  86.40
sde               0.00   605.00    0.00 2149.00     0.00 76748.00    71.43     1.25    0.59    0.00    0.59   0.39  84.80
sde               0.00   641.00    0.00 2250.00     0.00 77848.00    69.20     1.16    0.51    0.00    0.51   0.37  83.20
sde               0.00   606.00    0.00 2200.00     0.00 77928.00    70.84     1.23    0.56    0.00    0.56   0.40  87.20
sde               0.00   597.00    0.00 2134.00     0.00 73748.00    69.12     1.14    0.54    0.00    0.54   0.40  86.40
sde               0.00   588.00    0.00 2065.00     0.00 73500.00    71.19     1.28    0.62    0.00    0.62   0.43  88.00
sde               0.00   596.00    0.00 2105.00     0.00 76596.00    72.78     1.25    0.59    0.00    0.59   0.41  85.60
sde               0.00   611.00    0.00 2189.00     0.00 74860.00    68.40     1.17    0.54    0.00    0.54   0.39  86.00
sde               0.00   622.00    0.00 2237.00     0.00 77992.00    69.73     1.16    0.52    0.00    0.52   0.37  83.60
sde               0.00   632.00    0.00 2231.00     0.00 78004.00    69.93     1.13    0.51    0.00    0.51   0.38  84.00
sde               0.00   611.00    0.00 2146.00     0.00 77544.00    72.27     1.15    0.54    0.00    0.54   0.39  82.80
sde               0.00   613.00    0.00 2218.00     0.00 78004.00    70.34     1.21    0.54    0.00    0.54   0.38  84.00
sde               0.00   609.00    0.00 2178.00     0.00 74060.00    68.01     1.20    0.55    0.00    0.55   0.40  86.80
sde               0.00   628.00    0.00 2187.00     0.00 77724.00    71.08     1.18    0.54    0.00    0.54   0.38  83.60
sde               0.00   638.00    0.00 2248.00     0.00 81776.00    72.75     1.16    0.52    0.00    0.52   0.37  83.20
sde               0.00   620.00    0.00 2174.00     0.00 75108.00    69.10     1.23    0.56    0.00    0.56   0.39  85.60
sde               0.00   639.00    0.00 2258.00     0.00 80920.00    71.67     1.16    0.53    0.00    0.53   0.37  83.60
sde               0.00   600.00    0.00 2105.00     0.00 73536.00    69.87     1.30    0.62    0.00    0.62   0.43  89.60
sde               0.00   632.00    0.00 2275.00     0.00 81976.00    72.07     1.15    0.50    0.00    0.50   0.37  84.80
sde               0.00   617.00    0.00 2178.00     0.00 77912.00    71.54     1.18    0.54    0.00    0.54   0.40  87.60
sde               0.00   659.00    0.00 2322.00     0.00 78244.00    67.39     1.19    0.50    0.00    0.50   0.36  83.20
sde               0.00   608.00    0.00 2159.00     0.00 77704.00    71.98     1.14    0.54    0.00    0.54   0.39  83.20
sde               0.00   601.00    0.00 2143.00     0.00 73796.00    68.87     1.13    0.53    0.00    0.53   0.39  82.80
sde               0.00   620.00    0.00 2212.00     0.00 78024.00    70.55     1.24    0.56    0.00    0.56   0.39  85.60
sde               0.00   643.00    0.00 2257.00     0.00 81844.00    72.52     1.12    0.50    0.00    0.50   0.37  82.40
sde               0.00   610.00    0.00 2179.00     0.00 77764.00    71.38     1.16    0.54    0.00    0.54   0.38  83.60
sde               0.00   603.00    0.00 2158.00     0.00 73840.00    68.43     1.14    0.53    0.00    0.53   0.39  84.00
sde               0.00   593.00    0.00 2104.00     0.00 73768.00    70.12     1.29    0.61    0.00    0.61   0.41  86.40
sde               0.00   517.00    0.00 1804.00     0.00 64516.00    71.53     1.44    0.80    0.00    0.80   0.47  84.80
sde               0.00   516.00    0.00 1858.00     0.00 65060.00    70.03     1.38    0.74    0.00    0.74   0.47  88.00
sde               0.00   561.00    0.00 2016.00     0.00 73240.00    72.66     1.21    0.60    0.00    0.60   0.41  82.40
sde               0.00   574.26    0.00 2074.26     0.00 69156.44    66.68     1.19    0.57    0.00    0.57   0.40  81.98
sde               0.00   618.00    0.00 2148.00     0.00 77564.00    72.22     1.23    0.57    0.00    0.57   0.39  84.40
sde               0.00   530.00    0.00 1900.00     0.00 67672.00    71.23     1.42    0.74    0.00    0.74   0.46  86.80
sde               0.00   488.00    0.00 1754.00     0.00 62100.00    70.81     1.34    0.77    0.00    0.77   0.50  88.40
sde               0.00   564.00    0.00 2021.00     0.00 69576.00    68.85     1.29    0.64    0.00    0.64   0.43  86.40
sde               0.00   535.00    0.00 1862.00     0.00 68600.00    73.68     1.22    0.65    0.00    0.65   0.44  82.40
sde               0.00   558.00    0.00 1978.00     0.00 69300.00    70.07     1.31    0.66    0.00    0.66   0.43  84.80
sde               0.00   553.00    0.00 2003.00     0.00 72284.00    72.18     1.23    0.61    0.00    0.61   0.42  84.80
sde               0.00   634.00    0.00 2280.00     0.00 79312.00    69.57     1.15    0.51    0.00    0.51   0.36  82.40
sde               0.00   653.00    0.00 2262.00     0.00 78812.00    69.68     1.14    0.50    0.00    0.50   0.38  85.60
sde               0.00   635.00    0.00 2274.00     0.00 81092.00    71.32     1.15    0.51    0.00    0.51   0.37  83.60
sde               0.00   611.00    0.00 2197.00     0.00 77952.00    70.96     1.16    0.53    0.00    0.53   0.39  86.00
sde               0.00   644.00    0.00 2278.00     0.00 82020.00    72.01     1.11    0.49    0.00    0.49   0.37  83.60
sde               0.00   622.00    0.00 2200.00     0.00 77620.00    70.56     1.18    0.54    0.00    0.54   0.39  85.60
sde               0.00   661.00    0.00 2273.00     0.00 82232.00    72.36     1.15    0.51    0.00    0.51   0.37  84.00
sde               0.00   619.00    0.00 2218.00     0.00 78044.00    70.37     1.16    0.52    0.00    0.52   0.39  86.80
sde               0.00   655.00    0.00 2304.00     0.00 82136.00    71.30     1.18    0.51    0.00    0.51   0.38  86.80
sde               0.00   614.00    0.00 2176.00     0.00 81340.00    74.76     1.18    0.54    0.00    0.54   0.38  83.20
sde               0.00   646.00    0.00 2301.00     0.00 78408.00    68.15     1.13    0.50    0.00    0.50   0.35  80.40
sde               0.00   623.00    0.00 2225.00     0.00 78084.00    70.19     1.18    0.53    0.00    0.53   0.39  86.00
sde               0.00   654.00    0.00 2284.00     0.00 81832.00    71.66     1.18    0.52    0.00    0.52   0.36  82.00
sde               0.00   621.00    0.00 2217.00     0.00 78928.00    71.20     1.13    0.51    0.00    0.51   0.38  83.20
sde               0.00   643.00    0.00 2297.00     0.00 81200.00    70.70     1.14    0.50    0.00    0.50   0.37  84.40
sde               0.00   629.00    0.00 2233.00     0.00 77976.00    69.84     1.25    0.56    0.00    0.56   0.38  84.40
sde               0.00   655.00    0.00 2295.00     0.00 81980.00    71.44     1.16    0.51    0.00    0.51   0.37  85.20
sde               0.00   615.00    0.00 2213.00     0.00 77876.00    70.38     1.20    0.54    0.00    0.54   0.38  84.80
sde               0.00   628.00    0.00 2253.00     0.00 81996.00    72.79     1.21    0.53    0.00    0.53   0.36  82.00
sde               0.00   639.00    0.00 2214.00     0.00 75048.00    67.79     1.18    0.53    0.00    0.53   0.38  84.80
sde               0.00   640.00    0.00 2294.00     0.00 84844.00    73.97     1.16    0.51    0.00    0.51   0.36  81.60
sde               0.00   598.00    0.00 2147.00     0.00 75076.00    69.94     1.20    0.55    0.00    0.55   0.39  84.40
sde               0.00   621.00    0.00 2159.00     0.00 76480.00    70.85     1.16    0.54    0.00    0.54   0.39  83.60
sde               0.00   623.00    0.00 2212.00     0.00 77772.00    70.32     1.17    0.53    0.00    0.53   0.37  82.40
sde               0.00   582.00    0.00 2091.00     0.00 73684.00    70.48     1.22    0.58    0.00    0.58   0.41  86.00
sde               0.00   622.00    0.00 2239.00     0.00 78116.00    69.78     1.11    0.49    0.00    0.49   0.36  81.20
sde               0.00   643.00    0.00 2221.00     0.00 81708.00    73.58     1.14    0.52    0.00    0.52   0.36  80.80
sde               0.00   645.00    0.00 2300.00     0.00 78132.00    67.94     1.16    0.50    0.00    0.50   0.36  83.20
sde               0.00   614.00    0.00 2201.00     0.00 81772.00    74.30     1.20    0.55    0.00    0.55   0.39  85.60
sde               0.00   646.00    0.00 2289.00     0.00 80776.00    70.58     1.20    0.52    0.00    0.52   0.37  85.60
sde               0.00   623.00    0.00 2202.00     0.00 75192.00    68.29     1.22    0.56    0.00    0.56   0.39  86.00
sde               0.00   624.00    0.00 2219.00     0.00 81784.00    73.71     1.13    0.51    0.00    0.51   0.37  83.20
sde               0.00   620.00    0.00 2224.00     0.00 78052.00    70.19     1.11    0.50    0.00    0.50   0.36  80.00
sde               0.00   642.00    0.00 2259.00     0.00 81956.00    72.56     1.19    0.53    0.00    0.53   0.38  84.80
sde               0.00   601.00    0.00 2156.00     0.00 74712.00    69.31     1.10    0.50    0.00    0.50   0.38  82.40
sde               0.00   618.00    0.00 2188.00     0.00 80624.00    73.70     1.09    0.50    0.00    0.50   0.36  78.80
sde               0.00   644.00    0.00 2209.00     0.00 78144.00    70.75     1.18    0.53    0.00    0.53   0.38  84.80
sde               0.00   651.00    0.00 2272.00     0.00 81772.00    71.98     1.16    0.51    0.00    0.51   0.37  83.60
sde               0.00   614.00    0.00 2202.00     0.00 77980.00    70.83     1.16    0.53    0.00    0.53   0.38  84.40
sde               0.00   639.00    0.00 2284.00     0.00 81252.00    71.15     1.22    0.53    0.00    0.53   0.39  88.00
sde               0.00   646.00    0.00 2293.00     0.00 80036.00    69.81     1.14    0.50    0.00    0.50   0.36  82.40
sde               0.00   638.00    0.00 2223.00     0.00 80816.00    72.71     1.13    0.51    0.00    0.51   0.39  85.60
sde               0.00   650.00    0.00 2288.00     0.00 81944.00    71.63     1.18    0.52    0.00    0.52   0.37  85.20
sde               0.00   639.00    0.00 2295.00     0.00 82180.00    71.62     1.19    0.52    0.00    0.52   0.36  82.80
sde               0.00   638.00    0.00 2244.00     0.00 77940.00    69.47     1.15    0.51    0.00    0.51   0.38  84.40
sde               0.00   625.00    0.00 2221.00     0.00 78076.00    70.31     1.15    0.52    0.00    0.52   0.38  85.20
sde               0.00   608.00    0.00 2159.00     0.00 77556.00    71.84     1.25    0.58    0.00    0.58   0.38  82.80
sde               0.00   623.00    0.00 2209.00     0.00 77900.00    70.53     1.14    0.52    0.00    0.52   0.38  84.00
sde               0.00   632.00    0.00 2252.00     0.00 78080.00    69.34     1.10    0.49    0.00    0.49   0.36  80.80
sde               0.00   613.00    0.00 2145.00     0.00 73708.00    68.73     1.23    0.57    0.00    0.57   0.40  84.80
sde               0.00   594.00    0.00 2141.00     0.00 77720.00    72.60     1.20    0.56    0.00    0.56   0.41  88.00
sde               0.00   630.00    0.00 2245.00     0.00 78036.00    69.52     1.14    0.51    0.00    0.51   0.37  83.20
sde               0.00   616.00    0.00 2205.00     0.00 77996.00    70.74     1.14    0.52    0.00    0.52   0.38  84.40
sde               0.00   643.00    0.00 2240.00     0.00 78852.00    70.40     1.13    0.50    0.00    0.50   0.37  83.20
sde               0.00   619.00    0.00 2219.00     0.00 77028.00    69.43     1.10    0.50    0.00    0.50   0.38  84.00
sde               0.00   632.00    0.00 2248.00     0.00 81884.00    72.85     1.15    0.51    0.00    0.51   0.37  82.80
sde               0.00   612.00    0.00 2205.00     0.00 75168.00    68.18     1.13    0.51    0.00    0.51   0.39  85.20
sde               0.00   656.00    0.00 2292.00     0.00 81848.00    71.42     1.21    0.53    0.00    0.53   0.39  88.40
sde               0.00   597.00    0.00 2131.00     0.00 72824.00    68.35     1.32    0.62    0.00    0.62   0.41  88.00
sde               0.00   636.00    0.00 2271.00     0.00 81972.00    72.19     1.16    0.51    0.00    0.51   0.36  82.00
sde               0.00   630.00    0.00 2211.00     0.00 77820.00    70.39     1.11    0.50    0.00    0.50   0.38  84.00
sde               0.00   644.00    0.00 2286.00     0.00 82032.00    71.77     1.25    0.55    0.00    0.55   0.38  88.00
sde               0.00   642.00    0.00 2289.00     0.00 78232.00    68.35     1.13    0.49    0.00    0.49   0.36  81.60
sde               0.00   611.00    0.00 2195.00     0.00 77948.00    71.02     1.14    0.52    0.00    0.52   0.37  82.00
sde               0.00   649.00    0.00 2284.00     0.00 81928.00    71.74     1.16    0.51    0.00    0.51   0.36  82.00
sde               0.00   626.00    0.00 2226.00     0.00 77964.00    70.05     1.18    0.53    0.00    0.53   0.37  82.40
sde               0.00   660.00    0.00 2270.00     0.00 82080.00    72.32     1.18    0.52    0.00    0.52   0.38  87.20
sde               0.00   623.00    0.00 2227.00     0.00 77952.00    70.01     1.18    0.53    0.00    0.53   0.38  84.40
sde               0.00   650.00    0.00 2283.00     0.00 82072.00    71.90     1.18    0.52    0.00    0.52   0.37  84.00
sde               0.00   624.00    0.00 2208.00     0.00 77904.00    70.57     1.16    0.52    0.00    0.52   0.38  84.80
sde               0.00   628.00    0.00 2233.00     0.00 81832.00    73.29     1.13    0.51    0.00    0.51   0.36  80.80
sde               0.00   637.00    0.00 2219.00     0.00 77856.00    70.17     1.16    0.52    0.00    0.52   0.37  81.60
sde               0.00   620.00    0.00 2246.00     0.00 81948.00    72.97     1.18    0.53    0.00    0.53   0.37  84.00
sde               0.00   643.00    0.00 2237.00     0.00 77944.00    69.69     1.09    0.49    0.00    0.49   0.36  81.60
sde               0.00   639.00    0.00 2300.00     0.00 82204.00    71.48     1.20    0.52    0.00    0.52   0.38  87.20
sde               0.00   658.00    0.00 2291.00     0.00 81988.00    71.57     1.22    0.53    0.00    0.53   0.38  86.80
sde               0.00   620.00    0.00 2231.00     0.00 77964.00    69.89     1.19    0.54    0.00    0.54   0.39  88.00
sde               0.00   657.00    0.00 2312.00     0.00 82184.00    71.09     1.18    0.51    0.00    0.51   0.37  84.80
sde               0.00   628.00    0.00 2213.00     0.00 77808.00    70.32     1.18    0.53    0.00    0.53   0.38  84.80
sde               0.00   633.00    0.00 2277.00     0.00 82096.00    72.11     1.20    0.53    0.00    0.53   0.37  83.60
sde               0.00   630.00    0.00 2241.00     0.00 78040.00    69.65     1.15    0.51    0.00    0.51   0.39  86.80
sde               0.00   630.00    0.00 2236.00     0.00 78024.00    69.79     1.10    0.49    0.00    0.49   0.36  81.20
sde               0.00   654.00    0.00 2301.00     0.00 82000.00    71.27     1.23    0.53    0.00    0.53   0.38  87.20
sde               0.00   627.00    0.00 2248.00     0.00 81992.00    72.95     1.11    0.50    0.00    0.50   0.36  81.20
sde               0.00   611.00    0.00 2194.00     0.00 76148.00    69.41     1.12    0.50    0.00    0.50   0.37  80.80
sde               0.00   642.00    0.00 2260.00     0.00 79800.00    70.62     1.12    0.50    0.00    0.50   0.37  84.00
sde               0.00   633.00    0.00 2220.00     0.00 77852.00    70.14     1.15    0.52    0.00    0.52   0.39  87.20
sde               0.00   630.00    0.00 2279.00     0.00 78276.00    68.69     1.14    0.50    0.00    0.50   0.36  82.80
sde               0.00   625.00    0.00 2213.00     0.00 77904.00    70.41     1.18    0.53    0.00    0.53   0.39  86.80
sde               0.00   636.00    0.00 2234.00     0.00 81724.00    73.16     1.17    0.52    0.00    0.52   0.37  83.60
sde               0.00   615.00    0.00 2183.00     0.00 78812.00    72.21     1.16    0.52    0.00    0.52   0.37  81.60
sde               0.00   645.00    0.00 2321.00     0.00 81268.00    70.03     1.13    0.49    0.00    0.49   0.36  82.40
sde               0.00   617.00    0.00 2199.00     0.00 77720.00    70.69     1.16    0.53    0.00    0.53   0.39  85.20
sde               0.00   642.00    0.00 2293.00     0.00 81932.00    71.46     1.21    0.53    0.00    0.53   0.37  85.20
