sde               0.00     1.27    0.00    2.64     0.00   167.18   126.65     0.01    2.79    1.91    2.79   0.41   0.11
sde               0.00     0.00    0.00    0.00     0.00     0.00     0.00     0.00    0.00    0.00    0.00   0.00   0.00
sde               0.00   275.00    0.00  988.00     0.00 40844.00    82.68     0.80    0.81    0.00    0.81   0.38  37.20
sde               0.00   631.00    0.00 2403.00     0.00 86092.00    71.65     1.85    0.77    0.00    0.77   0.37  90.00
sde               0.00   587.00    0.00 2264.00     0.00 90580.00    80.02     1.88    0.83    0.00    0.83   0.37  83.60
sde               0.00   613.00    0.00 2285.00     0.00 95336.00    83.45     2.01    0.88    0.00    0.88   0.37  85.60
sde               0.00   588.00    0.00 2296.00     0.00 100872.00    87.87     1.89    0.82    0.00    0.82   0.36  82.80
sde               0.00   583.00    0.00 2227.00     0.00 100636.00    90.38     1.95    0.87    0.00    0.87   0.38  85.60
sde               0.00   559.00    0.00 2015.00     0.00 99404.00    98.66     2.06    1.02    0.00    1.02   0.42  84.00
sde               0.00   598.00    0.00 2282.00     0.00 75408.00    66.09     1.82    0.80    0.00    0.80   0.38  87.60
sde               0.00   557.00    0.00 2111.00     0.00 74736.00    70.81     1.92    0.91    0.00    0.91   0.41  85.60
sde               0.00   589.00    0.00 2218.00     0.00 75052.00    67.68     1.77    0.80    0.00    0.80   0.40  88.00
sde               0.00   648.00    0.00 2422.00     0.00 80864.00    66.77     1.66    0.69    0.00    0.69   0.35  85.20
sde               0.00   610.00    0.00 2316.00     0.00 80528.00    69.54     1.73    0.75    0.00    0.75   0.36  82.80
sde               0.00   590.00    0.00 2253.00     0.00 75288.00    66.83     1.81    0.80    0.00    0.80   0.37  84.40
sde               0.00   605.00    0.00 2291.00     0.00 80456.00    70.24     1.63    0.71    0.00    0.71   0.35  81.20
sde               0.00   605.00    0.00 2243.00     0.00 75056.00    66.92     1.74    0.77    0.00    0.77   0.37  83.60
sde               0.00   616.00    0.00 2301.00     0.00 80552.00    70.01     1.60    0.70    0.00    0.70   0.37  85.60
sde               0.00   593.00    0.00 2169.00     0.00 75004.00    69.16     1.48    0.68    0.00    0.68   0.40  86.80
sde               0.00   615.00    0.00 2255.00     0.00 80436.00    71.34     1.51    0.67    0.00    0.67   0.37  84.00
sde               0.00   594.00    0.00 2197.00     0.00 74936.00    68.22     1.52    0.69    0.00    0.69   0.37  82.00
sde               0.00   561.00    0.00 2099.00     0.00 72736.00    69.31     1.50    0.71    0.00    0.71   0.41  86.80
sde               0.00   609.00    0.00 2203.00     0.00 77220.00    70.10     1.51    0.69    0.00    0.69   0.37  82.00
sde               0.00   582.00    0.00 2117.00     0.00 71764.00    67.80     1.58    0.72    0.00    0.72   0.39  83.60
sde               0.00   569.00    0.00 2113.00     0.00 72728.00    68.84     1.49    0.73    0.00    0.73   0.40  85.20
sde               0.00   557.00    0.00 2031.00     0.00 74464.00    73.33     1.77    0.87    0.00    0.87   0.41  84.00
sde               0.00   607.00    0.00 2241.00     0.00 80368.00    71.73     1.61    0.72    0.00    0.72   0.38  86.00
sde               0.00   589.00    0.00 2134.00     0.00 74788.00    70.09     1.47    0.69    0.00    0.69   0.40  85.60
sde               0.00   614.00    0.00 2274.00     0.00 75532.00    66.43     1.42    0.62    0.00    0.62   0.36  80.80
sde               0.00   641.00    0.00 2289.00     0.00 80560.00    70.39     1.42    0.62    0.00    0.62   0.37  85.20
sde               0.00   561.00    0.00 2087.00     0.00 74800.00    71.68     1.48    0.71    0.00    0.71   0.41  85.20
sde               0.00   618.00    0.00 2234.00     0.00 80272.00    71.86     1.46    0.65    0.00    0.65   0.38  84.00
sde               0.00   627.00    0.00 2213.00     0.00 75408.00    68.15     1.57    0.71    0.00    0.71   0.38  84.00
sde               0.00   589.00    0.00 2135.00     0.00 74888.00    70.15     1.46    0.69    0.00    0.69   0.40  85.60
sde               0.00   596.00    0.00 2192.00     0.00 80140.00    73.12     1.42    0.65    0.00    0.65   0.39  85.60
sde               0.00   598.00    0.00 2178.00     0.00 75056.00    68.92     1.55    0.71    0.00    0.71   0.38  82.80
sde               0.00   604.00    0.00 2191.00     0.00 75128.00    68.58     1.45    0.66    0.00    0.66   0.39  84.80
sde               0.00   586.00    0.00 2140.00     0.00 74888.00    69.99     1.58    0.74    0.00    0.74   0.40  86.40
sde               0.00   553.00    0.00 2026.00     0.00 69476.00    68.58     1.60    0.79    0.00    0.79   0.41  82.40
sde               0.00   539.00    0.00 1985.00     0.00 72192.00    72.74     1.90    0.91    0.00    0.91   0.43  86.00
sde               0.00   615.00    0.00 2199.00     0.00 77100.00    70.12     1.54    0.75    0.00    0.75   0.38  83.20
sde               0.00   568.00    0.00 2083.00     0.00 74704.00    71.73     1.57    0.75    0.00    0.75   0.41  86.40
sde               0.00   526.00    0.00 1987.00     0.00 66276.00    66.71     1.68    0.84    0.00    0.84   0.43  84.80
sde               0.00   618.00    0.00 2249.00     0.00 78344.00    69.67     1.38    0.62    0.00    0.62   0.37  82.40
sde               0.00   612.00    0.00 2164.00     0.00 80084.00    74.01     1.52    0.70    0.00    0.70   0.40  86.80
sde               0.00   589.00    0.00 2173.00     0.00 75032.00    69.06     1.50    0.69    0.00    0.69   0.40  86.00
sde               0.00   573.00    0.00 2118.00     0.00 74932.00    70.76     1.59    0.75    0.00    0.75   0.41  87.60
sde               0.00   604.00    0.00 2193.00     0.00 77812.00    70.96     1.53    0.68    0.00    0.68   0.39  84.80
sde               0.00   608.00    0.00 2188.00     0.00 77472.00    70.82     1.38    0.65    0.00    0.65   0.39  85.20
sde               0.00   629.00    0.00 2302.00     0.00 80696.00    70.11     1.42    0.62    0.00    0.62   0.36  84.00
sde               0.00   592.00    0.00 2198.00     0.00 80336.00    73.10     1.41    0.64    0.00    0.64   0.37  82.40
sde               0.00   615.00    0.00 2228.00     0.00 80476.00    72.24     1.28    0.58    0.00    0.58   0.38  84.00
sde               0.00   608.00    0.00 2203.00     0.00 75020.00    68.11     1.34    0.61    0.00    0.61   0.39  86.00
sde               0.00   608.91    0.00 2256.44     0.00 79968.32    70.88     1.24    0.55    0.00    0.55   0.36  80.79
sde               0.00   589.00    0.00 2155.00     0.00 80160.00    74.39     1.24    0.58    0.00    0.58   0.38  82.40
sde               0.00   589.00    0.00 2115.00     0.00 70724.00    66.88     1.32    0.62    0.00    0.62   0.41  87.20
sde               0.00   598.00    0.00 2213.00     0.00 79360.00    71.72     1.24    0.57    0.00    0.57   0.38  83.60
sde               0.00   573.00    0.00 2109.00     0.00 74992.00    71.12     1.22    0.58    0.00    0.58   0.39  83.20
sde               0.00   611.00    0.00 2192.00     0.00 80384.00    73.34     1.16    0.53    0.00    0.53   0.37  81.20
sde               0.00   625.00    0.00 2249.00     0.00 80448.00    71.54     1.26    0.56    0.00    0.56   0.38  84.80
sde               0.00   598.00    0.00 2231.00     0.00 75304.00    67.51     1.39    0.62    0.00    0.62   0.38  84.80
sde               0.00   621.00    0.00 2289.00     0.00 80796.00    70.60     1.33    0.58    0.00    0.58   0.36  83.20
sde               0.00   623.00    0.00 2166.00     0.00 80208.00    74.06     1.29    0.60    0.00    0.60   0.38  83.20
sde               0.00   632.00    0.00 2281.00     0.00 80704.00    70.76     1.23    0.54    0.00    0.54   0.38  87.20
sde               0.00   622.00    0.00 2309.00     0.00 75764.00    65.62     1.30    0.56    0.00    0.56   0.37  84.40
sde               0.00   608.00    0.00 2189.00     0.00 80364.00    73.43     1.28    0.58    0.00    0.58   0.40  86.80
sde               0.00   637.00    0.00 2291.00     0.00 80500.00    70.27     1.27    0.55    0.00    0.55   0.37  85.20
sde               0.00   595.00    0.00 2183.00     0.00 80404.00    73.66     1.28    0.58    0.00    0.58   0.38  82.80
sde               0.00   595.00    0.00 2207.00     0.00 75364.00    68.30     1.29    0.59    0.00    0.59   0.38  82.80
sde               0.00   582.00    0.00 2072.00     0.00 78336.00    75.61     1.33    0.64    0.00    0.64   0.42  86.80
sde               0.00   580.00    0.00 2070.00     0.00 71960.00    69.53     1.30    0.62    0.00    0.62   0.42  86.80
sde               0.00   546.00    0.00 1998.00     0.00 73520.00    73.59     1.33    0.67    0.00    0.67   0.41  82.00
sde               0.00   561.00    0.00 2056.00     0.00 69668.00    67.77     1.33    0.65    0.00    0.65   0.40  82.80
sde               0.00   517.00    0.00 1848.00     0.00 67720.00    73.29     1.56    0.83    0.00    0.83   0.48  88.80
sde               0.00   539.00    0.00 1958.00     0.00 64936.00    66.33     1.40    0.73    0.00    0.73   0.44  85.20
sde               0.00   571.00    0.00 2080.00     0.00 74760.00    71.88     1.36    0.66    0.00    0.66   0.42  86.80
sde               0.00   562.00    0.00 2059.00     0.00 74792.00    72.65     1.39    0.68    0.00    0.68   0.41  85.20
sde               0.00   544.00    0.00 1991.00     0.00 69148.00    69.46     1.32    0.66    0.00    0.66   0.42  83.60
sde               0.00   592.00    0.00 2149.00     0.00 75052.00    69.85     1.32    0.61    0.00    0.61   0.40  86.40
sde               0.00   630.00    0.00 2261.00     0.00 85744.00    75.85     1.26    0.56    0.00    0.56   0.38  84.80
sde               0.00   575.00    0.00 2108.00     0.00 69880.00    66.30     1.24    0.59    0.00    0.59   0.39  83.20
sde               0.00   597.00    0.00 2141.00     0.00 74928.00    69.99     1.26    0.59    0.00    0.59   0.38  81.60
sde               0.00   581.00    0.00 2120.00     0.00 74912.00    70.67     1.26    0.59    0.00    0.59   0.40  85.20
sde               0.00   570.00    0.00 2072.00     0.00 74728.00    72.13     1.35    0.65    0.00    0.65   0.42  86.00
sde               0.00   590.00    0.00 2177.00     0.00 80360.00    73.83     1.32    0.60    0.00    0.60   0.39  84.00
sde               0.00   631.00    0.00 2273.00     0.00 75312.00    66.27     1.30    0.57    0.00    0.57   0.39  87.60
sde               0.00   587.00    0.00 2168.00     0.00 78004.00    71.96     1.28    0.58    0.00    0.58   0.40  87.20
sde               0.00   625.00    0.00 2248.00     0.00 81724.00    72.71     1.21    0.55    0.00    0.55   0.38  84.80
sde               0.00   623.00    0.00 2231.00     0.00 76576.00    68.65     1.20    0.54    0.00    0.54   0.38  85.20
sde               0.00   607.00    0.00 2222.00     0.00 80288.00    72.27     1.25    0.56    0.00    0.56   0.36  80.00
sde               0.00   600.00    0.00 2187.00     0.00 75324.00    68.88     1.22    0.56    0.00    0.56   0.40  86.40
sde               0.00   611.00    0.00 2224.00     0.00 80460.00    72.36     1.29    0.58    0.00    0.58   0.37  83.20
sde               0.00   630.00    0.00 2202.00     0.00 75248.00    68.35     1.35    0.61    0.00    0.61   0.39  85.20
sde               0.00   568.00    0.00 2066.00     0.00 79808.00    77.26     1.35    0.65    0.00    0.65   0.40  83.60
sde               0.00   609.00    0.00 2199.00     0.00 75260.00    68.45     1.22    0.56    0.00    0.56   0.38  83.60
sde               0.00   575.00    0.00 2102.00     0.00 74960.00    71.32     1.23    0.58    0.00    0.58   0.39  81.60
sde               0.00   577.00    0.00 2068.00     0.00 74620.00    72.17     1.31    0.63    0.00    0.63   0.42  86.00
sde               0.00   613.00    0.00 2220.00     0.00 75344.00    67.88     1.23    0.55    0.00    0.55   0.38  84.80
sde               0.00   574.00    0.00 2076.00     0.00 74756.00    72.02     1.27    0.61    0.00    0.61   0.40  82.40
sde               0.00   596.00    0.00 2165.00     0.00 80232.00    74.12     1.31    0.60    0.00    0.60   0.38  83.20
sde               0.00   591.00    0.00 2171.00     0.00 75100.00    69.18     1.46    0.67    0.00    0.67   0.40  86.40
sde               0.00   597.00    0.00 2174.00     0.00 80244.00    73.82     1.36    0.64    0.00    0.64   0.38  83.60
sde               0.00   598.00    0.00 2160.00     0.00 75104.00    69.54     1.20    0.55    0.00    0.55   0.38  81.60
sde               0.00   596.00    0.00 2160.00     0.00 75100.00    69.54     1.31    0.61    0.00    0.61   0.39  85.20
sde               0.00   588.00    0.00 2136.00     0.00 78064.00    73.09     1.26    0.59    0.00    0.59   0.39  82.80
sde               0.00   617.00    0.00 2232.00     0.00 77424.00    69.38     1.31    0.59    0.00    0.59   0.38  85.60
sde               0.00   602.00    0.00 2183.00     0.00 80304.00    73.57     1.25    0.58    0.00    0.58   0.38  82.00
sde               0.00   588.00    0.00 2160.00     0.00 75064.00    69.50     1.35    0.62    0.00    0.62   0.39  84.80
sde               0.00   623.00    0.00 2275.00     0.00 80656.00    70.91     1.32    0.58    0.00    0.58   0.38  86.80
sde               0.00   555.00    0.00 2026.00     0.00 72472.00    71.54     1.41    0.68    0.00    0.68   0.42  85.20
sde               0.00   573.00    0.00 2055.00     0.00 71632.00    69.71     1.21    0.61    0.00    0.61   0.40  81.20
sde               0.00   598.00    0.00 2158.00     0.00 80188.00    74.32     1.34    0.62    0.00    0.62   0.40  86.40
sde               0.00   571.00    0.00 2104.00     0.00 69764.00    66.32     1.37    0.65    0.00    0.65   0.41  86.40
sde               0.00   590.00    0.00 2125.00     0.00 77900.00    73.32     1.27    0.59    0.00    0.59   0.39  83.60
sde               0.00   628.00    0.00 2303.00     0.00 82944.00    72.03     1.23    0.55    0.00    0.55   0.35  81.60
sde               0.00   601.00    0.00 2211.00     0.00 75276.00    68.09     1.29    0.58    0.00    0.58   0.39  85.20
sde               0.00   594.00    0.00 2178.00     0.00 78208.00    71.82     1.33    0.60    0.00    0.60   0.38  82.00
sde               0.00   600.00    0.00 2181.00     0.00 77212.00    70.80     1.31    0.61    0.00    0.61   0.40  86.40
sde               0.00   590.00    0.00 2143.00     0.00 75016.00    70.01     1.28    0.60    0.00    0.60   0.40  86.40
sde               0.00   590.00    0.00 2119.00     0.00 74832.00    70.63     1.31    0.62    0.00    0.62   0.41  86.00
sde               0.00   623.00    0.00 2256.00     0.00 80600.00    71.45     1.28    0.57    0.00    0.57   0.38  85.20
sde               0.00   622.00    0.00 2256.00     0.00 80704.00    71.55     1.30    0.58    0.00    0.58   0.38  85.20
sde               0.00   600.00    0.00 2086.00     0.00 74780.00    71.70     1.33    0.64    0.00    0.64   0.41  85.60
sde               0.00   618.00    0.00 2259.00     0.00 80576.00    71.34     1.32    0.58    0.00    0.58   0.38  86.00
sde               0.00   601.00    0.00 2209.00     0.00 80356.00    72.75     1.33    0.60    0.00    0.60   0.39  86.80
sde               0.00   635.00    0.00 2268.00     0.00 80676.00    71.14     1.22    0.54    0.00    0.54   0.37  84.00
sde               0.00   607.00    0.00 2198.00     0.00 80248.00    73.02     1.18    0.54    0.00    0.54   0.37  82.40
sde               0.00   631.00    0.00 2279.00     0.00 80828.00    70.93     1.22    0.54    0.00    0.54   0.36  82.40
sde               0.00   610.00    0.00 2221.00     0.00 75468.00    67.96     1.21    0.54    0.00    0.54   0.39  86.00
sde               0.00   625.00    0.00 2269.00     0.00 80512.00    70.97     1.29    0.57    0.00    0.57   0.37  84.40
sde               0.00   540.00    0.00 1998.00     0.00 72852.00    72.92     1.41    0.69    0.00    0.69   0.43  86.40
sde               0.00   610.00    0.00 2210.00     0.00 76840.00    69.54     1.34    0.62    0.00    0.62   0.38  83.60
sde               0.00   631.00    0.00 2276.00     0.00 80564.00    70.79     1.22    0.53    0.00    0.53   0.38  85.60
sde               0.00   594.00    0.00 2171.00     0.00 75244.00    69.32     1.22    0.57    0.00    0.57   0.40  86.00
sde               0.00   607.00    0.00 2194.00     0.00 80240.00    73.14     1.22    0.56    0.00    0.56   0.37  81.60
sde               0.00   598.00    0.00 2169.00     0.00 80368.00    74.11     1.25    0.58    0.00    0.58   0.38  82.40
sde               0.00   587.00    0.00 2114.00     0.00 74800.00    70.77     1.24    0.58    0.00    0.58   0.39  82.00
sde               0.00   612.00    0.00 2254.00     0.00 75552.00    67.04     1.33    0.60    0.00    0.60   0.37  84.40
sde               0.00   587.00    0.00 2173.00     0.00 80200.00    73.82     1.30    0.60    0.00    0.60   0.39  84.80
sde               0.00   624.00    0.00 2281.00     0.00 80668.00    70.73     1.27    0.56    0.00    0.56   0.38  85.60
sde               0.00   605.00    0.00 2170.00     0.00 75032.00    69.15     1.15    0.53    0.00    0.53   0.38  82.00
sde               0.00   609.00    0.00 2192.00     0.00 80360.00    73.32     1.24    0.57    0.00    0.57   0.39  85.20
sde               0.00   587.00    0.00 2160.00     0.00 78124.00    72.34     1.26    0.58    0.00    0.58   0.39  84.00
sde               0.00   620.00    0.00 2209.00     0.00 77372.00    70.05     1.24    0.57    0.00    0.57   0.38  84.40
sde               0.00   595.00    0.00 2183.00     0.00 75164.00    68.86     1.24    0.57    0.00    0.57   0.38  83.20
sde               0.00   591.00    0.00 2172.00     0.00 80204.00    73.85     1.27    0.59    0.00    0.59   0.38  82.80
sde               0.00   623.00    0.00 2284.00     0.00 80800.00    70.75     1.27    0.56    0.00    0.56   0.36  83.20
sde               0.00   572.00    0.00 2064.00     0.00 69476.00    67.32     1.37    0.66    0.00    0.66   0.41  84.80
sde               0.00   574.00    0.00 2084.00     0.00 79768.00    76.55     1.32    0.63    0.00    0.63   0.41  85.20
sde               0.00   507.00    0.00 1887.00     0.00 63860.00    67.68     1.52    0.81    0.00    0.81   0.46  86.80
sde               0.00   519.00    0.00 1885.00     0.00 68884.00    73.09     1.44    0.77    0.00    0.77   0.46  86.80
sde               0.00   519.00    0.00 1835.00     0.00 68564.00    74.73     1.54    0.84    0.00    0.84   0.47  86.00
sde               0.00   543.00    0.00 1943.00     0.00 64164.00    66.05     1.56    0.80    0.00    0.80   0.46  89.20
sde               0.00   525.00    0.00 1940.00     0.00 69176.00    71.32     1.48    0.76    0.00    0.76   0.44  84.80
sde               0.00   536.00    0.00 1930.00     0.00 70080.00    72.62     1.56    0.79    0.00    0.79   0.45  87.20
sde               0.00   574.00    0.00 2076.00     0.00 73620.00    70.92     1.37    0.68    0.00    0.68   0.41  84.40
sde               0.00   588.00    0.00 2119.00     0.00 74944.00    70.74     1.25    0.59    0.00    0.59   0.40  84.40
sde               0.00   548.00    0.00 2007.00     0.00 69468.00    69.23     1.42    0.71    0.00    0.71   0.44  87.60
sde               0.00   546.00    0.00 1968.00     0.00 70240.00    71.38     1.40    0.69    0.00    0.69   0.42  82.80
sde               0.00   548.00    0.00 1977.00     0.00 68104.00    68.90     1.44    0.75    0.00    0.75   0.43  85.20
sde               0.00   543.00    0.00 1992.00     0.00 74388.00    74.69     1.41    0.71    0.00    0.71   0.44  86.80
sde               0.00   539.00    0.00 1980.00     0.00 72804.00    73.54     1.45    0.72    0.00    0.72   0.44  87.60
sde               0.00   539.00    0.00 1952.00     0.00 65676.00    67.29     1.44    0.74    0.00    0.74   0.45  87.60
sde               0.00   599.00    0.00 2156.00     0.00 80084.00    74.29     1.40    0.66    0.00    0.66   0.40  85.60
sde               0.00   615.00    0.00 2238.00     0.00 80504.00    71.94     1.29    0.58    0.00    0.58   0.39  87.60
sde               0.00   568.00    0.00 2039.00     0.00 74632.00    73.20     1.24    0.61    0.00    0.61   0.43  87.60
sde               0.00   574.00    0.00 2113.00     0.00 75012.00    71.00     1.34    0.63    0.00    0.63   0.40  84.80
sde               0.00   600.00    0.00 2161.00     0.00 74980.00    69.39     1.32    0.61    0.00    0.61   0.40  86.00
sde               0.00   564.00    0.00 2062.00     0.00 70700.00    68.57     1.34    0.64    0.00    0.64   0.41  84.80
sde               0.00   583.00    0.00 2123.00     0.00 78360.00    73.82     1.36    0.64    0.00    0.64   0.39  83.60
sde               0.00   595.00    0.00 2159.00     0.00 75596.00    70.03     1.38    0.65    0.00    0.65   0.40  87.20
sde               0.00   582.00    0.00 2118.00     0.00 74912.00    70.74     1.29    0.61    0.00    0.61   0.41  86.00
sde               0.00   570.00    0.00 2091.00     0.00 69808.00    66.77     1.30    0.62    0.00    0.62   0.41  85.60
sde               0.00   598.00    0.00 2122.00     0.00 79968.00    75.37     1.26    0.59    0.00    0.59   0.40  84.00
sde               0.00   544.00    0.00 2003.00     0.00 69328.00    69.22     1.31    0.65    0.00    0.65   0.43  86.40
sde               0.00   606.00    0.00 2213.00     0.00 75280.00    68.03     1.28    0.58    0.00    0.58   0.38  83.60
sde               0.00   606.00    0.00 2158.00     0.00 80236.00    74.36     1.21    0.56    0.00    0.56   0.38  82.00
sde               0.00   594.00    0.00 2177.00     0.00 75136.00    69.03     1.33    0.61    0.00    0.61   0.39  84.00
sde               0.00   583.00    0.00 2159.00     0.00 80152.00    74.25     1.37    0.63    0.00    0.63   0.41  88.00
sde               0.00   596.00    0.00 2182.00     0.00 75156.00    68.89     1.33    0.61    0.00    0.61   0.38  83.60
sde               0.00   587.00    0.00 2091.00     0.00 74976.00    71.71     1.27    0.61    0.00    0.61   0.41  86.40
sde               0.00   590.00    0.00 2157.00     0.00 80052.00    74.23     1.32    0.61    0.00    0.61   0.39  85.20
sde               0.00   577.00    0.00 2104.00     0.00 69636.00    66.19     1.60    0.76    0.00    0.76   0.40  84.00
sde               0.00   599.00    0.00 2271.00     0.00 80352.00    70.76     1.64    0.72    0.00    0.72   0.36  82.40
sde               0.00   610.00    0.00 2274.00     0.00 77212.00    67.91     1.76    0.74    0.00    0.74   0.36  81.60
sde               0.00   587.00    0.00 2234.00     0.00 78292.00    70.09     1.58    0.73    0.00    0.73   0.36  80.40
sde               0.00   582.00    0.00 2191.00     0.00 69880.00    63.79     1.55    0.71    0.00    0.71   0.38  84.00
sde               0.00   557.00    0.00 2100.00     0.00 74704.00    71.15     1.78    0.85    0.00    0.85   0.40  83.20
sde               0.00   599.00    0.00 2252.00     0.00 80044.00    71.09     1.69    0.75    0.00    0.75   0.36  81.60
sde               0.00   592.00    0.00 2247.00     0.00 75308.00    67.03     1.54    0.69    0.00    0.69   0.36  81.60
sde               0.00   611.00    0.00 2310.00     0.00 80528.00    69.72     1.57    0.68    0.00    0.68   0.36  82.40
sde               0.00   617.00    0.00 2306.00     0.00 75940.00    65.86     1.67    0.71    0.00    0.71   0.36  84.00
sde               0.00   578.00    0.00 2190.00     0.00 79384.00    72.50     1.71    0.80    0.00    0.80   0.38  83.60
sde               0.00   587.00    0.00 2226.00     0.00 78788.00    70.79     1.65    0.73    0.00    0.73   0.37  83.20
sde               0.00   557.00    0.00 2050.00     0.00 70892.00    69.16     1.81    0.90    0.00    0.90   0.41  84.80
sde               0.00   590.00    0.00 2128.00     0.00 74736.00    70.24     1.66    0.78    0.00    0.78   0.39  82.80
sde               0.00   613.00    0.00 2267.00     0.00 75316.00    66.45     1.61    0.71    0.00    0.71   0.36  82.00
sde               0.00   510.00    0.00 1917.00     0.00 68956.00    71.94     1.90    0.99    0.00    0.99   0.46  87.60
sde               0.00   555.00    0.00 2031.00     0.00 69372.00    68.31     1.58    0.78    0.00    0.78   0.40  80.80
sde               0.00   489.00    0.00 1795.00     0.00 64152.00    71.48     1.77    0.97    0.00    0.97   0.48  86.00
sde               0.00   504.00    0.00 1858.00     0.00 67760.00    72.94     1.89    1.04    0.00    1.04   0.46  85.60
sde               0.00   536.00    0.00 1972.00     0.00 67052.00    68.00     1.66    0.83    0.00    0.83   0.42  83.60
sde               0.00   589.00    0.00 2159.00     0.00 75596.00    70.03     1.54    0.71    0.00    0.71   0.39  83.60
sde               0.00   587.00    0.00 2147.00     0.00 74040.00    68.97     1.53    0.71    0.00    0.71   0.39  82.80
sde               0.00   540.00    0.00 1991.00     0.00 71488.00    71.81     1.54    0.79    0.00    0.79   0.42  84.40
sde               0.00   613.00    0.00 2259.00     0.00 75336.00    66.70     1.52    0.67    0.00    0.67   0.37  83.20
sde               0.00   587.00    0.00 2206.00     0.00 75068.00    68.06     1.57    0.71    0.00    0.71   0.37  82.00
sde               0.00   540.00    0.00 1972.00     0.00 71160.00    72.17     1.52    0.76    0.00    0.76   0.43  85.20
sde               0.00   576.00    0.00 2125.00     0.00 73768.00    69.43     1.49    0.70    0.00    0.70   0.39  83.20
sde               0.00   574.00    0.00 2075.00     0.00 73640.00    70.98     1.63    0.80    0.00    0.80   0.42  86.40
sde               0.00   556.00    0.00 2039.00     0.00 69320.00    67.99     1.70    0.83    0.00    0.83   0.42  85.20
sde               0.00   561.00    0.00 2057.00     0.00 74580.00    72.51     1.55    0.75    0.00    0.75   0.41  84.00
sde               0.00   636.00    0.00 2248.00     0.00 75392.00    67.07     1.57    0.70    0.00    0.70   0.36  81.60
sde               0.00   616.00    0.00 2288.00     0.00 80568.00    70.43     1.55    0.68    0.00    0.68   0.37  84.00
sde               0.00   602.00    0.00 2195.00     0.00 75096.00    68.42     1.41    0.64    0.00    0.64   0.38  83.20
sde               0.00   614.00    0.00 2270.00     0.00 80516.00    70.94     1.38    0.61    0.00    0.61   0.36  81.60
sde               0.00   592.00    0.00 2149.00     0.00 74936.00    69.74     1.42    0.66    0.00    0.66   0.38  82.40
sde               0.00   606.00    0.00 2230.00     0.00 75228.00    67.47     1.39    0.62    0.00    0.62   0.36  80.40
sde               0.00   593.00    0.00 2177.00     0.00 75008.00    68.91     1.46    0.67    0.00    0.67   0.38  82.80
sde               0.00   594.00    0.00 2170.00     0.00 75996.00    70.04     1.58    0.72    0.00    0.72   0.37  80.40
sde               0.00   599.00    0.00 2171.00     0.00 79084.00    72.85     1.42    0.67    0.00    0.67   0.38  82.80
sde               0.00   617.00    0.00 2291.00     0.00 80560.00    70.33     1.56    0.68    0.00    0.68   0.36  83.60
sde               0.00   604.00    0.00 2204.00     0.00 75012.00    68.07     1.44    0.66    0.00    0.66   0.37  81.60
sde               0.00   625.00    0.00 2298.00     0.00 80704.00    70.24     1.52    0.66    0.00    0.66   0.36  81.60
sde               0.00   594.00    0.00 2183.00     0.00 74940.00    68.66     1.38    0.63    0.00    0.63   0.37  80.80
sde               0.00   615.00    0.00 2245.00     0.00 80584.00    71.79     1.38    0.62    0.00    0.62   0.36  80.00
sde               0.00   581.00    0.00 2138.00     0.00 74736.00    69.91     1.43    0.67    0.00    0.67   0.39  84.40
sde               0.00   603.00    0.00 2171.00     0.00 75060.00    69.15     1.37    0.63    0.00    0.63   0.37  81.20
sde               0.00   584.00    0.00 2122.00     0.00 74932.00    70.62     1.29    0.61    0.00    0.61   0.39  83.20
sde               0.00   587.00    0.00 2130.00     0.00 80100.00    75.21     1.25    0.59    0.00    0.59   0.40  85.60
sde               0.00   628.00    0.00 2267.00     0.00 80644.00    71.15     1.17    0.52    0.00    0.52   0.36  82.40
sde               0.00   599.00    0.00 2188.00     0.00 75188.00    68.73     1.28    0.59    0.00    0.59   0.38  84.00
sde               0.00   608.00    0.00 2231.00     0.00 80588.00    72.24     1.26    0.56    0.00    0.56   0.38  84.00
sde               0.00   585.00    0.00 2158.00     0.00 74920.00    69.43     1.25    0.58    0.00    0.58   0.40  85.60
sde               0.00   615.00    0.00 2215.00     0.00 80448.00    72.64     1.22    0.55    0.00    0.55   0.38  84.00
sde               0.00   599.00    0.00 2172.00     0.00 75144.00    69.19     1.23    0.57    0.00    0.57   0.38  83.20
sde               0.00   615.00    0.00 2228.00     0.00 80488.00    72.25     1.22    0.55    0.00    0.55   0.37  82.80
sde               0.00   595.00    0.00 2167.00     0.00 75136.00    69.35     1.17    0.54    0.00    0.54   0.39  84.00
sde               0.00   613.00    0.00 2206.00     0.00 80272.00    72.78     1.22    0.56    0.00    0.56   0.37  82.00
sde               0.00   596.00    0.00 2200.00     0.00 75348.00    68.50     1.25    0.57    0.00    0.57   0.38  84.40
sde               0.00   606.00    0.00 2230.00     0.00 80448.00    72.15     1.28    0.57    0.00    0.57   0.37  83.60
sde               0.00   610.00    0.00 2196.00     0.00 75136.00    68.43     1.26    0.58    0.00    0.58   0.37  80.80
sde               0.00   641.00    0.00 2254.00     0.00 80656.00    71.57     1.16    0.51    0.00    0.51   0.35  78.80
sde               0.00   589.00    0.00 2134.00     0.00 75112.00    70.40     1.23    0.58    0.00    0.58   0.39  83.20
sde               0.00   606.00    0.00 2222.00     0.00 80452.00    72.41     1.21    0.55    0.00    0.55   0.37  81.60
sde               0.00   603.00    0.00 2165.00     0.00 80120.00    74.01     1.28    0.59    0.00    0.59   0.39  84.80
sde               0.00   618.00    0.00 2244.00     0.00 80532.00    71.78     1.25    0.56    0.00    0.56   0.38  84.80
sde               0.00   595.00    0.00 2148.00     0.00 80156.00    74.63     1.22    0.56    0.00    0.56   0.38  81.20
sde               0.00   616.00    0.00 2247.00     0.00 80540.00    71.69     1.24    0.56    0.00    0.56   0.36  80.80
sde               0.00   612.00    0.00 2230.00     0.00 79456.00    71.26     1.22    0.55    0.00    0.55   0.37  82.40
sde               0.00   583.00    0.00 2106.00     0.00 70792.00    67.23     1.22    0.58    0.00    0.58   0.41  86.00
sde               0.00   528.00    0.00 1907.00     0.00 69092.00    72.46     1.44    0.75    0.00    0.75   0.46  86.80
sde               0.00   616.00    0.00 2242.00     0.00 80404.00    71.73     1.21    0.54    0.00    0.54   0.36  80.40
sde               0.00   606.00    0.00 2199.00     0.00 75248.00    68.44     1.20    0.55    0.00    0.55   0.38  82.80
sde               0.00   618.00    0.00 2211.00     0.00 80428.00    72.75     1.26    0.57    0.00    0.57   0.38  83.60
sde               0.00   582.00    0.00 2148.00     0.00 75008.00    69.84     1.27    0.59    0.00    0.59   0.38  81.60
sde               0.00   620.00    0.00 2249.00     0.00 80576.00    71.65     1.25    0.56    0.00    0.56   0.36  82.00
sde               0.00   589.00    0.00 2127.00     0.00 80072.00    75.29     1.24    0.58    0.00    0.58   0.39  83.20
sde               0.00   626.00    0.00 2247.00     0.00 80448.00    71.60     1.26    0.56    0.00    0.56   0.37  82.80
sde               0.00   586.00    0.00 2191.00     0.00 75300.00    68.74     1.25    0.57    0.00    0.57   0.39  84.80
sde               0.00   614.00    0.00 2233.00     0.00 80372.00    71.99     1.23    0.55    0.00    0.55   0.37  82.80
sde               0.00   609.00    0.00 2201.00     0.00 75396.00    68.51     1.24    0.56    0.00    0.56   0.38  84.00
sde               0.00   613.00    0.00 2233.00     0.00 80356.00    71.97     1.25    0.56    0.00    0.56   0.37  82.00
sde               0.00   610.00    0.00 2241.00     0.00 80616.00    71.95     1.31    0.59    0.00    0.59   0.36  81.60
sde               0.00   595.00    0.00 2174.00     0.00 74972.00    68.97     1.32    0.61    0.00    0.61   0.38  82.00
sde               0.00   627.00    0.00 2240.00     0.00 80560.00    71.93     1.19    0.53    0.00    0.53   0.36  81.60
sde               0.00   589.00    0.00 2166.00     0.00 75104.00    69.35     1.19    0.55    0.00    0.55   0.38  82.40
sde               0.00   605.00    0.00 2211.00     0.00 80396.00    72.72     1.28    0.58    0.00    0.58   0.38  84.40
sde               0.00   587.00    0.00 2138.00     0.00 75120.00    70.27     1.29    0.60    0.00    0.60   0.40  85.20
sde               0.00   604.00    0.00 2194.00     0.00 80204.00    73.11     1.29    0.59    0.00    0.59   0.39  85.60
sde               0.00   614.00    0.00 2265.00     0.00 75484.00    66.65     1.20    0.53    0.00    0.53   0.35  79.20
sde               0.00   620.00    0.00 2270.00     0.00 80628.00    71.04     1.25    0.55    0.00    0.55   0.37  83.20
sde               0.00   614.00    0.00 2146.00     0.00 80212.00    74.75     1.27    0.59    0.00    0.59   0.39  83.60
sde               0.00   631.00    0.00 2270.00     0.00 78632.00    69.28     1.20    0.52    0.00    0.52   0.36  81.20
sde               0.00   606.00    0.00 2195.00     0.00 77188.00    70.33     1.17    0.54    0.00    0.54   0.38  84.40
sde               0.00   615.00    0.00 2242.00     0.00 80656.00    71.95     1.23    0.55    0.00    0.55   0.37  82.40
sde               0.00   601.00    0.00 2177.00     0.00 75156.00    69.05     1.17    0.53    0.00    0.53   0.37  80.80
sde               0.00   624.00    0.00 2236.00     0.00 80404.00    71.92     1.31    0.58    0.00    0.58   0.37  82.40
sde               0.00   588.00    0.00 2191.00     0.00 75288.00    68.72     1.26    0.58    0.00    0.58   0.38  83.20
sde               0.00   616.00    0.00 2255.00     0.00 80576.00    71.46     1.26    0.56    0.00    0.56   0.37  84.40
sde               0.00   624.00    0.00 2246.00     0.00 80424.00    71.62     1.26    0.56    0.00    0.56   0.37  82.40
sde               0.00   581.00    0.00 2101.00     0.00 79976.00    76.13     1.26    0.60    0.00    0.60   0.39  82.00
sde               0.00   621.00    0.00 2285.00     0.00 80836.00    70.75     1.21    0.53    0.00    0.53   0.36  83.20
sde               0.00   603.00    0.00 2191.00     0.00 75220.00    68.66     1.24    0.57    0.00    0.57   0.39  84.80
sde               0.00   616.00    0.00 2209.00     0.00 80176.00    72.59     1.19    0.54    0.00    0.54   0.37  81.20
sde               0.00   599.00    0.00 2202.00     0.00 75360.00    68.45     1.27    0.58    0.00    0.58   0.38  82.80
sde               0.00   610.00    0.00 2234.00     0.00 80472.00    72.04     1.23    0.55    0.00    0.55   0.35  77.60
sde               0.00   590.00    0.00 2161.00     0.00 75068.00    69.48     1.23    0.57    0.00    0.57   0.38  82.00
sde               0.00   623.00    0.00 2244.00     0.00 80560.00    71.80     1.18    0.53    0.00    0.53   0.37  82.80
sde               0.00   588.00    0.00 2154.00     0.00 80188.00    74.45     1.19    0.55    0.00    0.55   0.39  84.40
sde               0.00   612.00    0.00 2218.00     0.00 80328.00    72.43     1.22    0.55    0.00    0.55   0.39  85.60
sde               0.00   602.00    0.00 2166.00     0.00 75268.00    69.50     1.17    0.54    0.00    0.54   0.37  81.20
sde               0.00   597.00    0.00 2156.00     0.00 74964.00    69.54     1.23    0.57    0.00    0.57   0.38  82.00
sde               0.00   580.00    0.00 2155.00     0.00 75136.00    69.73     1.24    0.57    0.00    0.57   0.38  82.80
sde               0.00   610.00    0.00 2234.00     0.00 80336.00    71.92     1.26    0.56    0.00    0.56   0.37  82.80
sde               0.00   614.00    0.00 2230.00     0.00 79328.00    71.15     1.20    0.53    0.00    0.53   0.38  84.00
sde               0.00   608.00    0.00 2181.00     0.00 76372.00    70.03     1.24    0.58    0.00    0.58   0.39  84.40
sde               0.00   584.00    0.00 2133.00     0.00 80096.00    75.10     1.16    0.54    0.00    0.54   0.38  81.60
sde               0.00   611.00    0.00 2214.00     0.00 75444.00    68.15     1.16    0.52    0.00    0.52   0.36  80.00
sde               0.00   615.84    0.00 2232.67     0.00 79671.29    71.37     1.25    0.57    0.00    0.57   0.37  81.98
sde               0.00   586.00    0.00 2144.00     0.00 80116.00    74.74     1.21    0.57    0.00    0.57   0.39  82.80
sde               0.00   617.00    0.00 2283.00     0.00 75552.00    66.19     1.18    0.52    0.00    0.52   0.35  79.60
sde               0.00   601.00    0.00 2238.00     0.00 80572.00    72.00     1.36    0.61    0.00    0.61   0.38  86.00
