sde               0.00     1.17    0.00    2.31     0.00   148.92   128.94     0.01    3.08    1.91    3.08   0.40   0.09
sde               0.00     1.00    0.00    4.00     0.00    20.00    10.00     0.00    0.00    0.00    0.00   0.00   0.00
sde               0.00   432.00    0.00 1366.00     0.00 46924.00    68.70     0.61    0.45    0.00    0.45   0.35  48.00
sde               0.00   743.00    0.00 2438.00     0.00 90456.00    74.21     1.11    0.46    0.00    0.46   0.34  83.60
sde               0.00   719.00    0.00 2296.00     0.00 99368.00    86.56     1.15    0.50    0.00    0.50   0.38  86.40
sde               0.00   721.00    0.00 2255.00     0.00 92636.00    82.16     1.14    0.51    0.00    0.51   0.38  86.80
sde               0.00   701.00    0.00 2325.00     0.00 83604.00    71.92     1.08    0.46    0.00    0.46   0.36  82.80
sde               0.00   679.00    0.00 2181.00     0.00 91988.00    84.35     1.16    0.53    0.00    0.53   0.39  85.60
sde               0.00   758.00    0.00 2251.00     0.00 97100.00    86.27     1.08    0.48    0.00    0.48   0.37  82.80
sde               0.00   729.00    0.00 2240.00     0.00 78356.00    69.96     1.02    0.46    0.00    0.46   0.37  82.40
sde               0.00   755.00    0.00 2361.00     0.00 77536.00    65.68     1.00    0.42    0.00    0.42   0.34  79.60
sde               0.00   765.00    0.00 2364.00     0.00 78720.00    66.60     1.03    0.43    0.00    0.43   0.33  78.40
sde               0.00   748.00    0.00 2299.00     0.00 75812.00    65.95     1.06    0.46    0.00    0.46   0.37  84.00
sde               0.00   749.00    0.00 2316.00     0.00 77252.00    66.71     1.06    0.46    0.00    0.46   0.35  81.20
sde               0.00   747.00    0.00 2319.00     0.00 77892.00    67.18     1.06    0.46    0.00    0.46   0.35  82.00
sde               0.00   724.00    0.00 2207.00     0.00 73956.00    67.02     1.00    0.45    0.00    0.45   0.37  82.40
sde               0.00   807.00    0.00 2325.00     0.00 78564.00    67.58     0.92    0.39    0.00    0.39   0.34  80.00
sde               0.00   785.00    0.00 2300.00     0.00 77372.00    67.28     0.94    0.41    0.00    0.41   0.36  82.40
sde               0.00   749.00    0.00 2231.00     0.00 74608.00    66.88     0.89    0.40    0.00    0.40   0.35  79.20
sde               0.00   809.00    0.00 2333.00     0.00 78832.00    67.58     1.01    0.43    0.00    0.43   0.36  84.00
sde               0.00   792.00    0.00 2290.00     0.00 78552.00    68.60     0.92    0.40    0.00    0.40   0.35  81.20
sde               0.00   761.00    0.00 2249.00     0.00 77152.00    68.61     0.99    0.44    0.00    0.44   0.37  83.20
sde               0.00   787.00    0.00 2317.00     0.00 77560.00    66.95     0.98    0.42    0.00    0.42   0.36  82.40
sde               0.00   817.00    0.00 2333.00     0.00 78720.00    67.48     0.96    0.41    0.00    0.41   0.35  82.80
sde               0.00   771.00    0.00 2262.00     0.00 77232.00    68.29     0.91    0.40    0.00    0.40   0.35  80.00
sde               0.00   799.00    0.00 2341.00     0.00 78836.00    67.35     0.97    0.41    0.00    0.41   0.36  84.00
sde               0.00   782.00    0.00 2324.00     0.00 78840.00    67.85     1.01    0.43    0.00    0.43   0.37  85.20
sde               0.00   790.00    0.00 2254.00     0.00 77012.00    68.33     1.00    0.44    0.00    0.44   0.38  84.80
sde               0.00   771.00    0.00 2317.00     0.00 77532.00    66.92     0.93    0.40    0.00    0.40   0.34  79.60
sde               0.00   803.00    0.00 2357.00     0.00 78908.00    66.96     0.95    0.40    0.00    0.40   0.35  82.80
sde               0.00   769.00    0.00 2301.00     0.00 78732.00    68.43     0.99    0.43    0.00    0.43   0.37  84.00
sde               0.00   775.00    0.00 2260.00     0.00 75680.00    66.97     1.02    0.45    0.00    0.45   0.37  84.00
sde               0.00   786.00    0.00 2299.00     0.00 77536.00    67.45     0.96    0.42    0.00    0.42   0.35  81.20
sde               0.00   780.00    0.00 2341.00     0.00 78792.00    67.31     0.97    0.42    0.00    0.42   0.35  82.80
sde               0.00   759.00    0.00 2285.00     0.00 76064.00    66.58     1.01    0.44    0.00    0.44   0.37  85.20
sde               0.00   793.00    0.00 2330.00     0.00 78568.00    67.44     0.97    0.42    0.00    0.42   0.36  82.80
sde               0.00   787.00    0.00 2385.00     0.00 80404.00    67.42     0.93    0.39    0.00    0.39   0.34  80.40
sde               0.00   770.00    0.00 2271.00     0.00 75956.00    66.89     0.99    0.43    0.00    0.43   0.36  82.80
sde               0.00   809.00    0.00 2396.00     0.00 80344.00    67.07     1.02    0.43    0.00    0.43   0.36  87.20
sde               0.00   791.00    0.00 2297.00     0.00 78564.00    68.41     1.01    0.44    0.00    0.44   0.38  87.60
sde               0.00   793.00    0.00 2307.00     0.00 77404.00    67.10     0.95    0.41    0.00    0.41   0.36  83.60
sde               0.00   732.00    0.00 2143.00     0.00 73032.00    68.16     1.03    0.48    0.00    0.48   0.41  87.60
sde               0.00   773.00    0.00 2220.00     0.00 75720.00    68.22     0.94    0.42    0.00    0.42   0.37  82.00
sde               0.00   770.00    0.00 2298.00     0.00 77392.00    67.36     0.94    0.41    0.00    0.41   0.36  82.00
sde               0.00   825.00    0.00 2417.00     0.00 81740.00    67.64     1.02    0.42    0.00    0.42   0.36  88.00
sde               0.00   786.00    0.00 2295.00     0.00 78784.00    68.66     0.94    0.41    0.00    0.41   0.36  82.80
sde               0.00   794.00    0.00 2314.00     0.00 78644.00    67.97     0.96    0.41    0.00    0.41   0.35  82.00
sde               0.00   756.00    0.00 2252.00     0.00 75876.00    67.39     0.98    0.43    0.00    0.43   0.37  82.40
sde               0.00   782.00    0.00 2335.00     0.00 78748.00    67.45     0.94    0.40    0.00    0.40   0.34  80.40
sde               0.00   774.00    0.00 2289.00     0.00 77460.00    67.68     1.00    0.44    0.00    0.44   0.37  84.40
sde               0.00   802.00    0.00 2326.00     0.00 78408.00    67.42     1.00    0.43    0.00    0.43   0.36  84.40
sde               0.00   750.00    0.00 2257.00     0.00 76144.00    67.47     0.98    0.44    0.00    0.44   0.37  83.20
sde               0.00   777.00    0.00 2281.00     0.00 77348.00    67.82     0.88    0.39    0.00    0.39   0.36  81.20
sde               0.00   802.00    0.00 2317.00     0.00 78800.00    68.02     1.03    0.45    0.00    0.45   0.39  90.40
sde               0.00   773.00    0.00 2197.00     0.00 75672.00    68.89     0.91    0.41    0.00    0.41   0.38  84.40
sde               0.00   814.00    0.00 2339.00     0.00 79088.00    67.63     0.87    0.37    0.00    0.37   0.35  82.00
sde               0.00   821.00    0.00 2333.00     0.00 80260.00    68.80     0.90    0.39    0.00    0.39   0.36  84.80
sde               0.00   780.00    0.00 2201.00     0.00 75864.00    68.94     0.90    0.41    0.00    0.41   0.39  85.60
sde               0.00   828.00    0.00 2293.00     0.00 80056.00    69.83     0.85    0.37    0.00    0.37   0.37  84.40
sde               0.00   807.00    0.00 2282.00     0.00 78880.00    69.13     0.85    0.37    0.00    0.37   0.36  82.80
sde               0.00   803.00    0.00 2241.00     0.00 76196.00    68.00     0.85    0.38    0.00    0.38   0.37  82.80
sde               0.00   808.00    0.00 2260.00     0.00 78448.00    69.42     0.87    0.39    0.00    0.39   0.37  84.40
sde               0.00   826.00    0.00 2246.00     0.00 77480.00    68.99     0.80    0.36    0.00    0.36   0.36  80.00
sde               0.00   821.00    0.00 2299.00     0.00 80308.00    69.86     0.83    0.36    0.00    0.36   0.36  82.80
sde               0.00   796.00    0.00 2213.00     0.00 77108.00    69.69     0.86    0.39    0.00    0.39   0.37  81.60
sde               0.00   836.00    0.00 2348.00     0.00 80476.00    68.55     0.90    0.38    0.00    0.38   0.37  87.20
sde               0.00   804.00    0.00 2246.00     0.00 77240.00    68.78     0.87    0.39    0.00    0.39   0.38  84.80
sde               0.00   826.00    0.00 2303.00     0.00 80332.00    69.76     0.82    0.36    0.00    0.36   0.35  81.20
sde               0.00   837.00    0.00 2324.00     0.00 80168.00    68.99     0.82    0.35    0.00    0.35   0.34  79.60
sde               0.00   805.00    0.00 2290.00     0.00 77604.00    67.78     0.89    0.39    0.00    0.39   0.38  86.00
sde               0.00   837.00    0.00 2306.00     0.00 80124.00    69.49     0.88    0.38    0.00    0.38   0.37  86.40
sde               0.00   772.00    0.00 2172.00     0.00 75876.00    69.87     0.82    0.38    0.00    0.38   0.37  79.60
sde               0.00   815.00    0.00 2262.00     0.00 77340.00    68.38     0.86    0.38    0.00    0.38   0.37  83.20
sde               0.00   777.00    0.00 2240.00     0.00 77376.00    69.09     0.87    0.39    0.00    0.39   0.36  81.20
sde               0.00   763.00    0.00 2160.00     0.00 72980.00    67.57     0.86    0.40    0.00    0.40   0.38  81.20
sde               0.00   812.00    0.00 2286.00     0.00 78936.00    69.06     0.84    0.37    0.00    0.37   0.36  81.20
sde               0.00   780.00    0.00 2200.00     0.00 75724.00    68.84     0.89    0.40    0.00    0.40   0.38  82.80
sde               0.00   799.00    0.00 2262.00     0.00 78688.00    69.57     0.85    0.37    0.00    0.37   0.36  82.40
sde               0.00   774.00    0.00 2199.00     0.00 74552.00    67.81     0.93    0.42    0.00    0.42   0.39  86.40
sde               0.00   791.00    0.00 2254.00     0.00 77200.00    68.50     0.88    0.39    0.00    0.39   0.37  83.20
sde               0.00   793.00    0.00 2290.00     0.00 77572.00    67.75     0.88    0.38    0.00    0.38   0.36  82.80
sde               0.00   782.00    0.00 2255.00     0.00 77400.00    68.65     0.94    0.42    0.00    0.42   0.38  86.40
sde               0.00   781.00    0.00 2203.00     0.00 75736.00    68.76     0.86    0.39    0.00    0.39   0.37  80.80
sde               0.00   810.00    0.00 2279.00     0.00 78756.00    69.11     0.84    0.37    0.00    0.37   0.35  80.80
sde               0.00   782.00    0.00 2233.00     0.00 75960.00    68.03     0.89    0.40    0.00    0.40   0.38  84.00
sde               0.00   799.00    0.00 2251.00     0.00 78640.00    69.87     0.90    0.40    0.00    0.40   0.38  85.60
sde               0.00   796.00    0.00 2252.00     0.00 76052.00    67.54     0.87    0.39    0.00    0.39   0.36  82.00
sde               0.00   812.00    0.00 2265.00     0.00 78608.00    69.41     0.87    0.39    0.00    0.39   0.37  84.80
sde               0.00   794.00    0.00 2224.00     0.00 77416.00    69.62     0.85    0.38    0.00    0.38   0.38  84.40
sde               0.00   806.00    0.00 2275.00     0.00 78608.00    69.11     0.86    0.38    0.00    0.38   0.36  82.00
sde               0.00   822.00    0.00 2299.00     0.00 80296.00    69.85     0.85    0.37    0.00    0.37   0.36  83.20
sde               0.00   800.00    0.00 2227.00     0.00 75892.00    68.16     0.84    0.38    0.00    0.38   0.37  82.40
sde               0.00   830.00    0.00 2280.00     0.00 78996.00    69.29     0.86    0.38    0.00    0.38   0.37  83.60
sde               0.00   817.00    0.00 2258.00     0.00 77456.00    68.61     0.91    0.40    0.00    0.40   0.39  88.40
sde               0.00   791.00    0.00 2208.00     0.00 77076.00    69.82     0.83    0.38    0.00    0.38   0.37  81.20
sde               0.00   831.00    0.00 2332.00     0.00 80284.00    68.85     0.84    0.36    0.00    0.36   0.35  81.20
sde               0.00   783.00    0.00 2184.00     0.00 75828.00    69.44     0.86    0.40    0.00    0.40   0.39  84.40
sde               0.00   814.00    0.00 2265.00     0.00 78872.00    69.64     0.82    0.36    0.00    0.36   0.36  81.20
sde               0.00   814.00    0.00 2278.00     0.00 78636.00    69.04     0.85    0.37    0.00    0.37   0.35  80.80
sde               0.00   812.00    0.00 2301.00     0.00 78832.00    68.52     0.82    0.36    0.00    0.36   0.35  80.40
sde               0.00   783.00    0.00 2209.00     0.00 76016.00    68.82     0.86    0.39    0.00    0.39   0.38  83.20
sde               0.00   800.00    0.00 2235.00     0.00 77200.00    69.08     0.86    0.38    0.00    0.38   0.37  82.40
sde               0.00   816.00    0.00 2258.00     0.00 78620.00    69.64     0.82    0.36    0.00    0.36   0.36  81.20
sde               0.00   787.00    0.00 2212.00     0.00 77320.00    69.91     0.91    0.41    0.00    0.41   0.40  88.00
sde               0.00   817.00    0.00 2284.00     0.00 78836.00    69.03     0.88    0.39    0.00    0.39   0.38  86.80
sde               0.00   812.87    0.00 2279.21     0.00 78083.17    68.52     0.86    0.38    0.00    0.38   0.37  83.56
sde               0.00   793.00    0.00 2195.00     0.00 77204.00    70.35     0.84    0.38    0.00    0.38   0.38  82.40
sde               0.00   813.00    0.00 2279.00     0.00 77516.00    68.03     0.82    0.36    0.00    0.36   0.35  80.80
sde               0.00   796.00    0.00 2233.00     0.00 77312.00    69.24     0.85    0.38    0.00    0.38   0.37  82.80
sde               0.00   812.00    0.00 2259.00     0.00 78692.00    69.67     0.86    0.38    0.00    0.38   0.37  83.20
sde               0.00   793.00    0.00 2240.00     0.00 76036.00    67.89     0.88    0.40    0.00    0.40   0.38  85.60
sde               0.00   827.00    0.00 2286.00     0.00 78896.00    69.03     0.86    0.37    0.00    0.37   0.37  84.80
sde               0.00   816.00    0.00 2276.00     0.00 78772.00    69.22     0.85    0.37    0.00    0.37   0.37  83.20
sde               0.00   793.00    0.00 2233.00     0.00 76008.00    68.08     0.84    0.38    0.00    0.38   0.36  81.20
sde               0.00   806.00    0.00 2271.00     0.00 78708.00    69.32     0.88    0.39    0.00    0.39   0.37  84.40
sde               0.00   815.00    0.00 2278.00     0.00 78780.00    69.17     0.86    0.38    0.00    0.38   0.36  82.80
sde               0.00   802.00    0.00 2197.00     0.00 77096.00    70.18     0.84    0.38    0.00    0.38   0.38  82.80
sde               0.00   795.00    0.00 2236.00     0.00 76028.00    68.00     0.82    0.37    0.00    0.37   0.36  79.60
sde               0.00   804.00    0.00 2234.00     0.00 78612.00    70.38     0.81    0.36    0.00    0.36   0.35  79.20
sde               0.00   786.00    0.00 2220.00     0.00 76088.00    68.55     0.86    0.39    0.00    0.39   0.38  84.80
sde               0.00   818.00    0.00 2271.00     0.00 78652.00    69.27     0.84    0.37    0.00    0.37   0.36  82.00
sde               0.00   824.00    0.00 2297.00     0.00 78872.00    68.67     0.86    0.37    0.00    0.37   0.37  84.40
sde               0.00   808.00    0.00 2222.00     0.00 76048.00    68.45     0.85    0.38    0.00    0.38   0.37  83.20
sde               0.00   816.00    0.00 2285.00     0.00 78800.00    68.97     0.92    0.40    0.00    0.40   0.38  87.60
sde               0.00   800.00    0.00 2220.00     0.00 77244.00    69.59     0.86    0.39    0.00    0.39   0.38  84.00
sde               0.00   811.00    0.00 2291.00     0.00 77544.00    67.69     0.88    0.38    0.00    0.38   0.37  84.40
sde               0.00   816.00    0.00 2256.00     0.00 78748.00    69.81     0.82    0.36    0.00    0.36   0.36  81.20
sde               0.00   780.00    0.00 2189.00     0.00 74572.00    68.13     0.86    0.39    0.00    0.39   0.39  84.40
sde               0.00   824.00    0.00 2280.00     0.00 80128.00    70.29     0.87    0.38    0.00    0.38   0.38  86.00
sde               0.00   794.00    0.00 2198.00     0.00 75920.00    69.08     0.82    0.37    0.00    0.37   0.37  80.80
sde               0.00   807.00    0.00 2254.00     0.00 77416.00    68.69     0.82    0.36    0.00    0.36   0.36  81.20
sde               0.00   817.00    0.00 2261.00     0.00 77488.00    68.54     0.86    0.39    0.00    0.39   0.38  84.80
sde               0.00   804.00    0.00 2259.00     0.00 77412.00    68.54     0.86    0.38    0.00    0.38   0.37  84.00
sde               0.00   823.00    0.00 2272.00     0.00 78816.00    69.38     0.87    0.38    0.00    0.38   0.38  85.60
sde               0.00   791.00    0.00 2202.00     0.00 77172.00    70.09     0.89    0.40    0.00    0.40   0.39  84.80
sde               0.00   816.00    0.00 2293.00     0.00 78800.00    68.73     0.87    0.38    0.00    0.38   0.37  84.00
sde               0.00   818.00    0.00 2276.00     0.00 78688.00    69.15     0.89    0.39    0.00    0.39   0.38  87.60
sde               0.00   781.00    0.00 2205.00     0.00 74720.00    67.77     0.85    0.39    0.00    0.39   0.37  82.40
sde               0.00   818.00    0.00 2268.00     0.00 78764.00    69.46     0.88    0.38    0.00    0.38   0.38  85.20
sde               0.00   821.00    0.00 2293.00     0.00 78860.00    68.78     0.84    0.37    0.00    0.37   0.36  82.40
sde               0.00   790.00    0.00 2209.00     0.00 75784.00    68.61     0.88    0.40    0.00    0.40   0.39  85.20
sde               0.00   814.00    0.00 2286.00     0.00 77644.00    67.93     0.84    0.37    0.00    0.37   0.36  82.40
sde               0.00   790.00    0.00 2184.00     0.00 77140.00    70.64     0.82    0.37    0.00    0.37   0.37  80.80
sde               0.00   793.00    0.00 2231.00     0.00 76012.00    68.14     0.80    0.36    0.00    0.36   0.35  78.00
sde               0.00   797.00    0.00 2209.00     0.00 77128.00    69.83     0.85    0.39    0.00    0.39   0.38  84.40
sde               0.00   810.00    0.00 2242.00     0.00 77384.00    69.03     0.80    0.36    0.00    0.36   0.36  79.60
sde               0.00   777.00    0.00 2170.00     0.00 74504.00    68.67     0.85    0.39    0.00    0.39   0.39  84.80
sde               0.00   821.00    0.00 2289.00     0.00 80268.00    70.13     0.86    0.38    0.00    0.38   0.37  84.80
sde               0.00   837.00    0.00 2345.00     0.00 80348.00    68.53     0.86    0.37    0.00    0.37   0.36  84.40
sde               0.00   783.00    0.00 2161.00     0.00 74364.00    68.82     0.84    0.39    0.00    0.39   0.39  83.20
sde               0.00   805.00    0.00 2248.00     0.00 77392.00    68.85     0.84    0.37    0.00    0.37   0.37  82.40
sde               0.00   774.00    0.00 2181.00     0.00 74636.00    68.44     0.86    0.40    0.00    0.40   0.39  85.20
sde               0.00   837.00    0.00 2289.00     0.00 78776.00    68.83     0.83    0.37    0.00    0.37   0.35  80.40
sde               0.00   799.00    0.00 2203.00     0.00 77232.00    70.12     0.84    0.38    0.00    0.38   0.38  83.20
sde               0.00   837.00    0.00 2309.00     0.00 80236.00    69.50     0.85    0.37    0.00    0.37   0.36  82.80
sde               0.00   787.00    0.00 2210.00     0.00 77324.00    69.98     0.86    0.39    0.00    0.39   0.38  84.00
sde               0.00   786.00    0.00 2168.00     0.00 74524.00    68.75     0.82    0.38    0.00    0.38   0.37  80.40
sde               0.00   799.00    0.00 2233.00     0.00 77056.00    69.02     0.84    0.38    0.00    0.38   0.37  81.60
sde               0.00   772.00    0.00 2145.00     0.00 74512.00    69.48     0.88    0.41    0.00    0.41   0.40  86.40
sde               0.00   792.00    0.00 2225.00     0.00 76108.00    68.41     0.84    0.38    0.00    0.38   0.38  83.60
sde               0.00   830.00    0.00 2293.00     0.00 78748.00    68.69     0.83    0.36    0.00    0.36   0.35  79.60
sde               0.00   798.00    0.00 2213.00     0.00 77144.00    69.72     0.84    0.38    0.00    0.38   0.38  83.20
sde               0.00   811.00    0.00 2265.00     0.00 77564.00    68.49     0.89    0.39    0.00    0.39   0.38  86.40
sde               0.00   783.00    0.00 2178.00     0.00 77220.00    70.91     0.84    0.39    0.00    0.39   0.38  82.80
sde               0.00   820.00    0.00 2264.00     0.00 78632.00    69.46     0.82    0.36    0.00    0.36   0.36  80.40
sde               0.00   822.00    0.00 2299.00     0.00 78736.00    68.50     0.87    0.38    0.00    0.38   0.36  83.20
sde               0.00   787.00    0.00 2235.00     0.00 76124.00    68.12     0.86    0.39    0.00    0.39   0.37  83.60
sde               0.00   813.00    0.00 2301.00     0.00 78972.00    68.64     0.84    0.37    0.00    0.37   0.36  82.00
sde               0.00   803.00    0.00 2223.00     0.00 75884.00    68.27     0.89    0.40    0.00    0.40   0.39  85.60
sde               0.00   819.00    0.00 2268.00     0.00 78632.00    69.34     0.84    0.37    0.00    0.37   0.36  82.40
sde               0.00   807.00    0.00 2254.00     0.00 80080.00    71.06     0.82    0.37    0.00    0.37   0.35  80.00
sde               0.00   787.00    0.00 2204.00     0.00 75892.00    68.87     0.86    0.39    0.00    0.39   0.38  83.20
sde               0.00   805.00    0.00 2240.00     0.00 77364.00    69.08     0.83    0.37    0.00    0.37   0.36  81.20
sde               0.00   802.00    0.00 2227.00     0.00 75892.00    68.16     0.82    0.37    0.00    0.37   0.36  80.80
sde               0.00   785.00    0.00 2225.00     0.00 77336.00    69.52     0.90    0.41    0.00    0.41   0.39  86.00
sde               0.00   820.00    0.00 2262.00     0.00 78752.00    69.63     0.87    0.39    0.00    0.39   0.37  84.40
sde               0.00   795.00    0.00 2210.00     0.00 75832.00    68.63     0.88    0.40    0.00    0.40   0.39  87.20
sde               0.00   827.00    0.00 2291.00     0.00 80156.00    69.97     0.88    0.38    0.00    0.38   0.38  87.20
sde               0.00   798.00    0.00 2247.00     0.00 77472.00    68.96     0.86    0.38    0.00    0.38   0.38  84.80
sde               0.00   836.00    0.00 2304.00     0.00 80104.00    69.53     0.86    0.37    0.00    0.37   0.37  84.40
sde               0.00   807.00    0.00 2232.00     0.00 77344.00    69.30     0.87    0.39    0.00    0.39   0.38  85.20
sde               0.00   805.00    0.00 2251.00     0.00 78680.00    69.91     0.81    0.36    0.00    0.36   0.36  80.00
sde               0.00   812.00    0.00 2233.00     0.00 76212.00    68.26     0.87    0.39    0.00    0.39   0.38  84.40
sde               0.00   825.00    0.00 2287.00     0.00 78708.00    68.83     0.86    0.37    0.00    0.37   0.37  84.00
sde               0.00   788.00    0.00 2187.00     0.00 75860.00    69.37     0.81    0.37    0.00    0.37   0.36  78.80
sde               0.00   823.00    0.00 2302.00     0.00 78888.00    68.54     0.80    0.35    0.00    0.35   0.34  78.40
sde               0.00   767.00    0.00 2186.00     0.00 75880.00    69.42     0.87    0.40    0.00    0.40   0.38  82.40
sde               0.00   766.00    0.00 2354.00     0.00 77316.00    65.69     1.03    0.44    0.00    0.44   0.34  80.80
sde               0.00   732.00    0.00 2286.00     0.00 75836.00    66.35     1.05    0.46    0.00    0.46   0.36  83.20
sde               0.00   756.00    0.00 2344.00     0.00 78640.00    67.10     1.04    0.45    0.00    0.45   0.35  81.20
sde               0.00   719.00    0.00 2256.00     0.00 74412.00    65.97     1.02    0.45    0.00    0.45   0.36  80.80
sde               0.00   749.00    0.00 2320.00     0.00 77256.00    66.60     1.05    0.45    0.00    0.45   0.34  79.60
sde               0.00   734.00    0.00 2286.00     0.00 75816.00    66.33     1.08    0.47    0.00    0.47   0.36  82.00
sde               0.00   753.00    0.00 2338.00     0.00 77320.00    66.14     1.08    0.46    0.00    0.46   0.35  82.00
sde               0.00   794.00    0.00 2303.00     0.00 78664.00    68.31     1.02    0.44    0.00    0.44   0.37  84.40
sde               0.00   763.00    0.00 2240.00     0.00 75828.00    67.70     0.97    0.43    0.00    0.43   0.37  82.00
sde               0.00   803.00    0.00 2339.00     0.00 78732.00    67.32     0.96    0.41    0.00    0.41   0.35  82.00
sde               0.00   757.00    0.00 2253.00     0.00 74708.00    66.32     0.96    0.43    0.00    0.43   0.37  84.40
sde               0.00   779.00    0.00 2265.00     0.00 77220.00    68.19     0.99    0.44    0.00    0.44   0.36  81.60
sde               0.00   748.00    0.00 2189.00     0.00 74112.00    67.71     1.00    0.45    0.00    0.45   0.39  85.20
sde               0.00   769.00    0.00 2218.00     0.00 74628.00    67.29     0.99    0.45    0.00    0.45   0.38  84.40
sde               0.00   739.00    0.00 2193.00     0.00 74444.00    67.89     0.92    0.42    0.00    0.42   0.37  80.40
sde               0.00   781.00    0.00 2276.00     0.00 77264.00    67.89     0.96    0.42    0.00    0.42   0.37  83.20
sde               0.00   776.00    0.00 2253.00     0.00 75924.00    67.40     1.03    0.46    0.00    0.46   0.39  86.80
sde               0.00   796.00    0.00 2322.00     0.00 78664.00    67.76     0.95    0.41    0.00    0.41   0.35  82.00
sde               0.00   786.00    0.00 2294.00     0.00 77592.00    67.65     0.97    0.42    0.00    0.42   0.36  82.00
sde               0.00   784.00    0.00 2305.00     0.00 78532.00    68.14     0.94    0.41    0.00    0.41   0.35  81.20
sde               0.00   790.00    0.00 2326.00     0.00 77488.00    66.63     0.98    0.42    0.00    0.42   0.36  84.00
sde               0.00   803.00    0.00 2309.00     0.00 78608.00    68.09     0.96    0.42    0.00    0.42   0.36  83.60
sde               0.00   758.00    0.00 2250.00     0.00 75964.00    67.52     0.94    0.42    0.00    0.42   0.35  79.20
sde               0.00   804.00    0.00 2331.00     0.00 78684.00    67.51     0.98    0.42    0.00    0.42   0.35  82.40
sde               0.00   749.00    0.00 2239.00     0.00 74656.00    66.69     0.96    0.43    0.00    0.43   0.36  81.60
sde               0.00   802.00    0.00 2331.00     0.00 78704.00    67.53     1.02    0.44    0.00    0.44   0.36  84.80
sde               0.00   782.00    0.00 2306.00     0.00 77516.00    67.23     1.02    0.44    0.00    0.44   0.38  86.80
sde               0.00   801.00    0.00 2336.00     0.00 78684.00    67.37     0.97    0.42    0.00    0.42   0.35  81.60
sde               0.00   768.00    0.00 2236.00     0.00 75844.00    67.84     0.91    0.41    0.00    0.41   0.36  81.20
sde               0.00   810.00    0.00 2338.00     0.00 78816.00    67.42     0.97    0.41    0.00    0.41   0.36  83.20
sde               0.00   777.00    0.00 2254.00     0.00 76032.00    67.46     0.98    0.43    0.00    0.43   0.38  85.60
sde               0.00   815.00    0.00 2309.00     0.00 78616.00    68.10     0.96    0.41    0.00    0.41   0.36  82.80
sde               0.00   812.00    0.00 2319.00     0.00 80060.00    69.05     1.00    0.43    0.00    0.43   0.37  86.00
sde               0.00   786.00    0.00 2305.00     0.00 77380.00    67.14     0.92    0.40    0.00    0.40   0.35  80.00
sde               0.00   771.00    0.00 2237.00     0.00 75868.00    67.83     0.92    0.41    0.00    0.41   0.35  78.40
sde               0.00   789.00    0.00 2296.00     0.00 77360.00    67.39     0.98    0.43    0.00    0.43   0.36  82.00
sde               0.00   755.00    0.00 2201.00     0.00 74420.00    67.62     0.94    0.43    0.00    0.43   0.37  80.80
sde               0.00   794.00    0.00 2319.00     0.00 77484.00    66.83     0.95    0.41    0.00    0.41   0.36  82.40
sde               0.00   751.00    0.00 2200.00     0.00 75796.00    68.91     0.98    0.44    0.00    0.44   0.38  82.80
sde               0.00   805.00    0.00 2248.00     0.00 77236.00    68.72     0.86    0.39    0.00    0.39   0.36  80.80
sde               0.00   790.00    0.00 2199.00     0.00 75904.00    69.04     0.83    0.38    0.00    0.38   0.37  82.40
sde               0.00   796.00    0.00 2205.00     0.00 77492.00    70.29     0.80    0.37    0.00    0.37   0.36  79.20
sde               0.00   802.00    0.00 2248.00     0.00 78392.00    69.74     0.84    0.37    0.00    0.37   0.36  81.20
sde               0.00   786.00    0.00 2177.00     0.00 74540.00    68.48     0.85    0.39    0.00    0.39   0.38  82.40
sde               0.00   814.00    0.00 2262.00     0.00 78720.00    69.60     0.82    0.36    0.00    0.36   0.35  79.60
sde               0.00   773.00    0.00 2174.00     0.00 74452.00    68.49     0.87    0.40    0.00    0.40   0.38  83.60
sde               0.00   805.00    0.00 2242.00     0.00 77244.00    68.91     0.80    0.36    0.00    0.36   0.36  80.00
sde               0.00   777.00    0.00 2156.00     0.00 74580.00    69.18     0.83    0.39    0.00    0.39   0.38  82.00
sde               0.00   813.00    0.00 2259.00     0.00 77328.00    68.46     0.84    0.37    0.00    0.37   0.36  82.40
sde               0.00   764.00    0.00 2147.00     0.00 74480.00    69.38     0.83    0.39    0.00    0.39   0.38  81.60
sde               0.00   814.00    0.00 2268.00     0.00 78876.00    69.56     0.82    0.36    0.00    0.36   0.35  79.60
sde               0.00   787.00    0.00 2181.00     0.00 75692.00    69.41     0.82    0.38    0.00    0.38   0.37  80.40
sde               0.00   821.00    0.00 2273.00     0.00 78684.00    69.23     0.82    0.36    0.00    0.36   0.36  81.60
sde               0.00   786.00    0.00 2226.00     0.00 76080.00    68.36     0.84    0.38    0.00    0.38   0.37  82.00
sde               0.00   831.00    0.00 2301.00     0.00 78784.00    68.48     0.86    0.37    0.00    0.37   0.37  84.40
sde               0.00   803.00    0.00 2195.00     0.00 76072.00    69.31     0.83    0.38    0.00    0.38   0.37  80.80
sde               0.00   812.00    0.00 2239.00     0.00 77260.00    69.01     0.83    0.37    0.00    0.37   0.36  81.20
sde               0.00   808.00    0.00 2269.00     0.00 78868.00    69.52     0.86    0.38    0.00    0.38   0.37  83.20
sde               0.00   795.00    0.00 2189.00     0.00 75768.00    69.23     0.84    0.38    0.00    0.38   0.38  82.80
sde               0.00   810.00    0.00 2262.00     0.00 76288.00    67.45     0.81    0.36    0.00    0.36   0.35  79.60
sde               0.00   794.00    0.00 2198.00     0.00 75796.00    68.97     0.85    0.39    0.00    0.39   0.38  83.60
sde               0.00   811.00    0.00 2298.00     0.00 78928.00    68.69     0.88    0.38    0.00    0.38   0.37  84.40
sde               0.00   836.00    0.00 2328.00     0.00 80176.00    68.88     0.87    0.37    0.00    0.37   0.36  84.40
sde               0.00   820.00    0.00 2238.00     0.00 77432.00    69.20     0.82    0.36    0.00    0.36   0.36  81.60
sde               0.00   777.00    0.00 2169.00     0.00 75748.00    69.85     0.83    0.38    0.00    0.38   0.38  82.00
sde               0.00   770.00    0.00 2177.00     0.00 74600.00    68.53     0.85    0.39    0.00    0.39   0.38  82.40
sde               0.00   810.00    0.00 2257.00     0.00 78716.00    69.75     0.84    0.37    0.00    0.37   0.37  82.40
sde               0.00   828.00    0.00 2244.00     0.00 78476.00    69.94     0.87    0.39    0.00    0.39   0.38  85.20
sde               0.00   797.00    0.00 2239.00     0.00 77456.00    69.19     0.80    0.36    0.00    0.36   0.35  78.80
sde               0.00   777.00    0.00 2191.00     0.00 74668.00    68.16     0.82    0.38    0.00    0.38   0.37  81.60
sde               0.00   805.00    0.00 2240.00     0.00 77364.00    69.08     0.84    0.38    0.00    0.38   0.37  82.80
sde               0.00   819.00    0.00 2263.00     0.00 77224.00    68.25     0.82    0.36    0.00    0.36   0.36  81.60
sde               0.00   765.00    0.00 2161.00     0.00 74524.00    68.97     0.77    0.36    0.00    0.36   0.35  75.20
sde               0.00   811.00    0.00 2269.00     0.00 79976.00    70.49     0.88    0.39    0.00    0.39   0.38  85.20
sde               0.00   778.00    0.00 2169.00     0.00 75904.00    69.99     0.84    0.39    0.00    0.39   0.38  83.20
sde               0.00   827.00    0.00 2265.00     0.00 77260.00    68.22     0.83    0.37    0.00    0.37   0.36  82.00
sde               0.00   764.00    0.00 2146.00     0.00 74624.00    69.55     0.82    0.38    0.00    0.38   0.37  80.40
sde               0.00   801.00    0.00 2238.00     0.00 77336.00    69.11     0.82    0.36    0.00    0.36   0.36  80.00
sde               0.00   774.00    0.00 2172.00     0.00 74364.00    68.48     0.85    0.39    0.00    0.39   0.38  82.80
sde               0.00   817.00    0.00 2261.00     0.00 77332.00    68.41     0.84    0.38    0.00    0.38   0.36  82.00
sde               0.00   769.00    0.00 2165.00     0.00 74592.00    68.91     0.81    0.37    0.00    0.37   0.37  80.40
sde               0.00   811.00    0.00 2244.00     0.00 78672.00    70.12     0.85    0.38    0.00    0.38   0.37  83.20
sde               0.00   768.00    0.00 2163.00     0.00 73176.00    67.66     0.84    0.39    0.00    0.39   0.38  83.20
sde               0.00   820.00    0.00 2257.00     0.00 78588.00    69.64     0.84    0.37    0.00    0.37   0.37  82.40
sde               0.00   759.00    0.00 2146.00     0.00 73196.00    68.22     0.81    0.38    0.00    0.38   0.37  79.60
sde               0.00   816.00    0.00 2223.00     0.00 77368.00    69.61     0.80    0.36    0.00    0.36   0.36  79.60
sde               0.00   798.00    0.00 2212.00     0.00 77252.00    69.85     0.89    0.40    0.00    0.40   0.39  86.80
sde               0.00   800.00    0.00 2211.00     0.00 77108.00    69.75     0.82    0.37    0.00    0.37   0.36  80.00
sde               0.00   794.00    0.00 2236.00     0.00 77432.00    69.26     0.82    0.37    0.00    0.37   0.36  80.40
sde               0.00   784.00    0.00 2198.00     0.00 75868.00    69.03     0.84    0.38    0.00    0.38   0.37  81.60
sde               0.00   812.00    0.00 2262.00     0.00 77464.00    68.49     0.80    0.35    0.00    0.35   0.35  79.20
sde               0.00   793.00    0.00 2159.00     0.00 76956.00    71.29     0.84    0.39    0.00    0.39   0.39  83.20
sde               0.00   794.00    0.00 2233.00     0.00 76148.00    68.20     0.84    0.37    0.00    0.37   0.37  82.00
sde               0.00   792.00    0.00 2203.00     0.00 75904.00    68.91     0.84    0.38    0.00    0.38   0.37  82.40
sde               0.00   820.00    0.00 2268.00     0.00 78796.00    69.49     0.88    0.39    0.00    0.39   0.38  86.40
sde               0.00   798.00    0.00 2180.00     0.00 77020.00    70.66     0.84    0.38    0.00    0.38   0.38  82.00
sde               0.00   798.00    0.00 2262.00     0.00 77524.00    68.54     0.87    0.39    0.00    0.39   0.37  84.00
sde               0.00   815.00    0.00 2266.00     0.00 78748.00    69.50     0.83    0.37    0.00    0.37   0.36  81.60
sde               0.00   796.00    0.00 2175.00     0.00 75860.00    69.76     0.85    0.39    0.00    0.39   0.38  83.60
sde               0.00   812.00    0.00 2269.00     0.00 78620.00    69.30     0.85    0.38    0.00    0.38   0.37  83.20
sde               0.00   793.00    0.00 2216.00     0.00 77352.00    69.81     0.86    0.39    0.00    0.39   0.38  84.40
sde               0.00   805.00    0.00 2277.00     0.00 78728.00    69.15     0.82    0.36    0.00    0.36   0.35  78.80
sde               0.00   805.00    0.00 2187.00     0.00 75692.00    69.22     0.84    0.39    0.00    0.39   0.38  83.60
sde               0.00   812.00    0.00 2313.00     0.00 78992.00    68.30     0.87    0.38    0.00    0.38   0.36  83.60
sde               0.00   796.00    0.00 2225.00     0.00 77412.00    69.58     0.86    0.39    0.00    0.39   0.38  85.60
sde               0.00   838.00    0.00 2302.00     0.00 80240.00    69.71     0.81    0.35    0.00    0.35   0.35  79.60
sde               0.00   795.00    0.00 2198.00     0.00 75760.00    68.94     0.86    0.39    0.00    0.39   0.38  84.40
sde               0.00   797.00    0.00 2240.00     0.00 77340.00    69.05     0.82    0.37    0.00    0.37   0.37  82.40
sde               0.00   772.00    0.00 2172.00     0.00 74704.00    68.79     0.84    0.39    0.00    0.39   0.38  82.40
sde               0.00   823.00    0.00 2286.00     0.00 78564.00    68.73     0.88    0.38    0.00    0.38   0.36  83.20
sde               0.00   784.00    0.00 2171.00     0.00 74392.00    68.53     0.88    0.40    0.00    0.40   0.40  86.00
sde               0.00   825.00    0.00 2340.00     0.00 80388.00    68.71     0.92    0.39    0.00    0.39   0.38  88.40
sde               0.00   795.00    0.00 2239.00     0.00 77432.00    69.17     0.87    0.39    0.00    0.39   0.38  84.00
sde               0.00   835.00    0.00 2298.00     0.00 80088.00    69.70     0.83    0.36    0.00    0.36   0.36  82.00
sde               0.00   795.00    0.00 2202.00     0.00 75812.00    68.86     0.80    0.36    0.00    0.36   0.36  78.40
sde               0.00   828.00    0.00 2308.00     0.00 79040.00    68.49     0.88    0.38    0.00    0.38   0.37  85.20
