sde               0.00     0.33    0.00    0.69     0.00    86.55   249.57     0.01    9.37    1.91    9.37   0.50   0.03
sde               0.00     1.00    0.00    4.00     0.00    20.00    10.00     0.00    0.00    0.00    0.00   0.00   0.00
sde               0.00   957.00    0.00 1635.00     0.00 38204.00    46.73     0.50    0.31    0.00    0.31   0.30  49.60
sde               0.00  1607.00    0.00 2759.00     0.00 64624.00    46.85     0.88    0.32    0.00    0.32   0.32  88.40
sde               0.00  1522.00    0.00 2649.00     0.00 62044.00    46.84     0.82    0.31    0.00    0.31   0.31  82.00
sde               0.00  1571.00    0.00 2727.00     0.00 63748.00    46.75     0.82    0.30    0.00    0.30   0.30  82.00
sde               0.00  1502.00    0.00 2607.00     0.00 61080.00    46.86     0.83    0.32    0.00    0.32   0.32  82.40
sde               0.00  1542.00    0.00 2674.00     0.00 62464.00    46.72     0.83    0.31    0.00    0.31   0.31  83.20
sde               0.00  1560.00    0.00 2716.00     0.00 63668.00    46.88     0.85    0.31    0.00    0.31   0.31  85.20
sde               0.00  1509.00    0.00 2617.00     0.00 61140.00    46.73     0.81    0.31    0.00    0.31   0.31  81.20
sde               0.00  1554.00    0.00 2705.00     0.00 63104.00    46.66     0.85    0.31    0.00    0.31   0.31  85.20
sde               0.00  1515.00    0.00 2629.00     0.00 61452.00    46.75     0.84    0.32    0.00    0.32   0.32  84.40
sde               0.00  1554.00    0.00 2708.00     0.00 63364.00    46.80     0.84    0.31    0.00    0.31   0.31  83.60
sde               0.00  1890.00    0.00 2696.00     0.00 64420.00    47.79     0.83    0.31    0.00    0.31   0.31  82.80
sde               0.00  1867.00    0.00 2602.00     0.00 62144.00    47.77     0.83    0.32    0.00    0.32   0.32  83.20
sde               0.00  1920.00    0.00 2672.00     0.00 64092.00    47.97     0.82    0.31    0.00    0.31   0.31  82.00
sde               0.00  1852.00    0.00 2585.00     0.00 61908.00    47.90     0.81    0.31    0.00    0.31   0.31  80.80
sde               0.00  1932.00    0.00 2696.00     0.00 64460.00    47.82     0.82    0.31    0.00    0.31   0.31  82.40
sde               0.00  1965.00    0.00 2731.00     0.00 65460.00    47.94     0.86    0.32    0.00    0.32   0.32  86.40
sde               0.00  1888.00    0.00 2635.00     0.00 63088.00    47.88     0.82    0.31    0.00    0.31   0.31  82.00
sde               0.00  1937.00    0.00 2704.00     0.00 64760.00    47.90     0.82    0.30    0.00    0.30   0.30  82.00
sde               0.00  1920.00    0.00 2672.00     0.00 63944.00    47.86     0.82    0.31    0.00    0.31   0.31  81.60
sde               0.00  1879.00    0.00 2616.00     0.00 62636.00    47.89     0.82    0.31    0.00    0.31   0.31  82.00
sde               0.00  1940.00    0.00 2699.00     0.00 64640.00    47.90     0.86    0.32    0.00    0.32   0.32  86.40
sde               0.00  1928.00    0.00 2695.00     0.00 64568.00    47.92     0.86    0.32    0.00    0.32   0.32  86.00
sde               0.00  1963.00    0.00 2732.00     0.00 65460.00    47.92     0.86    0.31    0.00    0.31   0.31  86.00
sde               0.00  1873.00    0.00 2613.00     0.00 62460.00    47.81     0.84    0.32    0.00    0.32   0.32  84.40
sde               0.00  1933.00    0.00 2686.00     0.00 64444.00    47.99     0.86    0.32    0.00    0.32   0.32  86.00
sde               0.00  1864.00    0.00 2605.00     0.00 62388.00    47.90     0.82    0.31    0.00    0.31   0.31  81.60
sde               0.00  1919.00    0.00 2670.00     0.00 63956.00    47.91     0.81    0.30    0.00    0.30   0.30  81.20
sde               0.00  1928.00    0.00 2686.00     0.00 64272.00    47.86     0.82    0.30    0.00    0.30   0.31  82.00
sde               0.00  1884.00    0.00 2630.00     0.00 63080.00    47.97     0.83    0.32    0.00    0.32   0.32  83.20
sde               0.00  1945.00    0.00 2708.00     0.00 64688.00    47.78     0.87    0.32    0.00    0.32   0.32  86.80
sde               0.00  1933.00    0.00 2690.00     0.00 64452.00    47.92     0.85    0.32    0.00    0.32   0.32  85.20
sde               0.00  1878.00    0.00 2611.00     0.00 62604.00    47.95     0.82    0.32    0.00    0.32   0.32  82.40
sde               0.00  1942.00    0.00 2707.00     0.00 65040.00    48.05     0.86    0.32    0.00    0.32   0.32  85.60
sde               0.00  1869.00    0.00 2600.00     0.00 62276.00    47.90     0.82    0.32    0.00    0.32   0.32  82.40
sde               0.00  1927.00    0.00 2685.00     0.00 64288.00    47.89     0.84    0.31    0.00    0.31   0.31  83.60
sde               0.00  1924.00    0.00 2675.00     0.00 64116.00    47.94     0.87    0.33    0.00    0.33   0.33  87.20
sde               0.00  1874.00    0.00 2619.00     0.00 62728.00    47.90     0.81    0.31    0.00    0.31   0.31  81.20
sde               0.00  1936.00    0.00 2698.00     0.00 64608.00    47.89     0.84    0.31    0.00    0.31   0.31  84.00
sde               0.00  1944.00    0.00 2711.00     0.00 64820.00    47.82     0.83    0.31    0.00    0.31   0.31  83.20
sde               0.00  1890.00    0.00 2629.00     0.00 63076.00    47.98     0.86    0.33    0.00    0.33   0.33  85.60
sde               0.00  1937.00    0.00 2700.00     0.00 64732.00    47.95     0.85    0.31    0.00    0.31   0.31  84.80
sde               0.00  1947.00    0.00 2714.00     0.00 64976.00    47.88     0.82    0.30    0.00    0.30   0.30  82.40
sde               0.00  1875.00    0.00 2614.00     0.00 62472.00    47.80     0.84    0.32    0.00    0.32   0.32  84.40
sde               0.00  1936.00    0.00 2694.00     0.00 64604.00    47.96     0.78    0.29    0.00    0.29   0.29  77.60
sde               0.00  1938.00    0.00 2709.00     0.00 64904.00    47.92     0.84    0.31    0.00    0.31   0.31  83.60
sde               0.00  1871.00    0.00 2605.00     0.00 62424.00    47.93     0.85    0.33    0.00    0.33   0.32  84.40
sde               0.00  1930.00    0.00 2688.00     0.00 64304.00    47.85     0.82    0.31    0.00    0.31   0.31  82.00
sde               0.00  1918.00    0.00 2672.00     0.00 63960.00    47.87     0.83    0.31    0.00    0.31   0.31  83.20
sde               0.00  1889.00    0.00 2638.00     0.00 63224.00    47.93     0.84    0.32    0.00    0.32   0.32  83.60
sde               0.00  1915.00    0.00 2669.00     0.00 63804.00    47.81     0.83    0.31    0.00    0.31   0.31  83.20
sde               0.00  1873.00    0.00 2602.00     0.00 62424.00    47.98     0.83    0.32    0.00    0.32   0.32  82.40
sde               0.00  1905.00    0.00 2651.00     0.00 63464.00    47.88     0.84    0.32    0.00    0.32   0.32  84.00
sde               0.00  1867.00    0.00 2607.00     0.00 62532.00    47.97     0.85    0.33    0.00    0.33   0.33  85.20
sde               0.00  1868.00    0.00 2602.00     0.00 62288.00    47.88     0.83    0.32    0.00    0.32   0.32  83.20
sde               0.00  1867.00    0.00 2603.00     0.00 62272.00    47.85     0.83    0.32    0.00    0.32   0.32  82.80
sde               0.00  1899.00    0.00 2651.00     0.00 63556.00    47.95     0.83    0.31    0.00    0.31   0.31  83.20
sde               0.00  1868.00    0.00 2605.00     0.00 62280.00    47.82     0.80    0.31    0.00    0.31   0.31  80.40
sde               0.00  1870.00    0.00 2600.00     0.00 62260.00    47.89     0.85    0.33    0.00    0.33   0.33  85.20
sde               0.00  1930.00    0.00 2686.00     0.00 64320.00    47.89     0.81    0.30    0.00    0.30   0.30  80.80
sde               0.00  1854.00    0.00 2595.00     0.00 61952.00    47.75     0.83    0.32    0.00    0.32   0.32  82.80
sde               0.00  1876.00    0.00 2610.00     0.00 62584.00    47.96     0.82    0.31    0.00    0.31   0.31  81.60
sde               0.00  1917.00    0.00 2669.00     0.00 63948.00    47.92     0.84    0.32    0.00    0.32   0.32  84.40
sde               0.00  1859.00    0.00 2585.00     0.00 61940.00    47.92     0.82    0.32    0.00    0.32   0.32  81.60
sde               0.00  1921.00    0.00 2680.00     0.00 64372.00    48.04     0.86    0.32    0.00    0.32   0.32  86.40
sde               0.00  1886.00    0.00 2623.00     0.00 62796.00    47.88     0.82    0.31    0.00    0.31   0.31  82.00
sde               0.00  1936.00    0.00 2692.00     0.00 64596.00    47.99     0.82    0.30    0.00    0.30   0.30  81.60
sde               0.00  1929.00    0.00 2691.00     0.00 64432.00    47.89     0.86    0.32    0.00    0.32   0.32  85.60
sde               0.00  1862.00    0.00 2596.00     0.00 62104.00    47.85     0.82    0.32    0.00    0.32   0.32  82.40
sde               0.00  1868.00    0.00 2601.00     0.00 62276.00    47.89     0.84    0.33    0.00    0.33   0.32  84.40
sde               0.00  1918.00    0.00 2665.00     0.00 63936.00    47.98     0.84    0.31    0.00    0.31   0.31  83.60
sde               0.00  1857.00    0.00 2593.00     0.00 62204.00    47.98     0.85    0.33    0.00    0.33   0.33  85.20
sde               0.00  1857.00    0.00 2591.00     0.00 61940.00    47.81     0.83    0.32    0.00    0.32   0.32  82.40
sde               0.00  1917.82    0.00 2667.33     0.00 63849.50    47.88     0.78    0.29    0.00    0.29   0.29  78.42
sde               0.00  1872.00    0.00 2611.00     0.00 62440.00    47.83     0.83    0.32    0.00    0.32   0.32  82.40
sde               0.00  1942.00    0.00 2708.00     0.00 64920.00    47.95     0.85    0.31    0.00    0.31   0.31  84.80
sde               0.00  1942.00    0.00 2706.00     0.00 64788.00    47.88     0.85    0.31    0.00    0.31   0.31  84.80
sde               0.00  1893.00    0.00 2638.00     0.00 63120.00    47.85     0.84    0.32    0.00    0.32   0.32  84.40
sde               0.00  1938.00    0.00 2690.00     0.00 64580.00    48.01     0.83    0.31    0.00    0.31   0.31  83.20
sde               0.00  1883.00    0.00 2631.00     0.00 63072.00    47.95     0.82    0.31    0.00    0.31   0.31  82.40
sde               0.00  1924.00    0.00 2685.00     0.00 64148.00    47.78     0.81    0.30    0.00    0.30   0.30  81.20
sde               0.00  1927.00    0.00 2690.00     0.00 64300.00    47.81     0.83    0.31    0.00    0.31   0.31  83.20
sde               0.00  1883.00    0.00 2623.00     0.00 62780.00    47.87     0.86    0.32    0.00    0.32   0.33  85.60
sde               0.00  1939.00    0.00 2707.00     0.00 64904.00    47.95     0.83    0.31    0.00    0.31   0.31  82.80
sde               0.00  1883.00    0.00 2617.00     0.00 62764.00    47.97     0.83    0.32    0.00    0.32   0.32  83.20
sde               0.00  1940.00    0.00 2704.00     0.00 64644.00    47.81     0.82    0.30    0.00    0.30   0.30  81.60
sde               0.00  1926.00    0.00 2681.00     0.00 64140.00    47.85     0.83    0.31    0.00    0.31   0.31  82.40
sde               0.00  1954.00    0.00 2724.00     0.00 65396.00    48.01     0.84    0.31    0.00    0.31   0.31  83.20
sde               0.00  1880.00    0.00 2620.00     0.00 62632.00    47.81     0.81    0.31    0.00    0.31   0.31  80.80
sde               0.00  1942.00    0.00 2703.00     0.00 64780.00    47.93     0.80    0.30    0.00    0.30   0.30  80.40
sde               0.00  1938.00    0.00 2701.00     0.00 64516.00    47.77     0.84    0.31    0.00    0.31   0.31  84.00
sde               0.00  1952.00    0.00 2718.00     0.00 65244.00    48.01     0.83    0.30    0.00    0.30   0.30  82.80
sde               0.00  1871.00    0.00 2606.00     0.00 62428.00    47.91     0.84    0.32    0.00    0.32   0.32  84.00
sde               0.00  1929.00    0.00 2683.00     0.00 64420.00    48.02     0.85    0.32    0.00    0.32   0.32  84.80
sde               0.00  1868.00    0.00 2603.00     0.00 62408.00    47.95     0.86    0.33    0.00    0.33   0.33  86.00
sde               0.00  1936.00    0.00 2693.00     0.00 64460.00    47.87     0.85    0.31    0.00    0.31   0.31  84.80
sde               0.00  1918.00    0.00 2667.00     0.00 63936.00    47.95     0.84    0.32    0.00    0.32   0.31  83.60
sde               0.00  1885.00    0.00 2620.00     0.00 62780.00    47.92     0.84    0.32    0.00    0.32   0.32  83.60
sde               0.00  1940.00    0.00 2712.00     0.00 64924.00    47.88     0.86    0.32    0.00    0.32   0.31  85.20
sde               0.00  1949.00    0.00 2712.00     0.00 64956.00    47.90     0.86    0.32    0.00    0.32   0.32  85.60
sde               0.00  1879.00    0.00 2618.00     0.00 62616.00    47.83     0.84    0.32    0.00    0.32   0.32  84.00
sde               0.00  1940.00    0.00 2705.00     0.00 64780.00    47.90     0.82    0.30    0.00    0.30   0.30  81.60
sde               0.00  1952.00    0.00 2719.00     0.00 65244.00    47.99     0.81    0.30    0.00    0.30   0.30  81.20
sde               0.00  1877.00    0.00 2621.00     0.00 62628.00    47.79     0.83    0.32    0.00    0.32   0.32  83.20
sde               0.00  1942.00    0.00 2706.00     0.00 64772.00    47.87     0.79    0.29    0.00    0.29   0.29  79.20
sde               0.00  1881.00    0.00 2620.00     0.00 62780.00    47.92     0.82    0.31    0.00    0.31   0.31  82.40
sde               0.00  1936.00    0.00 2703.00     0.00 64764.00    47.92     0.82    0.30    0.00    0.30   0.30  82.00
sde               0.00  1941.00    0.00 2709.00     0.00 64788.00    47.83     0.86    0.31    0.00    0.31   0.31  85.20
sde               0.00  1954.00    0.00 2713.00     0.00 65100.00    47.99     0.83    0.31    0.00    0.31   0.31  82.80
sde               0.00  1867.00    0.00 2602.00     0.00 62292.00    47.88     0.86    0.33    0.00    0.33   0.33  86.00
sde               0.00  1940.00    0.00 2706.00     0.00 64912.00    47.98     0.81    0.30    0.00    0.30   0.30  80.80
sde               0.00  1941.00    0.00 2703.00     0.00 64776.00    47.93     0.85    0.31    0.00    0.31   0.31  84.80
sde               0.00  1881.00    0.00 2623.00     0.00 62644.00    47.77     0.84    0.32    0.00    0.32   0.32  83.60
sde               0.00  1938.00    0.00 2692.00     0.00 64604.00    48.00     0.86    0.32    0.00    0.32   0.32  85.60
sde               0.00  1940.00    0.00 2702.00     0.00 64880.00    48.02     0.84    0.31    0.00    0.31   0.31  84.40
sde               0.00  1864.00    0.00 2602.00     0.00 62148.00    47.77     0.84    0.33    0.00    0.33   0.32  84.40
sde               0.00  1912.00    0.00 2663.00     0.00 63780.00    47.90     0.81    0.30    0.00    0.30   0.30  80.80
sde               0.00  1892.00    0.00 2631.00     0.00 63096.00    47.96     0.86    0.33    0.00    0.33   0.33  86.00
sde               0.00  1919.00    0.00 2678.00     0.00 64236.00    47.97     0.81    0.30    0.00    0.30   0.30  80.80
sde               0.00  1933.00    0.00 2696.00     0.00 64464.00    47.82     0.81    0.30    0.00    0.30   0.30  80.80
sde               0.00  1879.00    0.00 2616.00     0.00 62496.00    47.78     0.84    0.32    0.00    0.32   0.32  82.80
sde               0.00  1919.00    0.00 2671.00     0.00 64084.00    47.99     0.84    0.31    0.00    0.31   0.31  84.00
sde               0.00  1877.00    0.00 2620.00     0.00 62744.00    47.90     0.81    0.31    0.00    0.31   0.31  80.80
sde               0.00  1938.00    0.00 2694.00     0.00 64616.00    47.97     0.82    0.30    0.00    0.30   0.30  82.00
sde               0.00  1949.00    0.00 2712.00     0.00 64960.00    47.91     0.84    0.31    0.00    0.31   0.31  84.00
sde               0.00  1884.00    0.00 2629.00     0.00 63052.00    47.97     0.84    0.32    0.00    0.32   0.32  84.00
sde               0.00  1938.00    0.00 2691.00     0.00 64604.00    48.01     0.85    0.32    0.00    0.32   0.32  84.80
sde               0.00  1936.00    0.00 2702.00     0.00 64624.00    47.83     0.84    0.31    0.00    0.31   0.31  83.60
sde               0.00  1893.00    0.00 2635.00     0.00 62984.00    47.81     0.85    0.32    0.00    0.32   0.32  84.80
sde               0.00  1927.00    0.00 2689.00     0.00 64548.00    48.01     0.84    0.31    0.00    0.31   0.31  84.00
sde               0.00  1939.00    0.00 2704.00     0.00 64644.00    47.81     0.86    0.32    0.00    0.32   0.32  85.60
sde               0.00  1946.00    0.00 2712.00     0.00 64952.00    47.90     0.83    0.31    0.00    0.31   0.31  82.80
sde               0.00  1890.00    0.00 2631.00     0.00 62964.00    47.86     0.81    0.31    0.00    0.31   0.31  81.20
sde               0.00  1938.00    0.00 2702.00     0.00 64884.00    48.03     0.84    0.31    0.00    0.31   0.31  83.60
sde               0.00  1936.00    0.00 2697.00     0.00 64488.00    47.82     0.80    0.30    0.00    0.30   0.30  80.40
sde               0.00  1884.00    0.00 2623.00     0.00 62784.00    47.87     0.87    0.33    0.00    0.33   0.33  86.80
sde               0.00  1941.00    0.00 2703.00     0.00 64772.00    47.93     0.82    0.31    0.00    0.31   0.30  82.40
sde               0.00  1937.00    0.00 2699.00     0.00 64744.00    47.98     0.79    0.29    0.00    0.29   0.29  78.40
sde               0.00  1878.00    0.00 2614.00     0.00 62604.00    47.90     0.84    0.32    0.00    0.32   0.32  83.60
sde               0.00  1936.00    0.00 2699.00     0.00 64492.00    47.79     0.82    0.31    0.00    0.31   0.31  82.40
sde               0.00  1858.00    0.00 2582.00     0.00 61924.00    47.97     0.82    0.32    0.00    0.32   0.32  81.60
sde               0.00  1935.00    0.00 2705.00     0.00 64752.00    47.88     0.86    0.32    0.00    0.32   0.32  86.00
sde               0.00  1941.00    0.00 2705.00     0.00 64776.00    47.89     0.85    0.31    0.00    0.31   0.31  84.80
sde               0.00  1877.00    0.00 2614.00     0.00 62480.00    47.80     0.83    0.32    0.00    0.32   0.32  83.20
sde               0.00  1936.00    0.00 2699.00     0.00 64616.00    47.88     0.84    0.31    0.00    0.31   0.31  83.60
sde               0.00  1934.00    0.00 2696.00     0.00 64728.00    48.02     0.82    0.30    0.00    0.30   0.30  81.60
sde               0.00  1886.00    0.00 2631.00     0.00 62940.00    47.84     0.84    0.32    0.00    0.32   0.32  84.00
sde               0.00  1929.00    0.00 2693.00     0.00 64320.00    47.77     0.84    0.31    0.00    0.31   0.31  83.60
sde               0.00  1935.00    0.00 2691.00     0.00 64460.00    47.91     0.82    0.31    0.00    0.31   0.31  82.40
sde               0.00  1878.00    0.00 2623.00     0.00 62884.00    47.95     0.85    0.33    0.00    0.33   0.32  85.20
sde               0.00  1923.00    0.00 2676.00     0.00 63996.00    47.83     0.85    0.32    0.00    0.32   0.32  85.20
sde               0.00  1957.00    0.00 2727.00     0.00 65296.00    47.89     0.82    0.30    0.00    0.30   0.30  81.60
sde               0.00  1874.00    0.00 2605.00     0.00 62436.00    47.94     0.83    0.32    0.00    0.32   0.32  82.80
sde               0.00  1919.00    0.00 2679.00     0.00 64232.00    47.95     0.83    0.31    0.00    0.31   0.31  82.80
sde               0.00  1950.00    0.00 2707.00     0.00 64948.00    47.99     0.84    0.31    0.00    0.31   0.31  83.60
sde               0.00  1874.00    0.00 2607.00     0.00 62440.00    47.90     0.83    0.32    0.00    0.32   0.32  83.20
sde               0.00  1919.00    0.00 2679.00     0.00 64240.00    47.96     0.81    0.30    0.00    0.30   0.30  81.20
sde               0.00  1953.00    0.00 2721.00     0.00 65128.00    47.87     0.85    0.31    0.00    0.31   0.31  85.20
sde               0.00  1881.00    0.00 2618.00     0.00 62756.00    47.94     0.85    0.33    0.00    0.33   0.33  85.20
sde               0.00  1931.00    0.00 2688.00     0.00 64312.00    47.85     0.83    0.31    0.00    0.31   0.31  83.20
sde               0.00  1941.00    0.00 2712.00     0.00 65036.00    47.96     0.82    0.30    0.00    0.30   0.30  81.60
sde               0.00  1869.00    0.00 2608.00     0.00 62316.00    47.79     0.83    0.32    0.00    0.32   0.32  82.80
sde               0.00  1948.00    0.00 2715.00     0.00 64964.00    47.86     0.86    0.32    0.00    0.32   0.32  85.60
sde               0.00  1912.00    0.00 2660.00     0.00 63772.00    47.95     0.82    0.31    0.00    0.31   0.31  81.60
sde               0.00  1876.00    0.00 2618.00     0.00 62732.00    47.92     0.83    0.32    0.00    0.32   0.32  82.80
sde               0.00  1921.00    0.00 2674.00     0.00 64096.00    47.94     0.83    0.31    0.00    0.31   0.31  82.80
sde               0.00  1941.00    0.00 2705.00     0.00 64652.00    47.80     0.80    0.30    0.00    0.30   0.30  80.40
sde               0.00  1939.00    0.00 2697.00     0.00 64624.00    47.92     0.83    0.31    0.00    0.31   0.31  82.80
sde               0.00  1950.00    0.00 2722.00     0.00 65232.00    47.93     0.86    0.31    0.00    0.31   0.31  85.60
sde               0.00  1883.00    0.00 2626.00     0.00 62808.00    47.84     0.84    0.32    0.00    0.32   0.32  84.40
sde               0.00  1954.00    0.00 2716.00     0.00 65120.00    47.95     0.83    0.31    0.00    0.31   0.31  83.20
sde               0.00  1924.00    0.00 2679.00     0.00 64124.00    47.87     0.83    0.31    0.00    0.31   0.31  82.80
sde               0.00  1942.00    0.00 2710.00     0.00 64924.00    47.91     0.83    0.31    0.00    0.31   0.30  82.40
sde               0.00  1892.00    0.00 2636.00     0.00 63108.00    47.88     0.85    0.32    0.00    0.32   0.32  84.80
sde               0.00  1951.00    0.00 2722.00     0.00 65000.00    47.76     0.86    0.32    0.00    0.32   0.32  86.40
sde               0.00  1949.00    0.00 2710.00     0.00 64952.00    47.94     0.82    0.30    0.00    0.30   0.30  82.00
sde               0.00  1869.00    0.00 2608.00     0.00 62532.00    47.95     0.83    0.32    0.00    0.32   0.32  83.20
sde               0.00  1943.00    0.00 2711.00     0.00 64828.00    47.83     0.86    0.32    0.00    0.32   0.32  85.60
sde               0.00  1938.00    0.00 2698.00     0.00 64628.00    47.91     0.82    0.31    0.00    0.31   0.31  82.40
sde               0.00  1884.00    0.00 2625.00     0.00 62784.00    47.84     0.82    0.31    0.00    0.31   0.31  81.60
sde               0.00  1959.00    0.00 2739.00     0.00 65476.00    47.81     0.82    0.30    0.00    0.30   0.30  82.00
sde               0.00  1956.00    0.00 2719.00     0.00 65264.00    48.01     0.80    0.29    0.00    0.29   0.29  79.60
sde               0.00  1898.00    0.00 2642.00     0.00 63280.00    47.90     0.84    0.32    0.00    0.32   0.32  83.60
sde               0.00  1950.00    0.00 2716.00     0.00 64976.00    47.85     0.80    0.30    0.00    0.30   0.30  80.40
sde               0.00  1950.00    0.00 2717.00     0.00 65236.00    48.02     0.80    0.29    0.00    0.29   0.29  79.20
sde               0.00  1952.00    0.00 2719.00     0.00 65120.00    47.90     0.83    0.31    0.00    0.31   0.31  83.20
sde               0.00  1885.00    0.00 2622.00     0.00 62784.00    47.89     0.83    0.32    0.00    0.32   0.32  82.80
sde               0.00  1948.00    0.00 2715.00     0.00 64964.00    47.86     0.85    0.31    0.00    0.31   0.31  85.20
sde               0.00  1880.00    0.00 2623.00     0.00 62896.00    47.96     0.85    0.32    0.00    0.32   0.32  84.80
sde               0.00  1941.00    0.00 2703.00     0.00 64772.00    47.93     0.84    0.31    0.00    0.31   0.31  83.60
sde               0.00  1902.00    0.00 2656.00     0.00 63468.00    47.79     0.84    0.32    0.00    0.32   0.32  84.40
sde               0.00  1948.00    0.00 2710.00     0.00 64952.00    47.94     0.81    0.30    0.00    0.30   0.30  80.40
sde               0.00  1950.00    0.00 2721.00     0.00 65248.00    47.96     0.80    0.30    0.00    0.30   0.29  80.00
sde               0.00  1947.00    0.00 2718.00     0.00 64968.00    47.81     0.81    0.30    0.00    0.30   0.30  81.20
sde               0.00  1898.00    0.00 2640.00     0.00 63272.00    47.93     0.82    0.31    0.00    0.31   0.31  82.40
sde               0.00  1960.00    0.00 2729.00     0.00 65304.00    47.86     0.84    0.31    0.00    0.31   0.31  83.60
sde               0.00  1919.00    0.00 2681.00     0.00 64236.00    47.92     0.83    0.31    0.00    0.31   0.31  82.80
sde               0.00  1891.00    0.00 2628.00     0.00 62960.00    47.91     0.84    0.32    0.00    0.32   0.32  84.40
sde               0.00  1944.00    0.00 2712.00     0.00 64944.00    47.89     0.84    0.31    0.00    0.31   0.31  84.40
sde               0.00  1941.00    0.00 2700.00     0.00 64640.00    47.88     0.83    0.31    0.00    0.31   0.31  83.20
sde               0.00  1943.00    0.00 2716.00     0.00 65072.00    47.92     0.83    0.31    0.00    0.31   0.31  83.20
sde               0.00  1954.00    0.00 2721.00     0.00 65132.00    47.87     0.85    0.31    0.00    0.31   0.31  84.40
sde               0.00  1954.00    0.00 2721.00     0.00 65136.00    47.88     0.84    0.31    0.00    0.31   0.31  83.60
sde               0.00  1869.00    0.00 2606.00     0.00 62292.00    47.81     0.82    0.32    0.00    0.32   0.31  82.00
sde               0.00  1937.00    0.00 2703.00     0.00 64880.00    48.01     0.86    0.32    0.00    0.32   0.32  85.60
sde               0.00  1956.00    0.00 2722.00     0.00 65148.00    47.87     0.83    0.31    0.00    0.31   0.31  83.20
sde               0.00  1954.00    0.00 2726.00     0.00 65148.00    47.80     0.80    0.29    0.00    0.29   0.29  80.00
sde               0.00  1899.00    0.00 2641.00     0.00 63284.00    47.92     0.84    0.32    0.00    0.32   0.32  84.40
sde               0.00  1953.00    0.00 2729.00     0.00 65404.00    47.93     0.85    0.31    0.00    0.31   0.31  84.80
sde               0.00  1945.00    0.00 2710.00     0.00 64812.00    47.83     0.85    0.31    0.00    0.31   0.31  84.80
sde               0.00  1963.00    0.00 2732.00     0.00 65344.00    47.84     0.82    0.30    0.00    0.30   0.30  82.40
sde               0.00  1897.00    0.00 2634.00     0.00 63236.00    48.02     0.83    0.32    0.00    0.32   0.32  83.20
sde               0.00  1948.00    0.00 2720.00     0.00 65252.00    47.98     0.87    0.32    0.00    0.32   0.32  86.80
sde               0.00  1944.00    0.00 2705.00     0.00 64792.00    47.91     0.82    0.30    0.00    0.30   0.30  81.60
sde               0.00  1957.00    0.00 2725.00     0.00 65288.00    47.92     0.84    0.31    0.00    0.31   0.31  84.00
sde               0.00  1875.00    0.00 2609.00     0.00 62456.00    47.88     0.80    0.31    0.00    0.31   0.31  80.40
sde               0.00  1947.00    0.00 2716.00     0.00 65216.00    48.02     0.84    0.31    0.00    0.31   0.31  84.00
sde               0.00  1943.00    0.00 2706.00     0.00 64664.00    47.79     0.82    0.30    0.00    0.30   0.30  82.40
sde               0.00  1897.00    0.00 2638.00     0.00 63260.00    47.96     0.82    0.31    0.00    0.31   0.31  82.00
sde               0.00  1937.00    0.00 2694.00     0.00 64476.00    47.87     0.84    0.31    0.00    0.31   0.31  84.40
sde               0.00  1943.00    0.00 2713.00     0.00 65064.00    47.96     0.78    0.29    0.00    0.29   0.29  78.40
sde               0.00  1896.00    0.00 2635.00     0.00 63124.00    47.91     0.83    0.32    0.00    0.32   0.32  83.20
sde               0.00  1948.00    0.00 2719.00     0.00 64980.00    47.80     0.82    0.30    0.00    0.30   0.30  81.60
sde               0.00  1960.00    0.00 2727.00     0.00 65304.00    47.89     0.80    0.29    0.00    0.29   0.29  79.60
sde               0.00  1934.00    0.00 2703.00     0.00 64744.00    47.91     0.84    0.31    0.00    0.31   0.31  83.20
sde               0.00  1880.00    0.00 2621.00     0.00 62632.00    47.79     0.80    0.31    0.00    0.31   0.31  80.40
sde               0.00  1957.00    0.00 2725.00     0.00 65284.00    47.91     0.81    0.30    0.00    0.30   0.30  81.20
sde               0.00  1948.00    0.00 2713.00     0.00 64960.00    47.89     0.85    0.31    0.00    0.31   0.31  84.80
sde               0.00  1883.00    0.00 2631.00     0.00 63056.00    47.93     0.83    0.32    0.00    0.32   0.31  82.80
sde               0.00  1940.00    0.00 2700.00     0.00 64640.00    47.88     0.84    0.31    0.00    0.31   0.31  84.00
sde               0.00  1953.00    0.00 2723.00     0.00 65136.00    47.84     0.84    0.31    0.00    0.31   0.31  84.00
sde               0.00  1959.00    0.00 2725.00     0.00 65296.00    47.92     0.85    0.32    0.00    0.32   0.31  85.20
sde               0.00  1879.00    0.00 2628.00     0.00 62900.00    47.87     0.82    0.31    0.00    0.31   0.31  82.00
sde               0.00  1945.00    0.00 2712.00     0.00 64812.00    47.80     0.84    0.31    0.00    0.31   0.31  83.20
sde               0.00  1958.00    0.00 2720.00     0.00 65276.00    48.00     0.85    0.31    0.00    0.31   0.31  85.20
sde               0.00  1958.00    0.00 2728.00     0.00 65304.00    47.88     0.84    0.31    0.00    0.31   0.31  84.40
sde               0.00  1878.00    0.00 2622.00     0.00 62880.00    47.96     0.82    0.31    0.00    0.31   0.31  81.60
sde               0.00  1935.00    0.00 2693.00     0.00 64448.00    47.86     0.83    0.31    0.00    0.31   0.31  82.80
sde               0.00  1918.00    0.00 2678.00     0.00 63988.00    47.79     0.80    0.30    0.00    0.30   0.30  79.60
sde               0.00  1946.00    0.00 2712.00     0.00 65080.00    47.99     0.82    0.31    0.00    0.31   0.30  81.60
sde               0.00  1888.00    0.00 2631.00     0.00 62832.00    47.76     0.86    0.33    0.00    0.33   0.33  85.60
sde               0.00  1944.00    0.00 2707.00     0.00 64800.00    47.88     0.87    0.32    0.00    0.32   0.32  86.80
sde               0.00  1956.00    0.00 2721.00     0.00 65140.00    47.88     0.83    0.31    0.00    0.31   0.31  83.20
sde               0.00  1952.00    0.00 2721.00     0.00 65380.00    48.06     0.83    0.30    0.00    0.30   0.30  82.80
sde               0.00  1889.00    0.00 2627.00     0.00 62944.00    47.92     0.80    0.31    0.00    0.31   0.31  80.40
sde               0.00  1944.00    0.00 2705.00     0.00 64804.00    47.91     0.83    0.31    0.00    0.31   0.31  82.80
sde               0.00  1958.00    0.00 2724.00     0.00 65292.00    47.94     0.81    0.30    0.00    0.30   0.30  80.80
sde               0.00  1883.00    0.00 2629.00     0.00 63048.00    47.96     0.84    0.32    0.00    0.32   0.32  83.60
sde               0.00  1959.00    0.00 2725.00     0.00 65292.00    47.92     0.84    0.31    0.00    0.31   0.31  84.40
sde               0.00  1949.00    0.00 2720.00     0.00 64984.00    47.78     0.82    0.30    0.00    0.30   0.30  82.00
sde               0.00  1955.00    0.00 2720.00     0.00 65136.00    47.89     0.79    0.29    0.00    0.29   0.29  78.40
sde               0.00  1883.00    0.00 2631.00     0.00 63060.00    47.94     0.81    0.31    0.00    0.31   0.31  81.20
sde               0.00  1929.00    0.00 2684.00     0.00 64296.00    47.91     0.76    0.28    0.00    0.28   0.28  76.00
sde               0.00  1951.00    0.00 2722.00     0.00 65124.00    47.85     0.84    0.31    0.00    0.31   0.31  84.00
sde               0.00  1949.00    0.00 2715.00     0.00 64972.00    47.86     0.84    0.31    0.00    0.31   0.31  84.00
sde               0.00  1889.00    0.00 2633.00     0.00 63208.00    48.01     0.84    0.32    0.00    0.32   0.32  83.60
sde               0.00  1954.00    0.00 2720.00     0.00 65116.00    47.88     0.81    0.30    0.00    0.30   0.30  80.80
sde               0.00  1938.00    0.00 2710.00     0.00 64672.00    47.73     0.80    0.30    0.00    0.30   0.30  80.40
sde               0.00  1894.00    0.00 2630.00     0.00 63100.00    47.98     0.84    0.32    0.00    0.32   0.32  83.60
sde               0.00  1939.00    0.00 2712.00     0.00 64924.00    47.88     0.78    0.29    0.00    0.29   0.29  78.40
sde               0.00  1952.00    0.00 2713.00     0.00 65104.00    47.99     0.85    0.31    0.00    0.31   0.31  84.80
sde               0.00  1887.00    0.00 2637.00     0.00 63088.00    47.85     0.83    0.32    0.00    0.32   0.31  82.80
sde               0.00  1937.00    0.00 2696.00     0.00 64492.00    47.84     0.84    0.31    0.00    0.31   0.31  83.60
sde               0.00  1938.00    0.00 2710.00     0.00 64908.00    47.90     0.82    0.30    0.00    0.30   0.30  81.60
sde               0.00  1954.00    0.00 2717.00     0.00 65120.00    47.94     0.84    0.31    0.00    0.31   0.31  83.60
sde               0.00  1893.00    0.00 2645.00     0.00 63144.00    47.75     0.83    0.31    0.00    0.31   0.31  82.80
sde               0.00  1947.00    0.00 2710.00     0.00 64948.00    47.93     0.81    0.30    0.00    0.30   0.30  81.20
sde               0.00  1930.00    0.00 2697.00     0.00 64580.00    47.89     0.82    0.31    0.00    0.31   0.30  82.00
sde               0.00  1943.00    0.00 2709.00     0.00 64800.00    47.84     0.81    0.30    0.00    0.30   0.30  80.80
sde               0.00  1677.00    0.00 2333.00     0.00 55880.00    47.90     0.82    0.35    0.00    0.35   0.35  81.60
sde               0.00  1958.00    0.00 2725.00     0.00 65164.00    47.83     0.79    0.29    0.00    0.29   0.29  78.80
sde               0.00  1947.00    0.00 2716.00     0.00 65220.00    48.03     0.85    0.31    0.00    0.31   0.31  85.20
sde               0.00  1957.00    0.00 2724.00     0.00 65156.00    47.84     0.82    0.30    0.00    0.30   0.30  81.60
sde               0.00  1888.00    0.00 2625.00     0.00 62932.00    47.95     0.83    0.32    0.00    0.32   0.32  83.20
sde               0.00  1939.00    0.00 2702.00     0.00 64636.00    47.84     0.83    0.31    0.00    0.31   0.31  83.20
sde               0.00  1941.00    0.00 2705.00     0.00 64908.00    47.99     0.83    0.31    0.00    0.31   0.31  82.80
sde               0.00  1952.00    0.00 2716.00     0.00 65116.00    47.95     0.83    0.30    0.00    0.30   0.30  82.80
sde               0.00  1881.00    0.00 2624.00     0.00 62776.00    47.85     0.85    0.32    0.00    0.32   0.32  85.20
sde               0.00  1937.00    0.00 2698.00     0.00 64620.00    47.90     0.81    0.30    0.00    0.30   0.30  80.80
sde               0.00  1923.00    0.00 2689.00     0.00 64400.00    47.90     0.81    0.30    0.00    0.30   0.30  80.80
sde               0.00  1943.00    0.00 2705.00     0.00 64788.00    47.90     0.81    0.30    0.00    0.30   0.30  81.20
sde               0.00  1874.00    0.00 2612.00     0.00 62460.00    47.83     0.81    0.31    0.00    0.31   0.31  81.20
sde               0.00  1960.00    0.00 2726.00     0.00 65300.00    47.91     0.82    0.30    0.00    0.30   0.30  82.00
sde               0.00  1943.00    0.00 2720.00     0.00 65084.00    47.86     0.80    0.29    0.00    0.29   0.29  80.00
sde               0.00  1884.00    0.00 2621.00     0.00 62776.00    47.90     0.82    0.31    0.00    0.31   0.31  82.40
sde               0.00  1943.00    0.00 2704.00     0.00 64788.00    47.92     0.81    0.30    0.00    0.30   0.30  80.80
sde               0.00  1933.00    0.00 2688.00     0.00 64424.00    47.93     0.86    0.32    0.00    0.32   0.32  85.20
sde               0.00  1940.00    0.00 2713.00     0.00 64944.00    47.88     0.82    0.30    0.00    0.30   0.30  82.40
sde               0.00  1889.00    0.00 2632.00     0.00 62956.00    47.84     0.81    0.31    0.00    0.31   0.31  80.80
sde               0.00  1951.00    0.00 2722.00     0.00 65120.00    47.85     0.82    0.30    0.00    0.30   0.30  82.40
sde               0.00  1939.00    0.00 2701.00     0.00 64640.00    47.86     0.77    0.29    0.00    0.29   0.29  77.20
sde               0.00  1948.00    0.00 2721.00     0.00 65240.00    47.95     0.83    0.30    0.00    0.30   0.30  82.80
sde               0.00  1877.00    0.00 2615.00     0.00 62600.00    47.88     0.82    0.32    0.00    0.32   0.31  82.00
sde               0.00  1929.00    0.00 2682.00     0.00 64264.00    47.92     0.81    0.30    0.00    0.30   0.30  80.80
sde               0.00  1933.00    0.00 2699.00     0.00 64496.00    47.79     0.82    0.30    0.00    0.30   0.30  81.20
sde               0.00  1895.00    0.00 2639.00     0.00 63380.00    48.03     0.81    0.31    0.00    0.31   0.31  81.20
sde               0.00  1946.00    0.00 2720.00     0.00 64980.00    47.78     0.82    0.30    0.00    0.30   0.30  82.00
sde               0.00  1952.00    0.00 2718.00     0.00 65120.00    47.92     0.82    0.30    0.00    0.30   0.30  81.60
sde               0.00  1946.00    0.00 2717.00     0.00 64964.00    47.82     0.85    0.31    0.00    0.31   0.31  84.80
sde               0.00  1885.00    0.00 2623.00     0.00 63040.00    48.07     0.83    0.32    0.00    0.32   0.32  83.20
sde               0.00  1949.00    0.00 2724.00     0.00 64880.00    47.64     0.82    0.30    0.00    0.30   0.30  81.60
sde               0.00  1935.00    0.00 2690.00     0.00 64460.00    47.93     0.83    0.31    0.00    0.31   0.31  83.20
sde               0.00  1944.00    0.00 2713.00     0.00 65068.00    47.97     0.79    0.29    0.00    0.29   0.29  78.40
sde               0.00  1876.00    0.00 2607.00     0.00 62448.00    47.91     0.83    0.32    0.00    0.32   0.32  82.80
sde               0.00  1951.00    0.00 2715.00     0.00 65104.00    47.96     0.83    0.31    0.00    0.31   0.31  83.20
sde               0.00  1956.00    0.00 2722.00     0.00 65148.00    47.87     0.80    0.30    0.00    0.30   0.30  80.40
sde               0.00  1887.00    0.00 2630.00     0.00 63196.00    48.06     0.83    0.31    0.00    0.31   0.31  82.80
sde               0.00  1934.00    0.00 2693.00     0.00 64460.00    47.87     0.81    0.30    0.00    0.30   0.30  81.20
sde               0.00  1947.00    0.00 2717.00     0.00 64968.00    47.82     0.84    0.31    0.00    0.31   0.31  83.20
sde               0.00  1953.00    0.00 2721.00     0.00 65136.00    47.88     0.80    0.29    0.00    0.29   0.29  80.00
sde               0.00  1890.00    0.00 2639.00     0.00 63232.00    47.92     0.81    0.31    0.00    0.31   0.31  81.20
sde               0.00  1952.00    0.00 2721.00     0.00 65124.00    47.87     0.82    0.30    0.00    0.30   0.30  82.00
sde               0.00  1946.00    0.00 2712.00     0.00 64952.00    47.90     0.82    0.30    0.00    0.30   0.30  82.00
sde               0.00  1943.00    0.00 2711.00     0.00 64812.00    47.81     0.84    0.31    0.00    0.31   0.31  83.60
sde               0.00  1884.00    0.00 2630.00     0.00 63056.00    47.95     0.80    0.30    0.00    0.30   0.30  79.60
sde               0.00  1934.00    0.00 2697.00     0.00 64600.00    47.91     0.82    0.31    0.00    0.31   0.31  82.40
sde               0.00  1937.00    0.00 2695.00     0.00 64480.00    47.85     0.77    0.29    0.00    0.29   0.28  76.80
sde               0.00  1882.00    0.00 2617.00     0.00 62636.00    47.87     0.80    0.31    0.00    0.31   0.31  80.40
sde               0.00  1938.00    0.00 2712.00     0.00 64912.00    47.87     0.82    0.30    0.00    0.30   0.30  81.20
sde               0.00  1938.00    0.00 2702.00     0.00 64632.00    47.84     0.78    0.29    0.00    0.29   0.29  78.00
sde               0.00  1956.00    0.00 2723.00     0.00 65284.00    47.95     0.83    0.30    0.00    0.30   0.30  82.80
sde               0.00  1876.00    0.00 2617.00     0.00 62608.00    47.85     0.86    0.33    0.00    0.33   0.33  86.00
sde               0.00  1948.00    0.00 2721.00     0.00 65236.00    47.95     0.83    0.30    0.00    0.30   0.31  83.20
sde               0.00  1952.00    0.00 2717.00     0.00 65116.00    47.93     0.84    0.31    0.00    0.31   0.31  84.00
sde               0.00  1947.00    0.00 2719.00     0.00 64976.00    47.79     0.82    0.30    0.00    0.30   0.30  82.00
sde               0.00  1898.00    0.00 2643.00     0.00 63280.00    47.88     0.84    0.31    0.00    0.31   0.32  83.60
sde               0.00  1930.00    0.00 2697.00     0.00 64580.00    47.89     0.82    0.31    0.00    0.31   0.30  81.60
sde               0.00  1926.00    0.00 2684.00     0.00 64280.00    47.90     0.84    0.31    0.00    0.31   0.31  84.00
sde               0.00  1941.00    0.00 2700.00     0.00 64768.00    47.98     0.82    0.31    0.00    0.31   0.31  82.40
sde               0.00  1893.00    0.00 2638.00     0.00 63124.00    47.86     0.80    0.30    0.00    0.30   0.30  80.40
sde               0.00  1956.00    0.00 2728.00     0.00 65300.00    47.87     0.82    0.30    0.00    0.30   0.30  82.40
sde               0.00  1933.00    0.00 2691.00     0.00 64452.00    47.90     0.81    0.30    0.00    0.30   0.30  81.20
sde               0.00  1946.00    0.00 2705.00     0.00 64804.00    47.91     0.80    0.30    0.00    0.30   0.29  79.60
sde               0.00  1863.37    0.00 2594.06     0.00 62142.57    47.91     0.82    0.32    0.00    0.32   0.32  82.38
sde               0.00  1946.00    0.00 2715.00     0.00 65088.00    47.95     0.84    0.31    0.00    0.31   0.31  84.40
sde               0.00  1951.00    0.00 2713.00     0.00 65104.00    47.99     0.82    0.30    0.00    0.30   0.30  81.60
sde               0.00  1883.00    0.00 2625.00     0.00 62784.00    47.84     0.82    0.31    0.00    0.31   0.31  82.00
sde               0.00  1956.00    0.00 2720.00     0.00 65248.00    47.98     0.81    0.30    0.00    0.30   0.30  81.20
sde               0.00  1926.00    0.00 2692.00     0.00 64448.00    47.88     0.80    0.30    0.00    0.30   0.30  80.00
sde               0.00  1861.00    0.00 2591.00     0.00 62088.00    47.93     0.83    0.32    0.00    0.32   0.32  82.80
sde               0.00  1923.00    0.00 2689.00     0.00 64156.00    47.72     0.82    0.30    0.00    0.30   0.30  82.00
sde               0.00  1949.00    0.00 2709.00     0.00 64944.00    47.95     0.81    0.30    0.00    0.30   0.30  80.80
sde               0.00  1929.00    0.00 2695.00     0.00 64584.00    47.93     0.81    0.30    0.00    0.30   0.30  81.20
sde               0.00  1876.00    0.00 2615.00     0.00 62604.00    47.88     0.79    0.30    0.00    0.30   0.30  78.80
sde               0.00  1937.00    0.00 2703.00     0.00 64628.00    47.82     0.82    0.30    0.00    0.30   0.30  82.00
sde               0.00  1953.00    0.00 2716.00     0.00 65120.00    47.95     0.83    0.31    0.00    0.31   0.31  83.20
sde               0.00  1946.00    0.00 2717.00     0.00 65096.00    47.92     0.82    0.30    0.00    0.30   0.30  82.40
sde               0.00  1875.00    0.00 2615.00     0.00 62596.00    47.87     0.82    0.31    0.00    0.31   0.31  81.60
sde               0.00  1942.00    0.00 2704.00     0.00 64788.00    47.92     0.82    0.30    0.00    0.30   0.30  81.20
sde               0.00  1950.00    0.00 2714.00     0.00 64968.00    47.88     0.83    0.31    0.00    0.31   0.31  83.20
sde               0.00  1908.00    0.00 2665.00     0.00 63888.00    47.95     0.85    0.32    0.00    0.32   0.32  84.80
sde               0.00  1877.00    0.00 2612.00     0.00 62472.00    47.83     0.83    0.32    0.00    0.32   0.32  83.20
sde               0.00  1945.00    0.00 2712.00     0.00 64948.00    47.90     0.81    0.30    0.00    0.30   0.30  81.20
sde               0.00  1950.00    0.00 2713.00     0.00 64968.00    47.89     0.78    0.29    0.00    0.29   0.29  78.40
sde               0.00  1892.00    0.00 2638.00     0.00 63364.00    48.04     0.84    0.32    0.00    0.32   0.32  83.60
sde               0.00  1939.00    0.00 2704.00     0.00 64644.00    47.81     0.80    0.30    0.00    0.30   0.30  80.00
sde               0.00  1948.00    0.00 2711.00     0.00 64952.00    47.92     0.82    0.30    0.00    0.30   0.30  82.00
sde               0.00  1965.00    0.00 2732.00     0.00 65464.00    47.92     0.86    0.31    0.00    0.31   0.31  85.20
sde               0.00  1874.00    0.00 2624.00     0.00 62744.00    47.82     0.83    0.32    0.00    0.32   0.31  82.40
sde               0.00  1958.00    0.00 2724.00     0.00 65292.00    47.94     0.81    0.30    0.00    0.30   0.30  80.80
sde               0.00  1962.00    0.00 2732.00     0.00 65208.00    47.74     0.82    0.30    0.00    0.30   0.30  82.00
sde               0.00  1952.00    0.00 2715.00     0.00 65116.00    47.97     0.83    0.31    0.00    0.31   0.31  83.20
sde               0.00  1888.00    0.00 2635.00     0.00 63344.00    48.08     0.80    0.30    0.00    0.30   0.30  80.00
sde               0.00  1943.00    0.00 2701.00     0.00 64648.00    47.87     0.84    0.31    0.00    0.31   0.31  83.60
sde               0.00  1955.00    0.00 2728.00     0.00 65292.00    47.87     0.84    0.31    0.00    0.31   0.31  83.60
sde               0.00  1955.00    0.00 2716.00     0.00 65132.00    47.96     0.84    0.31    0.00    0.31   0.31  83.60
sde               0.00  1889.00    0.00 2636.00     0.00 63216.00    47.96     0.85    0.32    0.00    0.32   0.32  85.20
sde               0.00  1943.00    0.00 2702.00     0.00 64776.00    47.95     0.81    0.30    0.00    0.30   0.30  80.40
sde               0.00  1946.00    0.00 2715.00     0.00 64964.00    47.86     0.82    0.30    0.00    0.30   0.30  82.00
sde               0.00  1900.00    0.00 2642.00     0.00 63288.00    47.91     0.84    0.32    0.00    0.32   0.32  84.40
sde               0.00  1928.00    0.00 2693.00     0.00 64564.00    47.95     0.80    0.30    0.00    0.30   0.30  79.60
sde               0.00  1954.00    0.00 2723.00     0.00 65140.00    47.84     0.80    0.30    0.00    0.30   0.30  80.40
sde               0.00  1923.00    0.00 2679.00     0.00 64124.00    47.87     0.81    0.30    0.00    0.30   0.30  80.80
sde               0.00  1882.00    0.00 2622.00     0.00 63028.00    48.08     0.85    0.32    0.00    0.32   0.32  84.40
sde               0.00  1943.00    0.00 2712.00     0.00 64812.00    47.80     0.81    0.30    0.00    0.30   0.30  80.80
sde               0.00  1932.00    0.00 2693.00     0.00 64460.00    47.87     0.79    0.29    0.00    0.29   0.29  79.20
sde               0.00  1946.00    0.00 2718.00     0.00 64964.00    47.80     0.80    0.30    0.00    0.30   0.30  80.40
sde               0.00  1889.00    0.00 2633.00     0.00 63216.00    48.02     0.82    0.31    0.00    0.31   0.31  81.60
sde               0.00  1933.00    0.00 2694.00     0.00 64460.00    47.85     0.80    0.30    0.00    0.30   0.30  79.60
sde               0.00  1932.00    0.00 2697.00     0.00 64464.00    47.80     0.82    0.31    0.00    0.31   0.30  82.00
sde               0.00  1949.00    0.00 2705.00     0.00 64924.00    48.00     0.83    0.31    0.00    0.31   0.31  82.80
sde               0.00  1878.00    0.00 2622.00     0.00 62900.00    47.98     0.82    0.31    0.00    0.31   0.31  82.00
sde               0.00  1928.00    0.00 2693.00     0.00 64312.00    47.76     0.79    0.29    0.00    0.29   0.29  78.80
sde               0.00  1956.00    0.00 2720.00     0.00 65272.00    47.99     0.84    0.31    0.00    0.31   0.31  84.00
sde               0.00  1885.00    0.00 2626.00     0.00 62796.00    47.83     0.85    0.32    0.00    0.32   0.32  84.80
sde               0.00  1943.00    0.00 2712.00     0.00 65056.00    47.98     0.81    0.30    0.00    0.30   0.30  81.20
sde               0.00  1948.00    0.00 2713.00     0.00 64964.00    47.89     0.84    0.31    0.00    0.31   0.31  84.00
sde               0.00  1951.00    0.00 2727.00     0.00 65144.00    47.78     0.82    0.30    0.00    0.30   0.30  81.60
sde               0.00  1894.00    0.00 2632.00     0.00 63100.00    47.95     0.82    0.31    0.00    0.31   0.31  81.60
sde               0.00  1943.00    0.00 2712.00     0.00 65068.00    47.99     0.81    0.30    0.00    0.30   0.30  81.20
sde               0.00  1888.00    0.00 2637.00     0.00 62852.00    47.67     0.80    0.30    0.00    0.30   0.30  79.20
sde               0.00  1932.00    0.00 2691.00     0.00 64452.00    47.90     0.79    0.30    0.00    0.30   0.29  78.80
sde               0.00  1958.00    0.00 2721.00     0.00 65276.00    47.98     0.86    0.32    0.00    0.32   0.31  85.60
sde               0.00  1880.00    0.00 2625.00     0.00 62900.00    47.92     0.79    0.30    0.00    0.30   0.30  78.80
sde               0.00  1939.00    0.00 2698.00     0.00 64624.00    47.91     0.78    0.29    0.00    0.29   0.29  78.40
sde               0.00  1954.00    0.00 2718.00     0.00 65128.00    47.92     0.83    0.31    0.00    0.31   0.31  83.20
sde               0.00  1940.00    0.00 2697.00     0.00 64628.00    47.93     0.82    0.31    0.00    0.31   0.31  82.40
sde               0.00  1889.00    0.00 2638.00     0.00 63224.00    47.93     0.84    0.32    0.00    0.32   0.32  83.20
sde               0.00  1954.00    0.00 2723.00     0.00 65140.00    47.84     0.84    0.31    0.00    0.31   0.31  84.40
sde               0.00  1938.00    0.00 2700.00     0.00 64624.00    47.87     0.82    0.30    0.00    0.30   0.30  81.60
sde               0.00  1956.00    0.00 2723.00     0.00 65280.00    47.95     0.88    0.32    0.00    0.32   0.32  88.00
sde               0.00  1879.00    0.00 2626.00     0.00 62900.00    47.91     0.82    0.31    0.00    0.31   0.31  82.40
sde               0.00  1945.00    0.00 2712.00     0.00 64944.00    47.89     0.83    0.31    0.00    0.31   0.31  83.20
sde               0.00  1940.00    0.00 2709.00     0.00 64660.00    47.74     0.82    0.30    0.00    0.30   0.30  81.60
sde               0.00  1887.00    0.00 2626.00     0.00 62928.00    47.93     0.83    0.32    0.00    0.32   0.32  82.80
sde               0.00  1954.00    0.00 2725.00     0.00 65404.00    48.00     0.87    0.32    0.00    0.32   0.32  87.20
sde               0.00  1936.00    0.00 2706.00     0.00 64636.00    47.77     0.80    0.30    0.00    0.30   0.30  80.00
sde               0.00  1951.00    0.00 2713.00     0.00 64972.00    47.90     0.83    0.31    0.00    0.31   0.31  83.20
sde               0.00  1886.00    0.00 2625.00     0.00 62924.00    47.94     0.82    0.32    0.00    0.32   0.31  82.00
sde               0.00  1950.00    0.00 2718.00     0.00 65240.00    48.01     0.84    0.31    0.00    0.31   0.31  84.00
sde               0.00  1949.00    0.00 2715.00     0.00 64976.00    47.86     0.82    0.30    0.00    0.30   0.30  82.40
sde               0.00  1917.00    0.00 2676.00     0.00 64092.00    47.90     0.79    0.29    0.00    0.29   0.29  78.80
sde               0.00  1881.00    0.00 2614.00     0.00 62616.00    47.91     0.79    0.30    0.00    0.30   0.30  79.20
sde               0.00  1956.00    0.00 2727.00     0.00 65416.00    47.98     0.84    0.31    0.00    0.31   0.31  83.60
sde               0.00  1942.00    0.00 2713.00     0.00 64808.00    47.78     0.84    0.31    0.00    0.31   0.31  84.00
sde               0.00  1941.00    0.00 2706.00     0.00 64796.00    47.89     0.82    0.30    0.00    0.30   0.30  82.40
sde               0.00  1890.00    0.00 2633.00     0.00 63092.00    47.92     0.81    0.31    0.00    0.31   0.31  81.20
sde               0.00  1934.00    0.00 2702.00     0.00 64744.00    47.92     0.83    0.31    0.00    0.31   0.31  82.80
sde               0.00  1937.00    0.00 2699.00     0.00 64620.00    47.88     0.83    0.31    0.00    0.31   0.31  82.80
sde               0.00  1874.00    0.00 2618.00     0.00 62604.00    47.83     0.79    0.30    0.00    0.30   0.30  79.20
