sde               0.00     1.33    0.00    2.84     0.00   179.23   126.03     0.01    2.68    1.91    2.68   0.42   0.12
sde               0.00     0.00    0.00    0.00     0.00     0.00     0.00     0.00    0.00    0.00    0.00   0.00   0.00
sde               0.00   339.00    0.00 1207.00     0.00 50912.00    84.36     1.49    1.24    0.00    1.24   0.37  45.20
sde               0.00   583.00    0.00 2335.00     0.00 80592.00    69.03     2.62    1.13    0.00    1.13   0.36  83.60
sde               0.00   588.00    0.00 2360.00     0.00 90872.00    77.01     3.02    1.28    0.00    1.28   0.37  87.20
sde               0.00   573.00    0.00 2223.00     0.00 100068.00    90.03     3.00    1.35    0.00    1.35   0.37  82.80
sde               0.00   520.00    0.00 2119.00     0.00 89876.00    84.83     2.98    1.41    0.00    1.41   0.40  85.20
sde               0.00   559.00    0.00 2243.00     0.00 100588.00    89.69     2.92    1.31    0.00    1.31   0.35  79.60
sde               0.00   536.00    0.00 2081.00     0.00 79272.00    76.19     2.86    1.38    0.00    1.38   0.41  86.00
sde               0.00   542.00    0.00 2140.00     0.00 79720.00    74.50     3.00    1.40    0.00    1.40   0.40  85.60
sde               0.00   540.00    0.00 2150.00     0.00 79868.00    74.30     3.02    1.41    0.00    1.41   0.40  86.00
sde               0.00   575.00    0.00 2270.00     0.00 70184.00    61.84     2.72    1.20    0.00    1.20   0.39  88.00
sde               0.00   570.00    0.00 2189.00     0.00 89792.00    82.04     3.00    1.37    0.00    1.37   0.39  86.00
sde               0.00   576.00    0.00 2274.00     0.00 80380.00    70.69     2.65    1.17    0.00    1.17   0.38  86.00
sde               0.00   580.00    0.00 2301.00     0.00 70296.00    61.10     2.66    1.16    0.00    1.16   0.37  86.00
sde               0.00   553.00    0.00 2109.00     0.00 79724.00    75.60     2.62    1.24    0.00    1.24   0.40  85.20
sde               0.00   588.00    0.00 2198.00     0.00 79928.00    72.73     2.18    0.99    0.00    0.99   0.39  85.60
sde               0.00   547.00    0.00 2124.00     0.00 69728.00    65.66     2.20    1.04    0.00    1.04   0.39  83.60
sde               0.00   551.00    0.00 2121.00     0.00 74708.00    70.45     2.46    1.07    0.00    1.07   0.40  84.80
sde               0.00   551.00    0.00 2144.00     0.00 74892.00    69.86     2.66    1.34    0.00    1.34   0.40  85.60
sde               0.00   590.00    0.00 2238.00     0.00 80012.00    71.50     2.30    1.03    0.00    1.03   0.38  84.40
sde               0.00   558.00    0.00 2171.00     0.00 69848.00    64.35     2.33    1.07    0.00    1.07   0.41  88.40
sde               0.00   524.00    0.00 2021.00     0.00 71364.00    70.62     2.51    1.19    0.00    1.19   0.41  82.80
sde               0.00   546.00    0.00 2090.00     0.00 77632.00    74.29     2.71    1.34    0.00    1.34   0.42  87.20
sde               0.00   570.00    0.00 2137.00     0.00 78484.00    73.45     2.44    1.12    0.00    1.12   0.39  82.80
sde               0.00   510.00    0.00 1966.00     0.00 68116.00    69.29     2.73    1.30    0.00    1.30   0.44  87.20
sde               0.00   594.00    0.00 2275.00     0.00 72400.00    63.65     2.18    1.05    0.00    1.05   0.37  85.20
sde               0.00   522.00    0.00 1995.00     0.00 72196.00    72.38     2.29    1.12    0.00    1.12   0.42  83.60
sde               0.00   590.00    0.00 2236.00     0.00 77172.00    69.03     1.89    0.87    0.00    0.87   0.39  86.80
sde               0.00   550.00    0.00 2107.00     0.00 79852.00    75.80     2.40    1.14    0.00    1.14   0.39  82.00
sde               0.00   558.00    0.00 2156.00     0.00 69828.00    64.78     2.25    1.04    0.00    1.04   0.41  87.60
sde               0.00   613.00    0.00 2281.00     0.00 80556.00    70.63     1.91    0.84    0.00    0.84   0.38  86.40
sde               0.00   541.00    0.00 1980.00     0.00 68888.00    69.58     2.70    1.37    0.00    1.37   0.45  89.60
sde               0.00   523.00    0.00 2000.00     0.00 70280.00    70.28     2.58    1.28    0.00    1.28   0.43  85.20
sde               0.00   551.00    0.00 2115.00     0.00 78916.00    74.63     2.49    1.19    0.00    1.19   0.41  86.80
sde               0.00   577.00    0.00 2166.00     0.00 69608.00    64.27     2.09    0.96    0.00    0.96   0.40  87.60
sde               0.00   511.00    0.00 1967.00     0.00 79356.00    80.69     2.48    1.26    0.00    1.26   0.45  88.00
sde               0.00   559.00    0.00 2116.00     0.00 69628.00    65.81     2.31    1.09    0.00    1.09   0.41  87.60
sde               0.00   544.00    0.00 2089.00     0.00 73672.00    70.53     2.45    1.11    0.00    1.11   0.40  84.40
sde               0.00   593.00    0.00 2212.00     0.00 75932.00    68.65     2.00    0.96    0.00    0.96   0.39  87.20
sde               0.00   498.00    0.00 1897.00     0.00 68868.00    72.61     2.94    1.55    0.00    1.55   0.47  88.80
sde               0.00   457.00    0.00 1716.00     0.00 57848.00    67.42     2.81    1.64    0.00    1.64   0.51  88.00
sde               0.00   513.00    0.00 1974.00     0.00 71168.00    72.11     2.90    1.36    0.00    1.36   0.44  87.60
sde               0.00   564.00    0.00 2135.00     0.00 77840.00    72.92     2.27    1.16    0.00    1.16   0.41  87.60
sde               0.00   563.00    0.00 2142.00     0.00 77988.00    72.82     2.35    1.08    0.00    1.08   0.39  82.80
sde               0.00   575.00    0.00 2173.00     0.00 71640.00    65.94     2.33    1.10    0.00    1.10   0.40  87.60
sde               0.00   585.00    0.00 2249.00     0.00 80432.00    71.53     2.12    0.94    0.00    0.94   0.37  84.00
sde               0.00   569.00    0.00 2174.00     0.00 69840.00    64.25     1.90    0.87    0.00    0.87   0.39  84.80
sde               0.00   585.00    0.00 2218.00     0.00 80136.00    72.26     1.94    0.88    0.00    0.88   0.38  84.80
sde               0.00   530.00    0.00 2011.00     0.00 79408.00    78.97     2.30    1.15    0.00    1.15   0.42  84.80
sde               0.00   589.00    0.00 2243.00     0.00 76336.00    68.07     1.68    0.70    0.00    0.70   0.38  85.20
sde               0.00   562.00    0.00 2125.00     0.00 73844.00    69.50     1.72    0.86    0.00    0.86   0.41  86.80
sde               0.00   554.00    0.00 2118.00     0.00 77088.00    72.79     1.68    0.75    0.00    0.75   0.39  83.20
sde               0.00   583.00    0.00 2190.00     0.00 72840.00    66.52     1.79    0.86    0.00    0.86   0.39  86.00
sde               0.00   565.00    0.00 2167.00     0.00 80088.00    73.92     1.90    0.88    0.00    0.88   0.39  84.80
sde               0.00   567.00    0.00 2174.00     0.00 72976.00    67.14     1.96    0.86    0.00    0.86   0.40  87.20
sde               0.00   538.00    0.00 2059.00     0.00 76720.00    74.52     2.01    1.03    0.00    1.03   0.42  86.80
sde               0.00   572.00    0.00 2166.00     0.00 69780.00    64.43     1.77    0.82    0.00    0.82   0.40  86.00
sde               0.00   552.00    0.00 2099.00     0.00 79860.00    76.09     1.79    0.85    0.00    0.85   0.41  85.20
sde               0.00   559.00    0.00 2134.00     0.00 69772.00    65.39     1.76    0.82    0.00    0.82   0.41  86.80
sde               0.00   548.00    0.00 2053.00     0.00 79684.00    77.63     1.92    0.93    0.00    0.93   0.41  83.60
sde               0.00   554.00    0.00 2124.00     0.00 69712.00    65.64     1.95    0.92    0.00    0.92   0.40  84.00
sde               0.00   581.00    0.00 2145.00     0.00 80108.00    74.69     1.90    0.89    0.00    0.89   0.40  86.80
sde               0.00   601.00    0.00 2292.00     0.00 80620.00    70.35     1.70    0.74    0.00    0.74   0.37  84.00
sde               0.00   598.00    0.00 2277.00     0.00 80560.00    70.76     1.69    0.74    0.00    0.74   0.37  84.40
sde               0.00   584.00    0.00 2190.00     0.00 80120.00    73.17     1.62    0.74    0.00    0.74   0.39  85.20
sde               0.00   599.00    0.00 2316.00     0.00 80832.00    69.80     1.65    0.72    0.00    0.72   0.38  87.20
sde               0.00   584.00    0.00 2184.00     0.00 80092.00    73.34     1.72    0.79    0.00    0.79   0.38  82.40
sde               0.00   603.00    0.00 2279.00     0.00 80708.00    70.83     1.61    0.71    0.00    0.71   0.36  82.40
sde               0.00   592.00    0.00 2227.00     0.00 80256.00    72.08     1.80    0.80    0.00    0.80   0.36  80.40
sde               0.00   559.00    0.00 2145.00     0.00 69936.00    65.21     1.85    0.87    0.00    0.87   0.40  86.00
sde               0.00   580.00    0.00 2180.00     0.00 80064.00    73.45     1.76    0.81    0.00    0.81   0.39  84.80
sde               0.00   561.00    0.00 2098.00     0.00 79744.00    76.02     1.90    0.91    0.00    0.91   0.39  82.80
sde               0.00   492.00    0.00 1905.00     0.00 68952.00    72.39     2.05    1.08    0.00    1.08   0.45  85.20
sde               0.00   526.00    0.00 1994.00     0.00 69228.00    69.44     2.08    1.04    0.00    1.04   0.44  88.40
sde               0.00   506.00    0.00 1924.00     0.00 68920.00    71.64     2.09    1.09    0.00    1.09   0.45  86.80
sde               0.00   502.00    0.00 1906.00     0.00 61820.00    64.87     2.28    1.17    0.00    1.17   0.46  87.60
sde               0.00   535.00    0.00 1997.00     0.00 76264.00    76.38     2.10    1.08    0.00    1.08   0.44  87.20
sde               0.00   494.00    0.00 1895.00     0.00 59732.00    63.04     2.40    1.24    0.00    1.24   0.46  88.00
sde               0.00   515.00    0.00 1982.00     0.00 70784.00    71.43     2.33    1.17    0.00    1.17   0.45  89.60
sde               0.00   534.00    0.00 1999.00     0.00 76788.00    76.83     2.02    1.04    0.00    1.04   0.44  87.60
sde               0.00   546.00    0.00 2074.00     0.00 76560.00    73.83     1.78    0.83    0.00    0.83   0.40  83.60
sde               0.00   599.00    0.00 2280.00     0.00 79688.00    69.90     1.74    0.76    0.00    0.76   0.39  88.80
sde               0.00   507.00    0.00 1947.00     0.00 69116.00    71.00     2.08    1.05    0.00    1.05   0.46  88.80
sde               0.00   539.00    0.00 2020.00     0.00 73296.00    72.57     2.03    1.06    0.00    1.06   0.43  87.20
sde               0.00   554.00    0.00 2111.00     0.00 69668.00    66.00     2.04    0.96    0.00    0.96   0.41  87.20
sde               0.00   547.00    0.00 2060.00     0.00 79576.00    77.26     2.02    0.98    0.00    0.98   0.42  87.20
sde               0.00   556.00    0.00 2169.00     0.00 69988.00    64.53     1.82    0.84    0.00    0.84   0.39  85.60
sde               0.00   576.00    0.00 2172.00     0.00 80148.00    73.80     1.64    0.76    0.00    0.76   0.38  82.40
sde               0.00   575.00    0.00 2134.00     0.00 79916.00    74.90     1.72    0.81    0.00    0.81   0.40  86.00
sde               0.00   557.00    0.00 2115.00     0.00 79912.00    75.57     1.76    0.83    0.00    0.83   0.40  83.60
sde               0.00   572.00    0.00 2179.00     0.00 69948.00    64.20     1.77    0.81    0.00    0.81   0.39  85.20
sde               0.00   606.00    0.00 2200.00     0.00 80368.00    73.06     1.80    0.82    0.00    0.82   0.40  88.40
sde               0.00   554.00    0.00 2088.00     0.00 79684.00    76.33     1.86    0.89    0.00    0.89   0.42  87.20
sde               0.00   556.00    0.00 2162.00     0.00 69956.00    64.71     1.89    0.88    0.00    0.88   0.39  84.00
sde               0.00   542.00    0.00 2058.00     0.00 79680.00    77.43     2.01    0.98    0.00    0.98   0.41  84.80
sde               0.00   580.00    0.00 2166.00     0.00 80152.00    74.01     1.71    0.79    0.00    0.79   0.39  84.40
sde               0.00   600.00    0.00 2255.00     0.00 80384.00    71.29     1.68    0.75    0.00    0.75   0.38  86.00
sde               0.00   577.00    0.00 2198.00     0.00 80340.00    73.10     1.67    0.76    0.00    0.76   0.39  85.20
sde               0.00   598.00    0.00 2283.00     0.00 80720.00    70.71     1.66    0.73    0.00    0.73   0.38  87.20
sde               0.00   545.00    0.00 2007.00     0.00 69196.00    68.95     1.92    0.95    0.00    0.95   0.43  87.20
sde               0.00   575.00    0.00 2202.00     0.00 80108.00    72.76     1.94    0.88    0.00    0.88   0.39  86.40
sde               0.00   580.00    0.00 2225.00     0.00 70248.00    63.14     1.88    0.85    0.00    0.85   0.40  89.20
sde               0.00   507.00    0.00 1972.00     0.00 75964.00    77.04     2.12    1.01    0.00    1.01   0.44  87.60
sde               0.00   588.00    0.00 2148.00     0.00 73112.00    68.07     1.77    0.88    0.00    0.88   0.41  87.60
sde               0.00   566.00    0.00 2146.00     0.00 80048.00    74.60     1.96    0.92    0.00    0.92   0.41  87.20
sde               0.00   545.54    0.00 2071.29     0.00 79148.51    76.42     1.69    0.81    0.00    0.81   0.39  81.58
sde               0.00   550.00    0.00 2068.00     0.00 75896.00    73.40     1.89    0.86    0.00    0.86   0.39  81.60
sde               0.00   545.00    0.00 2071.00     0.00 73224.00    70.71     2.04    1.04    0.00    1.04   0.42  87.20
sde               0.00   555.00    0.00 2128.00     0.00 73944.00    69.50     1.95    0.81    0.00    0.81   0.39  83.20
sde               0.00   564.00    0.00 2171.00     0.00 76024.00    70.04     1.83    0.95    0.00    0.95   0.40  86.80
sde               0.00   549.00    0.00 2069.00     0.00 75380.00    72.87     2.02    0.94    0.00    0.94   0.42  86.00
sde               0.00   565.00    0.00 2128.00     0.00 73996.00    69.55     1.87    0.92    0.00    0.92   0.41  86.80
sde               0.00   550.00    0.00 2087.00     0.00 79804.00    76.48     1.82    0.87    0.00    0.87   0.41  86.00
sde               0.00   526.00    0.00 2022.00     0.00 69420.00    68.66     1.93    0.96    0.00    0.96   0.44  88.00
sde               0.00   555.00    0.00 2078.00     0.00 69448.00    66.84     1.94    0.93    0.00    0.93   0.42  86.40
sde               0.00   537.00    0.00 2070.00     0.00 79816.00    77.12     1.92    0.93    0.00    0.93   0.40  82.80
sde               0.00   554.00    0.00 2082.00     0.00 69464.00    66.73     1.99    0.95    0.00    0.95   0.41  86.40
sde               0.00   560.00    0.00 2140.00     0.00 80124.00    74.88     1.95    0.91    0.00    0.91   0.38  81.60
sde               0.00   476.00    0.00 1821.00     0.00 64400.00    70.73     2.44    1.26    0.00    1.26   0.47  86.00
sde               0.00   556.00    0.00 2097.00     0.00 73724.00    70.31     1.65    0.86    0.00    0.86   0.40  84.40
sde               0.00   608.00    0.00 2268.00     0.00 80444.00    70.94     1.63    0.72    0.00    0.72   0.37  82.80
sde               0.00   586.00    0.00 2156.00     0.00 71216.00    66.06     1.74    0.80    0.00    0.80   0.41  88.00
sde               0.00   556.00    0.00 2100.00     0.00 78712.00    74.96     1.86    0.89    0.00    0.89   0.41  85.20
sde               0.00   561.00    0.00 2118.00     0.00 69720.00    65.84     2.01    0.95    0.00    0.95   0.41  86.40
sde               0.00   589.00    0.00 2231.00     0.00 80260.00    71.95     1.83    0.82    0.00    0.82   0.39  86.40
sde               0.00   576.00    0.00 2186.00     0.00 80188.00    73.37     1.70    0.77    0.00    0.77   0.38  83.20
sde               0.00   610.00    0.00 2287.00     0.00 80624.00    70.51     1.60    0.70    0.00    0.70   0.37  84.00
sde               0.00   564.00    0.00 2131.00     0.00 79988.00    75.07     1.68    0.78    0.00    0.78   0.40  84.40
sde               0.00   611.00    0.00 2320.00     0.00 80740.00    69.60     1.63    0.71    0.00    0.71   0.37  84.80
sde               0.00   589.00    0.00 2223.00     0.00 80360.00    72.30     1.70    0.76    0.00    0.76   0.40  89.60
sde               0.00   613.00    0.00 2286.00     0.00 80640.00    70.55     1.64    0.72    0.00    0.72   0.37  84.00
sde               0.00   545.00    0.00 2103.00     0.00 74200.00    70.57     2.04    0.93    0.00    0.93   0.41  85.20
sde               0.00   592.00    0.00 2255.00     0.00 75880.00    67.30     1.78    0.81    0.00    0.81   0.38  86.80
sde               0.00   581.00    0.00 2192.00     0.00 80224.00    73.20     1.85    0.85    0.00    0.85   0.40  87.20
sde               0.00   592.00    0.00 2215.00     0.00 80224.00    72.44     1.68    0.76    0.00    0.76   0.38  83.20
sde               0.00   529.00    0.00 2009.00     0.00 79496.00    79.14     1.92    0.96    0.00    0.96   0.43  87.20
sde               0.00   579.00    0.00 2180.00     0.00 80316.00    73.68     1.68    0.77    0.00    0.77   0.39  85.60
sde               0.00   587.00    0.00 2222.00     0.00 74472.00    67.03     1.72    0.72    0.00    0.72   0.39  86.00
sde               0.00   582.00    0.00 2224.00     0.00 75872.00    68.23     1.75    0.84    0.00    0.84   0.38  84.00
sde               0.00   560.00    0.00 2127.00     0.00 79952.00    75.18     2.07    0.97    0.00    0.97   0.41  87.20
sde               0.00   525.00    0.00 2009.00     0.00 76132.00    75.79     1.94    0.93    0.00    0.93   0.43  86.40
sde               0.00   579.00    0.00 2180.00     0.00 73432.00    67.37     1.64    0.78    0.00    0.78   0.39  85.60
sde               0.00   578.00    0.00 2182.00     0.00 80072.00    73.39     1.72    0.79    0.00    0.79   0.40  87.20
sde               0.00   563.00    0.00 2151.00     0.00 80064.00    74.44     1.62    0.75    0.00    0.75   0.38  80.80
sde               0.00   564.00    0.00 2124.00     0.00 70764.00    66.63     1.82    0.81    0.00    0.81   0.41  86.40
sde               0.00   576.00    0.00 2175.00     0.00 79136.00    72.77     1.85    0.89    0.00    0.89   0.38  83.60
sde               0.00   548.00    0.00 2098.00     0.00 79828.00    76.10     1.88    0.89    0.00    0.89   0.40  84.80
sde               0.00   593.00    0.00 2259.00     0.00 70276.00    62.22     1.72    0.76    0.00    0.76   0.36  82.00
sde               0.00   545.00    0.00 2065.00     0.00 79704.00    77.20     1.88    0.91    0.00    0.91   0.41  84.40
sde               0.00   571.00    0.00 2150.00     0.00 80060.00    74.47     1.77    0.82    0.00    0.82   0.40  86.40
sde               0.00   498.00    0.00 1895.00     0.00 64728.00    68.31     2.17    1.08    0.00    1.08   0.45  85.60
sde               0.00   529.00    0.00 1943.00     0.00 71248.00    73.34     2.39    1.25    0.00    1.25   0.45  88.00
sde               0.00   523.00    0.00 1944.00     0.00 60756.00    62.51     1.97    1.06    0.00    1.06   0.44  86.40
sde               0.00   498.00    0.00 1865.00     0.00 68712.00    73.69     2.27    1.22    0.00    1.22   0.47  87.60
sde               0.00   496.00    0.00 1910.00     0.00 68976.00    72.23     2.25    1.18    0.00    1.18   0.44  84.00
sde               0.00   450.00    0.00 1718.00     0.00 62464.00    72.72     2.67    1.42    0.00    1.42   0.49  84.40
sde               0.00   511.00    0.00 1909.00     0.00 68000.00    71.24     2.29    1.25    0.00    1.25   0.45  86.80
sde               0.00   527.00    0.00 2011.00     0.00 75644.00    75.23     2.10    1.12    0.00    1.12   0.43  86.00
sde               0.00   561.00    0.00 2131.00     0.00 69884.00    65.59     1.81    0.85    0.00    0.85   0.40  85.60
sde               0.00   529.00    0.00 1997.00     0.00 69248.00    69.35     2.05    1.03    0.00    1.03   0.45  89.20
sde               0.00   514.00    0.00 1932.00     0.00 68996.00    71.42     2.08    1.08    0.00    1.08   0.44  84.40
sde               0.00   527.00    0.00 2001.00     0.00 69220.00    69.19     2.20    1.10    0.00    1.10   0.45  89.20
sde               0.00   560.00    0.00 2138.00     0.00 79984.00    74.82     1.93    0.90    0.00    0.90   0.40  85.60
sde               0.00   474.00    0.00 1808.00     0.00 68440.00    75.71     2.60    1.44    0.00    1.44   0.50  89.60
sde               0.00   511.00    0.00 1901.00     0.00 68748.00    72.33     2.30    1.21    0.00    1.21   0.47  88.40
sde               0.00   533.00    0.00 2038.00     0.00 69484.00    68.19     1.94    0.96    0.00    0.96   0.42  86.00
sde               0.00   539.00    0.00 2023.00     0.00 71384.00    70.57     1.79    0.85    0.00    0.85   0.43  87.60
sde               0.00   492.00    0.00 1884.00     0.00 70808.00    75.17     2.19    1.11    0.00    1.11   0.45  84.80
sde               0.00   518.00    0.00 1913.00     0.00 74944.00    78.35     2.00    1.13    0.00    1.13   0.46  88.40
sde               0.00   558.00    0.00 2143.00     0.00 69912.00    65.25     1.90    0.89    0.00    0.89   0.40  85.60
sde               0.00   556.00    0.00 2106.00     0.00 79868.00    75.85     1.92    0.91    0.00    0.91   0.40  84.80
sde               0.00   540.00    0.00 2072.00     0.00 69496.00    67.08     2.13    1.03    0.00    1.03   0.42  86.40
sde               0.00   497.00    0.00 1858.00     0.00 68560.00    73.80     2.32    1.25    0.00    1.25   0.48  89.60
sde               0.00   556.00    0.00 2118.00     0.00 69828.00    65.94     1.77    0.84    0.00    0.84   0.40  84.80
sde               0.00   549.00    0.00 2064.00     0.00 79720.00    77.25     1.84    0.89    0.00    0.89   0.40  82.80
sde               0.00   540.00    0.00 2066.00     0.00 69608.00    67.38     1.95    0.94    0.00    0.94   0.42  87.60
sde               0.00   480.00    0.00 1810.00     0.00 68352.00    75.53     2.24    1.24    0.00    1.24   0.48  86.80
sde               0.00   512.00    0.00 1915.00     0.00 68916.00    71.97     2.11    1.10    0.00    1.10   0.47  89.20
sde               0.00   564.00    0.00 2154.00     0.00 78392.00    72.79     1.84    0.83    0.00    0.83   0.40  86.00
sde               0.00   574.00    0.00 2210.00     0.00 71844.00    65.02     1.81    0.84    0.00    0.84   0.39  85.60
sde               0.00   528.00    0.00 1999.00     0.00 75232.00    75.27     2.02    0.95    0.00    0.95   0.42  84.40
sde               0.00   597.00    0.00 2158.00     0.00 74076.00    68.65     1.80    0.89    0.00    0.89   0.40  86.40
sde               0.00   543.00    0.00 2107.00     0.00 79728.00    75.68     2.45    1.16    0.00    1.16   0.40  83.60
sde               0.00   511.00    0.00 2023.00     0.00 69188.00    68.40     3.07    1.52    0.00    1.52   0.42  85.60
sde               0.00   535.00    0.00 2093.00     0.00 69380.00    66.30     3.00    1.44    0.00    1.44   0.40  83.60
sde               0.00   572.00    0.00 2233.00     0.00 69808.00    62.52     2.68    1.20    0.00    1.20   0.38  85.20
sde               0.00   592.00    0.00 2336.00     0.00 80504.00    68.92     2.47    1.06    0.00    1.06   0.37  86.80
sde               0.00   530.00    0.00 2101.00     0.00 79672.00    75.84     2.96    1.41    0.00    1.41   0.42  87.20
sde               0.00   580.00    0.00 2271.00     0.00 74672.00    65.76     2.53    1.06    0.00    1.06   0.37  84.00
sde               0.00   503.00    0.00 1979.00     0.00 73604.00    74.39     3.17    1.61    0.00    1.61   0.44  87.60
sde               0.00   594.00    0.00 2333.00     0.00 71084.00    60.94     2.42    1.09    0.00    1.09   0.37  85.20
sde               0.00   556.00    0.00 2205.00     0.00 80092.00    72.65     2.82    1.28    0.00    1.28   0.39  86.00
sde               0.00   596.00    0.00 2312.00     0.00 80328.00    69.49     2.51    1.09    0.00    1.09   0.36  82.80
sde               0.00   564.00    0.00 2234.00     0.00 72960.00    65.32     2.54    1.09    0.00    1.09   0.37  82.80
sde               0.00   596.00    0.00 2348.00     0.00 77504.00    66.02     2.52    1.12    0.00    1.12   0.36  85.20
sde               0.00   510.00    0.00 2010.00     0.00 72584.00    72.22     3.30    1.52    0.00    1.52   0.42  84.40
sde               0.00   532.00    0.00 2043.00     0.00 75888.00    74.29     2.93    1.56    0.00    1.56   0.41  84.00
sde               0.00   504.00    0.00 1965.00     0.00 68960.00    70.19     2.83    1.44    0.00    1.44   0.44  86.00
sde               0.00   561.00    0.00 2162.00     0.00 69880.00    64.64     2.06    0.95    0.00    0.95   0.38  81.20
sde               0.00   605.00    0.00 2295.00     0.00 80408.00    70.07     2.14    0.93    0.00    0.93   0.37  85.20
sde               0.00   516.00    0.00 1971.00     0.00 72900.00    73.97     2.52    1.19    0.00    1.19   0.43  84.40
sde               0.00   513.00    0.00 1985.00     0.00 67104.00    67.61     2.82    1.42    0.00    1.42   0.44  87.20
sde               0.00   495.00    0.00 1913.00     0.00 66860.00    69.90     3.08    1.70    0.00    1.70   0.47  90.00
sde               0.00   454.00    0.00 1720.00     0.00 67876.00    78.93     3.06    1.78    0.00    1.78   0.49  83.60
sde               0.00   531.00    0.00 2026.00     0.00 69228.00    68.34     2.88    1.42    0.00    1.42   0.42  86.00
sde               0.00   475.00    0.00 1859.00     0.00 60352.00    64.93     2.93    1.51    0.00    1.51   0.45  83.20
sde               0.00   552.00    0.00 2129.00     0.00 77924.00    73.20     2.47    1.22    0.00    1.22   0.39  82.40
sde               0.00   545.00    0.00 2052.00     0.00 69204.00    67.45     2.81    1.37    0.00    1.37   0.42  87.20
sde               0.00   515.00    0.00 2000.00     0.00 69264.00    69.26     2.30    1.15    0.00    1.15   0.43  86.00
sde               0.00   536.00    0.00 2085.00     0.00 79652.00    76.40     2.21    1.06    0.00    1.06   0.40  82.80
sde               0.00   523.00    0.00 1986.00     0.00 69064.00    69.55     2.76    1.39    0.00    1.39   0.43  86.00
sde               0.00   517.00    0.00 1887.00     0.00 63064.00    66.84     2.54    1.22    0.00    1.22   0.46  87.20
sde               0.00   548.00    0.00 2048.00     0.00 74960.00    73.20     2.50    1.34    0.00    1.34   0.41  83.20
sde               0.00   531.00    0.00 2079.00     0.00 69472.00    66.83     2.69    1.29    0.00    1.29   0.39  81.20
sde               0.00   518.00    0.00 1961.00     0.00 69164.00    70.54     2.38    1.22    0.00    1.22   0.45  88.80
sde               0.00   558.00    0.00 2125.00     0.00 72400.00    68.14     2.46    1.12    0.00    1.12   0.38  81.60
sde               0.00   602.00    0.00 2303.00     0.00 77504.00    67.31     2.01    0.91    0.00    0.91   0.37  84.80
sde               0.00   563.00    0.00 2187.00     0.00 80120.00    73.27     2.34    1.07    0.00    1.07   0.38  83.60
sde               0.00   580.00    0.00 2206.00     0.00 80144.00    72.66     2.14    0.97    0.00    0.97   0.35  78.00
sde               0.00   583.00    0.00 2211.00     0.00 80020.00    72.38     2.18    0.99    0.00    0.99   0.38  83.20
sde               0.00   595.00    0.00 2282.00     0.00 80496.00    70.55     1.90    0.83    0.00    0.83   0.37  84.00
sde               0.00   594.00    0.00 2284.00     0.00 80552.00    70.54     2.11    0.92    0.00    0.92   0.36  82.40
sde               0.00   570.00    0.00 2184.00     0.00 69872.00    63.99     2.18    1.00    0.00    1.00   0.40  86.40
sde               0.00   586.00    0.00 2247.00     0.00 80188.00    71.37     2.24    1.00    0.00    1.00   0.38  84.40
sde               0.00   562.00    0.00 2147.00     0.00 79908.00    74.44     2.16    1.01    0.00    1.01   0.39  83.60
sde               0.00   569.00    0.00 2200.00     0.00 75212.00    68.37     2.10    0.92    0.00    0.92   0.39  84.80
sde               0.00   607.00    0.00 2281.00     0.00 75136.00    65.88     2.00    0.91    0.00    0.91   0.37  84.00
sde               0.00   563.00    0.00 2165.00     0.00 79956.00    73.86     2.29    1.06    0.00    1.06   0.39  84.80
sde               0.00   589.00    0.00 2263.00     0.00 80332.00    71.00     2.20    0.97    0.00    0.97   0.37  82.80
sde               0.00   565.00    0.00 2169.00     0.00 69800.00    64.36     2.13    0.98    0.00    0.98   0.37  80.80
sde               0.00   555.00    0.00 2084.00     0.00 79788.00    76.57     1.82    0.88    0.00    0.88   0.39  80.40
sde               0.00   546.00    0.00 2093.00     0.00 69604.00    66.51     1.67    0.80    0.00    0.80   0.39  82.00
sde               0.00   501.00    0.00 1917.00     0.00 79104.00    82.53     2.00    1.05    0.00    1.05   0.44  84.80
sde               0.00   590.00    0.00 2231.00     0.00 78600.00    70.46     1.61    0.70    0.00    0.70   0.35  78.80
sde               0.00   597.00    0.00 2251.00     0.00 71928.00    63.91     1.72    0.78    0.00    0.78   0.39  88.00
sde               0.00   578.00    0.00 2226.00     0.00 80444.00    72.28     1.82    0.82    0.00    0.82   0.38  84.40
sde               0.00   555.00    0.00 2121.00     0.00 79912.00    75.35     1.87    0.88    0.00    0.88   0.38  81.20
sde               0.00   572.00    0.00 2157.00     0.00 80088.00    74.26     1.81    0.84    0.00    0.84   0.40  85.60
sde               0.00   565.00    0.00 2159.00     0.00 79960.00    74.07     1.55    0.72    0.00    0.72   0.37  80.80
sde               0.00   575.00    0.00 2225.00     0.00 79436.00    71.40     1.59    0.70    0.00    0.70   0.37  82.80
sde               0.00   597.00    0.00 2258.00     0.00 71324.00    63.17     1.59    0.72    0.00    0.72   0.37  82.80
sde               0.00   611.00    0.00 2214.00     0.00 80304.00    72.54     1.66    0.75    0.00    0.75   0.38  85.20
sde               0.00   593.00    0.00 2281.00     0.00 80548.00    70.63     1.73    0.76    0.00    0.76   0.37  85.20
sde               0.00   561.00    0.00 2148.00     0.00 80152.00    74.63     1.80    0.84    0.00    0.84   0.39  84.40
sde               0.00   603.00    0.00 2267.00     0.00 80416.00    70.94     1.67    0.74    0.00    0.74   0.37  82.80
sde               0.00   566.00    0.00 2139.00     0.00 80012.00    74.81     1.67    0.78    0.00    0.78   0.40  85.20
sde               0.00   577.00    0.00 2192.00     0.00 80232.00    73.20     1.62    0.74    0.00    0.74   0.36  78.40
sde               0.00   588.00    0.00 2203.00     0.00 71100.00    64.55     1.67    0.74    0.00    0.74   0.39  86.40
sde               0.00   599.00    0.00 2272.00     0.00 80540.00    70.90     1.70    0.75    0.00    0.75   0.39  88.00
sde               0.00   581.00    0.00 2226.00     0.00 79316.00    71.26     1.70    0.78    0.00    0.78   0.38  85.60
sde               0.00   584.00    0.00 2234.00     0.00 80484.00    72.05     1.77    0.79    0.00    0.79   0.37  83.20
sde               0.00   569.00    0.00 2130.00     0.00 79748.00    74.88     1.74    0.82    0.00    0.82   0.41  86.40
sde               0.00   580.00    0.00 2218.00     0.00 80432.00    72.53     1.68    0.76    0.00    0.76   0.39  85.60
sde               0.00   540.00    0.00 2002.00     0.00 79496.00    79.42     1.71    0.86    0.00    0.86   0.42  84.00
sde               0.00   580.00    0.00 2187.00     0.00 72944.00    66.71     1.72    0.73    0.00    0.73   0.39  85.20
sde               0.00   519.00    0.00 1973.00     0.00 76264.00    77.31     2.05    1.11    0.00    1.11   0.44  86.00
sde               0.00   603.00    0.00 2268.00     0.00 73780.00    65.06     1.60    0.67    0.00    0.67   0.38  85.20
sde               0.00   591.00    0.00 2257.00     0.00 77148.00    68.36     1.64    0.76    0.00    0.76   0.38  86.00
sde               0.00   568.00    0.00 2161.00     0.00 79964.00    74.01     1.84    0.85    0.00    0.85   0.40  85.60
sde               0.00   554.00    0.00 2114.00     0.00 79888.00    75.58     1.65    0.78    0.00    0.78   0.40  83.60
sde               0.00   598.00    0.00 2243.00     0.00 80576.00    71.85     1.54    0.69    0.00    0.69   0.35  79.20
sde               0.00   549.00    0.00 2079.00     0.00 69444.00    66.81     1.64    0.79    0.00    0.79   0.39  82.00
sde               0.00   590.00    0.00 2236.00     0.00 80400.00    71.91     1.63    0.73    0.00    0.73   0.37  82.80
sde               0.00   572.00    0.00 2151.00     0.00 80072.00    74.45     1.72    0.80    0.00    0.80   0.39  84.40
sde               0.00   595.00    0.00 2254.00     0.00 80476.00    71.41     1.69    0.75    0.00    0.75   0.36  81.20
sde               0.00   561.00    0.00 2134.00     0.00 79848.00    74.83     1.78    0.83    0.00    0.83   0.39  83.60
sde               0.00   571.00    0.00 2215.00     0.00 77956.00    70.39     1.77    0.77    0.00    0.77   0.38  83.60
sde               0.00   595.00    0.00 2246.00     0.00 72672.00    64.71     1.59    0.74    0.00    0.74   0.38  85.20
sde               0.00   596.00    0.00 2252.00     0.00 80468.00    71.46     1.58    0.70    0.00    0.70   0.38  85.20
sde               0.00   590.00    0.00 2282.00     0.00 80564.00    70.61     1.62    0.71    0.00    0.71   0.36  82.00
sde               0.00   552.00    0.00 2080.00     0.00 79788.00    76.72     1.69    0.81    0.00    0.81   0.42  86.40
sde               0.00   564.00    0.00 2040.00     0.00 69508.00    68.15     1.94    0.95    0.00    0.95   0.43  87.20
sde               0.00   591.00    0.00 2266.00     0.00 80360.00    70.93     1.69    0.75    0.00    0.75   0.36  80.80
sde               0.00   563.00    0.00 2151.00     0.00 80172.00    74.54     1.71    0.80    0.00    0.80   0.37  80.40
sde               0.00   596.00    0.00 2250.00     0.00 80340.00    71.41     1.74    0.77    0.00    0.77   0.38  85.60
sde               0.00   569.00    0.00 2173.00     0.00 80244.00    73.86     1.63    0.75    0.00    0.75   0.38  82.80
sde               0.00   583.00    0.00 2194.00     0.00 80144.00    73.06     1.63    0.75    0.00    0.75   0.38  84.00
sde               0.00   583.00    0.00 2211.00     0.00 80316.00    72.65     1.61    0.73    0.00    0.73   0.37  82.00
sde               0.00   570.00    0.00 2152.00     0.00 74196.00    68.96     1.74    0.78    0.00    0.78   0.40  85.20
sde               0.00   598.00    0.00 2269.00     0.00 80276.00    70.76     1.70    0.75    0.00    0.75   0.37  83.60
sde               0.00   587.00    0.00 2241.00     0.00 76320.00    68.11     1.70    0.80    0.00    0.80   0.38  86.00
sde               0.00   588.00    0.00 2249.00     0.00 80424.00    71.52     1.74    0.77    0.00    0.77   0.37  82.40
sde               0.00   582.00    0.00 2187.00     0.00 80224.00    73.36     1.67    0.76    0.00    0.76   0.40  86.40
sde               0.00   604.00    0.00 2268.00     0.00 80552.00    71.03     1.54    0.68    0.00    0.68   0.36  81.60
sde               0.00   564.00    0.00 2129.00     0.00 79876.00    75.04     1.69    0.80    0.00    0.80   0.41  86.40
sde               0.00   593.00    0.00 2232.00     0.00 80392.00    72.04     1.63    0.73    0.00    0.73   0.37  82.00
sde               0.00   544.00    0.00 2077.00     0.00 69652.00    67.07     1.68    0.81    0.00    0.81   0.40  82.40
sde               0.00   578.00    0.00 2209.00     0.00 80140.00    72.56     1.79    0.81    0.00    0.81   0.38  83.60
sde               0.00   547.00    0.00 2087.00     0.00 79784.00    76.46     1.80    0.86    0.00    0.86   0.41  85.20
sde               0.00   593.00    0.00 2262.00     0.00 73340.00    64.85     1.62    0.69    0.00    0.69   0.36  80.40
sde               0.00   607.00    0.00 2294.00     0.00 77564.00    67.62     1.58    0.72    0.00    0.72   0.36  83.20
sde               0.00   559.00    0.00 2135.00     0.00 80100.00    75.04     1.68    0.79    0.00    0.79   0.40  84.80
sde               0.00   585.00    0.00 2219.00     0.00 80340.00    72.41     1.66    0.75    0.00    0.75   0.37  83.20
sde               0.00   534.00    0.00 2016.00     0.00 75560.00    74.96     1.81    0.88    0.00    0.88   0.41  82.40
sde               0.00   570.00    0.00 2166.00     0.00 73740.00    68.09     1.85    0.88    0.00    0.88   0.40  86.80
sde               0.00   584.00    0.00 2241.00     0.00 80396.00    71.75     1.73    0.77    0.00    0.77   0.37  83.60
sde               0.00   571.00    0.00 2180.00     0.00 80156.00    73.54     1.74    0.80    0.00    0.80   0.38  82.00
sde               0.00   570.00    0.00 2177.00     0.00 80008.00    73.50     1.79    0.82    0.00    0.82   0.39  85.20
sde               0.00   591.00    0.00 2242.00     0.00 80540.00    71.85     1.60    0.71    0.00    0.71   0.35  79.20
sde               0.00   590.00    0.00 2246.00     0.00 70228.00    62.54     1.58    0.70    0.00    0.70   0.39  86.80
sde               0.00   596.00    0.00 2243.00     0.00 80320.00    71.62     1.62    0.72    0.00    0.72   0.37  83.20
sde               0.00   584.00    0.00 2114.00     0.00 80020.00    75.70     1.75    0.83    0.00    0.83   0.40  85.60
sde               0.00   588.00    0.00 2264.00     0.00 80612.00    71.21     1.70    0.75    0.00    0.75   0.36  82.00
sde               0.00   559.00    0.00 2149.00     0.00 77460.00    72.09     1.75    0.79    0.00    0.79   0.39  84.40
sde               0.00   591.00    0.00 2276.00     0.00 78604.00    69.07     1.76    0.77    0.00    0.77   0.38  86.40
