sde               0.00     1.06    0.00    2.05     0.00   136.52   133.04     0.01    3.41    1.91    3.41   0.40   0.08
sde               0.00     8.00    0.00    6.00     0.00    56.00    18.67     0.00    0.00    0.00    0.00   0.00   0.00
sde               0.00   452.00    0.00 1386.00     0.00 44792.00    64.63     0.52    0.38    0.00    0.38   0.33  46.40
sde               0.00   819.00    0.00 2521.00     0.00 89324.00    70.86     1.02    0.41    0.00    0.41   0.35  88.80
sde               0.00   768.00    0.00 2396.00     0.00 84668.00    70.67     0.97    0.41    0.00    0.41   0.36  86.40
sde               0.00   817.00    0.00 2446.00     0.00 92152.00    75.35     1.00    0.41    0.00    0.41   0.35  85.60
sde               0.00   812.00    0.00 2459.00     0.00 81448.00    66.24     1.05    0.43    0.00    0.43   0.37  91.60
sde               0.00   855.00    0.00 2503.00     0.00 89416.00    71.45     1.02    0.41    0.00    0.41   0.35  88.00
sde               0.00   853.00    0.00 2426.00     0.00 86000.00    70.90     0.99    0.41    0.00    0.41   0.35  84.40
sde               0.00   861.00    0.00 2358.00     0.00 89656.00    76.04     1.00    0.42    0.00    0.42   0.37  88.00
sde               0.00   867.00    0.00 2530.00     0.00 83444.00    65.96     0.99    0.39    0.00    0.39   0.34  86.80
sde               0.00   834.00    0.00 2427.00     0.00 79944.00    65.88     1.02    0.42    0.00    0.42   0.37  90.80
sde               0.00   858.00    0.00 2489.00     0.00 82924.00    66.63     1.02    0.41    0.00    0.41   0.34  84.00
sde               0.00   876.00    0.00 2555.00     0.00 85232.00    66.72     1.14    0.45    0.00    0.45   0.35  90.00
sde               0.00   819.00    0.00 2436.00     0.00 79912.00    65.61     1.05    0.43    0.00    0.43   0.37  90.80
sde               0.00   870.00    0.00 2538.00     0.00 84340.00    66.46     1.02    0.40    0.00    0.40   0.35  88.40
sde               0.00   849.00    0.00 2408.00     0.00 79576.00    66.09     1.02    0.42    0.00    0.42   0.36  87.20
sde               0.00   852.00    0.00 2492.00     0.00 83336.00    66.88     1.04    0.42    0.00    0.42   0.37  92.40
sde               0.00   865.00    0.00 2507.00     0.00 83476.00    66.59     0.94    0.38    0.00    0.38   0.34  84.40
sde               0.00   846.00    0.00 2443.00     0.00 81000.00    66.31     1.00    0.41    0.00    0.41   0.36  88.80
sde               0.00   867.00    0.00 2456.00     0.00 82920.00    67.52     1.00    0.41    0.00    0.41   0.36  89.60
sde               0.00   871.00    0.00 2527.00     0.00 84556.00    66.92     1.04    0.41    0.00    0.41   0.37  92.40
sde               0.00   812.00    0.00 2374.00     0.00 78748.00    66.34     0.94    0.39    0.00    0.39   0.36  84.40
sde               0.00   868.00    0.00 2456.00     0.00 83036.00    67.62     1.00    0.41    0.00    0.41   0.36  88.00
sde               0.00   837.00    0.00 2412.00     0.00 79708.00    66.09     0.96    0.40    0.00    0.40   0.36  86.80
sde               0.00   833.00    0.00 2404.00     0.00 81016.00    67.40     0.95    0.40    0.00    0.40   0.36  87.60
sde               0.00   866.00    0.00 2488.00     0.00 83300.00    66.96     0.99    0.40    0.00    0.40   0.36  89.20
sde               0.00   841.00    0.00 2382.00     0.00 79692.00    66.91     0.96    0.40    0.00    0.40   0.37  87.60
sde               0.00   861.00    0.00 2521.00     0.00 82352.00    65.33     0.98    0.39    0.00    0.39   0.35  89.20
sde               0.00   846.00    0.00 2448.00     0.00 82204.00    67.16     0.96    0.39    0.00    0.39   0.36  88.00
sde               0.00   880.00    0.00 2521.00     0.00 84456.00    67.00     0.98    0.39    0.00    0.39   0.35  88.80
sde               0.00   872.00    0.00 2421.00     0.00 80816.00    66.76     1.00    0.41    0.00    0.41   0.37  89.20
sde               0.00   858.00    0.00 2479.00     0.00 83380.00    67.27     0.97    0.39    0.00    0.39   0.35  87.60
sde               0.00   854.00    0.00 2429.00     0.00 82060.00    67.57     0.96    0.40    0.00    0.40   0.36  88.00
sde               0.00   827.00    0.00 2382.00     0.00 79748.00    66.96     0.92    0.39    0.00    0.39   0.35  83.20
sde               0.00   848.00    0.00 2422.00     0.00 80828.00    66.74     0.95    0.39    0.00    0.39   0.36  86.00
sde               0.00   837.00    0.00 2413.00     0.00 81076.00    67.20     0.94    0.39    0.00    0.39   0.37  88.80
sde               0.00   867.00    0.00 2459.00     0.00 83216.00    67.68     0.96    0.39    0.00    0.39   0.36  88.00
sde               0.00   857.00    0.00 2428.00     0.00 81792.00    67.37     0.97    0.40    0.00    0.40   0.37  89.20
sde               0.00   830.00    0.00 2389.00     0.00 79904.00    66.89     1.00    0.42    0.00    0.42   0.38  90.00
sde               0.00   852.00    0.00 2462.00     0.00 82276.00    66.84     0.97    0.40    0.00    0.40   0.36  88.40
sde               0.00   836.00    0.00 2389.00     0.00 80852.00    67.69     0.95    0.40    0.00    0.40   0.37  88.40
sde               0.00   873.00    0.00 2480.00     0.00 81992.00    66.12     0.97    0.39    0.00    0.39   0.35  86.40
sde               0.00   864.00    0.00 2488.00     0.00 83416.00    67.05     0.98    0.39    0.00    0.39   0.36  88.80
sde               0.00   844.00    0.00 2441.00     0.00 81132.00    66.47     0.99    0.40    0.00    0.40   0.37  90.00
sde               0.00   877.00    0.00 2483.00     0.00 84212.00    67.83     0.99    0.40    0.00    0.40   0.37  92.00
sde               0.00   832.00    0.00 2366.00     0.00 78560.00    66.41     0.91    0.39    0.00    0.39   0.36  84.40
sde               0.00   847.00    0.00 2455.00     0.00 82208.00    66.97     0.92    0.38    0.00    0.38   0.34  84.40
sde               0.00   816.00    0.00 2321.00     0.00 77476.00    66.76     0.92    0.40    0.00    0.40   0.37  86.40
sde               0.00   827.00    0.00 2412.00     0.00 79828.00    66.19     0.99    0.41    0.00    0.41   0.37  90.00
sde               0.00   858.00    0.00 2448.00     0.00 81956.00    66.96     0.98    0.40    0.00    0.40   0.36  88.00
sde               0.00   833.00    0.00 2390.00     0.00 81004.00    67.79     0.96    0.40    0.00    0.40   0.38  90.40
sde               0.00   878.00    0.00 2466.00     0.00 83360.00    67.61     0.92    0.37    0.00    0.37   0.37  90.80
sde               0.00   857.00    0.00 2372.00     0.00 80688.00    68.03     0.88    0.37    0.00    0.37   0.36  86.40
sde               0.00   862.00    0.00 2456.00     0.00 83384.00    67.90     0.94    0.38    0.00    0.38   0.37  92.00
sde               0.00   870.00    0.00 2457.00     0.00 84476.00    68.76     0.90    0.37    0.00    0.37   0.37  90.00
sde               0.00   835.00    0.00 2344.00     0.00 79780.00    68.07     0.90    0.38    0.00    0.38   0.37  87.60
sde               0.00   870.00    0.00 2435.00     0.00 82972.00    68.15     0.93    0.38    0.00    0.38   0.37  90.80
sde               0.00   869.00    0.00 2474.00     0.00 83496.00    67.50     0.92    0.38    0.00    0.38   0.37  91.60
sde               0.00   832.00    0.00 2342.00     0.00 79692.00    68.05     0.93    0.40    0.00    0.40   0.38  89.20
sde               0.00   836.00    0.00 2359.00     0.00 80792.00    68.50     0.92    0.39    0.00    0.39   0.38  89.20
sde               0.00   886.00    0.00 2427.00     0.00 82120.00    67.67     0.84    0.35    0.00    0.35   0.35  84.00
sde               0.00   865.00    0.00 2445.00     0.00 83888.00    68.62     0.92    0.38    0.00    0.38   0.37  90.80
sde               0.00   826.00    0.00 2347.00     0.00 79200.00    67.49     0.93    0.40    0.00    0.40   0.38  90.00
sde               0.00   892.00    0.00 2452.00     0.00 84140.00    68.63     0.91    0.38    0.00    0.38   0.37  90.00
sde               0.00   839.00    0.00 2386.00     0.00 81044.00    67.93     0.92    0.39    0.00    0.39   0.38  91.20
sde               0.00   858.00    0.00 2430.00     0.00 83288.00    68.55     0.93    0.38    0.00    0.38   0.37  89.20
sde               0.00   832.00    0.00 2329.00     0.00 79552.00    68.31     0.89    0.38    0.00    0.38   0.37  86.00
sde               0.00   883.00    0.00 2460.00     0.00 83228.00    67.67     0.92    0.37    0.00    0.37   0.37  90.00
sde               0.00   871.00    0.00 2469.00     0.00 83492.00    67.63     0.90    0.36    0.00    0.36   0.36  90.00
sde               0.00   852.00    0.00 2392.00     0.00 82036.00    68.59     0.90    0.38    0.00    0.38   0.37  88.80
sde               0.00   863.00    0.00 2442.00     0.00 83232.00    68.17     0.89    0.36    0.00    0.36   0.36  86.80
sde               0.00   817.00    0.00 2278.00     0.00 77308.00    67.87     0.90    0.40    0.00    0.40   0.39  88.40
sde               0.00   865.00    0.00 2437.00     0.00 84396.00    69.26     0.89    0.36    0.00    0.36   0.36  88.80
sde               0.00   849.00    0.00 2379.00     0.00 80956.00    68.06     0.90    0.38    0.00    0.38   0.37  89.20
sde               0.00   869.00    0.00 2434.00     0.00 80856.00    66.44     0.96    0.39    0.00    0.39   0.37  91.20
sde               0.00   836.00    0.00 2385.00     0.00 81012.00    67.93     0.91    0.38    0.00    0.38   0.37  88.40
sde               0.00   827.00    0.00 2345.00     0.00 78848.00    67.25     0.86    0.37    0.00    0.37   0.37  85.60
sde               0.00   869.00    0.00 2463.00     0.00 84380.00    68.52     0.90    0.36    0.00    0.36   0.36  88.40
sde               0.00   827.00    0.00 2329.00     0.00 77316.00    66.39     0.91    0.39    0.00    0.39   0.37  85.20
sde               0.00   865.00    0.00 2448.00     0.00 83404.00    68.14     0.88    0.36    0.00    0.36   0.36  87.60
sde               0.00   843.00    0.00 2367.00     0.00 80876.00    68.34     0.91    0.39    0.00    0.39   0.38  90.40
sde               0.00   880.00    0.00 2488.00     0.00 83448.00    67.08     0.90    0.36    0.00    0.36   0.36  89.20
sde               0.00   851.00    0.00 2375.00     0.00 80784.00    68.03     0.90    0.38    0.00    0.38   0.37  88.40
sde               0.00   870.00    0.00 2468.00     0.00 84516.00    68.49     0.88    0.36    0.00    0.36   0.36  88.00
sde               0.00   831.00    0.00 2350.00     0.00 79740.00    67.86     0.89    0.38    0.00    0.38   0.36  84.80
sde               0.00   885.00    0.00 2475.00     0.00 83160.00    67.20     0.93    0.37    0.00    0.37   0.37  90.40
sde               0.00   825.00    0.00 2359.00     0.00 79876.00    67.72     0.87    0.37    0.00    0.37   0.37  86.80
sde               0.00   845.00    0.00 2390.00     0.00 82132.00    68.73     0.92    0.38    0.00    0.38   0.38  92.00
sde               0.00   858.00    0.00 2431.00     0.00 82120.00    67.56     0.89    0.37    0.00    0.37   0.35  86.00
sde               0.00   884.00    0.00 2456.00     0.00 83028.00    67.61     0.98    0.40    0.00    0.40   0.38  92.40
sde               0.00   864.00    0.00 2405.00     0.00 82264.00    68.41     0.90    0.37    0.00    0.37   0.37  89.60
sde               0.00   861.00    0.00 2425.00     0.00 82144.00    67.75     0.86    0.36    0.00    0.36   0.35  85.20
sde               0.00   876.00    0.00 2489.00     0.00 83464.00    67.07     0.94    0.38    0.00    0.38   0.37  92.40
sde               0.00   852.00    0.00 2378.00     0.00 80816.00    67.97     0.87    0.37    0.00    0.37   0.36  86.00
sde               0.00   880.00    0.00 2487.00     0.00 84608.00    68.04     0.94    0.38    0.00    0.38   0.38  93.60
sde               0.00   862.00    0.00 2401.00     0.00 83116.00    69.23     0.88    0.37    0.00    0.37   0.36  87.20
sde               0.00   824.00    0.00 2307.00     0.00 77492.00    67.18     0.89    0.38    0.00    0.38   0.36  83.60
sde               0.00   874.00    0.00 2454.00     0.00 84216.00    68.64     0.87    0.36    0.00    0.36   0.35  86.40
sde               0.00   839.00    0.00 2368.00     0.00 82032.00    69.28     0.90    0.38    0.00    0.38   0.38  90.40
sde               0.00   843.00    0.00 2398.00     0.00 80964.00    67.53     0.90    0.37    0.00    0.37   0.36  86.80
sde               0.00   882.00    0.00 2462.00     0.00 83092.00    67.50     0.90    0.37    0.00    0.37   0.36  88.00
sde               0.00   851.00    0.00 2399.00     0.00 82180.00    68.51     0.92    0.39    0.00    0.39   0.38  91.60
sde               0.00   878.00    0.00 2466.00     0.00 84388.00    68.44     0.88    0.36    0.00    0.36   0.35  87.20
sde               0.00   868.00    0.00 2423.00     0.00 82148.00    67.81     0.89    0.37    0.00    0.37   0.36  86.40
sde               0.00   837.00    0.00 2375.00     0.00 80696.00    67.95     0.90    0.38    0.00    0.38   0.36  86.00
sde               0.00   872.00    0.00 2466.00     0.00 83488.00    67.71     0.90    0.36    0.00    0.36   0.36  89.20
sde               0.00   840.00    0.00 2374.00     0.00 79876.00    67.29     0.88    0.37    0.00    0.37   0.37  87.20
sde               0.00   846.00    0.00 2386.00     0.00 80820.00    67.75     0.87    0.36    0.00    0.36   0.36  84.80
sde               0.00   852.00    0.00 2414.00     0.00 82060.00    67.99     0.90    0.37    0.00    0.37   0.36  86.80
sde               0.00   848.00    0.00 2399.00     0.00 81140.00    67.64     0.93    0.39    0.00    0.39   0.39  92.80
sde               0.00   838.00    0.00 2357.00     0.00 80828.00    68.59     0.86    0.37    0.00    0.37   0.36  84.00
sde               0.00   797.00    0.00 2238.00     0.00 74836.00    66.88     0.87    0.39    0.00    0.39   0.37  83.60
sde               0.00   869.00    0.00 2465.00     0.00 84492.00    68.55     0.90    0.37    0.00    0.37   0.36  89.60
sde               0.00   850.00    0.00 2377.00     0.00 80944.00    68.11     0.86    0.36    0.00    0.36   0.36  85.20
sde               0.00   798.00    0.00 2296.00     0.00 77580.00    67.58     0.91    0.40    0.00    0.40   0.39  90.40
sde               0.00   872.00    0.00 2418.00     0.00 81888.00    67.73     0.90    0.37    0.00    0.37   0.36  87.60
sde               0.00   875.00    0.00 2479.00     0.00 84560.00    68.22     0.90    0.36    0.00    0.36   0.36  90.40
sde               0.00   844.00    0.00 2369.00     0.00 80904.00    68.30     0.88    0.37    0.00    0.37   0.37  88.00
sde               0.00   890.00    0.00 2456.00     0.00 84296.00    68.64     0.88    0.36    0.00    0.36   0.36  87.60
sde               0.00   823.00    0.00 2321.00     0.00 78628.00    67.75     0.89    0.38    0.00    0.38   0.38  88.80
sde               0.00   869.00    0.00 2469.00     0.00 84492.00    68.44     0.91    0.37    0.00    0.37   0.37  90.40
sde               0.00   870.00    0.00 2396.00     0.00 82156.00    68.58     0.90    0.37    0.00    0.37   0.37  88.40
sde               0.00   886.00    0.00 2465.00     0.00 84148.00    68.27     0.93    0.38    0.00    0.38   0.37  90.40
sde               0.00   846.00    0.00 2398.00     0.00 82160.00    68.52     0.92    0.38    0.00    0.38   0.38  91.60
sde               0.00   859.00    0.00 2430.00     0.00 81108.00    66.76     0.90    0.37    0.00    0.37   0.36  86.80
sde               0.00   846.00    0.00 2393.00     0.00 81108.00    67.79     0.87    0.36    0.00    0.36   0.35  84.80
sde               0.00   856.00    0.00 2395.00     0.00 80696.00    67.39     0.92    0.38    0.00    0.38   0.37  88.80
sde               0.00   864.00    0.00 2445.00     0.00 83384.00    68.21     0.87    0.36    0.00    0.36   0.35  86.00
sde               0.00   863.00    0.00 2427.00     0.00 82188.00    67.73     0.91    0.38    0.00    0.38   0.38  91.20
sde               0.00   877.00    0.00 2467.00     0.00 84272.00    68.32     0.94    0.38    0.00    0.38   0.37  91.60
sde               0.00   854.00    0.00 2392.00     0.00 81012.00    67.74     0.88    0.37    0.00    0.37   0.37  88.00
sde               0.00   866.00    0.00 2457.00     0.00 84456.00    68.75     0.88    0.36    0.00    0.36   0.36  87.60
sde               0.00   885.00    0.00 2480.00     0.00 84468.00    68.12     0.92    0.37    0.00    0.37   0.37  91.60
sde               0.00   863.00    0.00 2378.00     0.00 80712.00    67.88     0.94    0.40    0.00    0.40   0.38  91.20
sde               0.00   862.00    0.00 2456.00     0.00 84408.00    68.74     0.90    0.37    0.00    0.37   0.36  89.20
sde               0.00   857.00    0.00 2405.00     0.00 81064.00    67.41     0.90    0.38    0.00    0.38   0.37  89.60
sde               0.00   849.00    0.00 2402.00     0.00 82084.00    68.35     0.90    0.37    0.00    0.37   0.37  89.60
sde               0.00   873.00    0.00 2465.00     0.00 83180.00    67.49     0.90    0.37    0.00    0.37   0.35  87.20
sde               0.00   824.00    0.00 2381.00     0.00 79880.00    67.10     0.90    0.38    0.00    0.38   0.36  84.80
sde               0.00   818.00    0.00 2311.00     0.00 78556.00    67.98     0.91    0.39    0.00    0.39   0.38  87.60
sde               0.00   880.00    0.00 2448.00     0.00 84208.00    68.80     0.92    0.37    0.00    0.37   0.37  90.00
sde               0.00   850.00    0.00 2410.00     0.00 81040.00    67.25     0.91    0.38    0.00    0.38   0.37  90.00
sde               0.00   871.00    0.00 2458.00     0.00 84484.00    68.74     0.94    0.38    0.00    0.38   0.38  94.00
sde               0.00   845.00    0.00 2387.00     0.00 80984.00    67.85     0.90    0.38    0.00    0.38   0.37  89.20
sde               0.00   878.00    0.00 2439.00     0.00 83016.00    68.07     0.86    0.35    0.00    0.35   0.35  84.40
sde               0.00   812.00    0.00 2344.00     0.00 78732.00    67.18     0.91    0.39    0.00    0.39   0.37  86.80
sde               0.00   871.00    0.00 2432.00     0.00 82224.00    67.62     0.88    0.36    0.00    0.36   0.36  88.00
sde               0.00   870.00    0.00 2434.00     0.00 83236.00    68.39     0.91    0.37    0.00    0.37   0.37  90.00
sde               0.00   851.00    0.00 2388.00     0.00 80836.00    67.70     0.88    0.37    0.00    0.37   0.36  86.80
sde               0.00   874.00    0.00 2482.00     0.00 83544.00    67.32     0.89    0.36    0.00    0.36   0.36  88.80
sde               0.00   848.00    0.00 2386.00     0.00 81988.00    68.72     0.92    0.39    0.00    0.39   0.38  91.20
sde               0.00   901.00    0.00 2452.00     0.00 84348.00    68.80     0.92    0.38    0.00    0.38   0.37  91.20
sde               0.00   847.00    0.00 2387.00     0.00 80944.00    67.82     0.93    0.39    0.00    0.39   0.37  88.80
sde               0.00   870.00    0.00 2459.00     0.00 84480.00    68.71     0.90    0.37    0.00    0.37   0.37  90.00
sde               0.00   819.00    0.00 2317.00     0.00 78556.00    67.81     0.90    0.39    0.00    0.39   0.38  87.20
sde               0.00   877.00    0.00 2439.00     0.00 82976.00    68.04     0.91    0.37    0.00    0.37   0.36  87.20
sde               0.00   870.00    0.00 2460.00     0.00 84488.00    68.69     0.89    0.36    0.00    0.36   0.36  89.20
sde               0.00   854.00    0.00 2396.00     0.00 81024.00    67.63     0.90    0.38    0.00    0.38   0.37  89.20
sde               0.00   855.00    0.00 2422.00     0.00 83144.00    68.66     0.92    0.38    0.00    0.38   0.37  89.60
sde               0.00   853.00    0.00 2397.00     0.00 80868.00    67.47     0.93    0.39    0.00    0.39   0.38  90.40
sde               0.00   862.00    0.00 2436.00     0.00 83336.00    68.42     0.88    0.36    0.00    0.36   0.35  86.40
sde               0.00   871.00    0.00 2444.00     0.00 83272.00    68.14     0.88    0.36    0.00    0.36   0.35  86.40
sde               0.00   844.00    0.00 2363.00     0.00 80728.00    68.33     0.89    0.38    0.00    0.38   0.37  86.40
sde               0.00   884.00    0.00 2475.00     0.00 84448.00    68.24     0.90    0.36    0.00    0.36   0.36  88.40
sde               0.00   848.00    0.00 2384.00     0.00 81092.00    68.03     0.91    0.38    0.00    0.38   0.38  90.80
sde               0.00   832.00    0.00 2391.00     0.00 80872.00    67.65     0.90    0.37    0.00    0.37   0.35  83.60
sde               0.00   837.00    0.00 2338.00     0.00 78396.00    67.06     0.88    0.37    0.00    0.37   0.35  82.00
sde               0.00   802.00    0.00 2297.00     0.00 78580.00    68.42     0.88    0.39    0.00    0.39   0.37  86.00
sde               0.00   856.00    0.00 2403.00     0.00 82056.00    68.29     0.85    0.36    0.00    0.36   0.35  84.80
sde               0.00   884.00    0.00 2488.00     0.00 84488.00    67.92     0.93    0.37    0.00    0.37   0.37  92.40
sde               0.00   849.00    0.00 2381.00     0.00 80772.00    67.85     0.94    0.39    0.00    0.39   0.38  90.00
sde               0.00   871.00    0.00 2462.00     0.00 84488.00    68.63     0.90    0.37    0.00    0.37   0.36  89.20
sde               0.00   834.00    0.00 2367.00     0.00 79820.00    67.44     0.92    0.39    0.00    0.39   0.38  89.20
sde               0.00   844.00    0.00 2369.00     0.00 81820.00    69.08     0.89    0.37    0.00    0.37   0.37  87.20
sde               0.00   870.00    0.00 2453.00     0.00 82244.00    67.06     0.90    0.36    0.00    0.36   0.36  88.40
sde               0.00   850.00    0.00 2387.00     0.00 81984.00    68.69     0.91    0.39    0.00    0.39   0.37  89.20
sde               0.00   825.00    0.00 2357.00     0.00 79860.00    67.76     0.86    0.36    0.00    0.36   0.35  82.00
sde               0.00   864.00    0.00 2389.00     0.00 80756.00    67.61     0.93    0.39    0.00    0.39   0.38  89.60
sde               0.00   873.00    0.00 2473.00     0.00 84508.00    68.34     0.88    0.35    0.00    0.35   0.35  87.20
sde               0.00   856.00    0.00 2415.00     0.00 82132.00    68.02     0.92    0.39    0.00    0.39   0.37  90.40
sde               0.00   867.00    0.00 2486.00     0.00 83564.00    67.23     0.93    0.37    0.00    0.37   0.37  91.60
sde               0.00   871.00    0.00 2352.00     0.00 80664.00    68.59     0.92    0.39    0.00    0.39   0.37  87.20
sde               0.00   842.00    0.00 2398.00     0.00 81116.00    67.65     0.91    0.38    0.00    0.38   0.38  91.20
sde               0.00   873.00    0.00 2459.00     0.00 84312.00    68.57     0.93    0.38    0.00    0.38   0.36  88.40
sde               0.00   888.00    0.00 2477.00     0.00 84328.00    68.09     0.92    0.37    0.00    0.37   0.36  90.00
sde               0.00   823.00    0.00 2320.00     0.00 78608.00    67.77     0.90    0.39    0.00    0.39   0.37  86.40
sde               0.00   852.00    0.00 2432.00     0.00 82092.00    67.51     0.95    0.39    0.00    0.39   0.37  89.60
sde               0.00   848.00    0.00 2451.00     0.00 82276.00    67.14     0.92    0.38    0.00    0.38   0.36  87.20
sde               0.00   842.00    0.00 2386.00     0.00 79504.00    66.64     1.02    0.43    0.00    0.43   0.37  87.20
sde               0.00   803.00    0.00 2351.00     0.00 77600.00    66.01     1.04    0.44    0.00    0.44   0.38  89.60
sde               0.00   831.00    0.00 2409.00     0.00 80820.00    67.10     0.95    0.40    0.00    0.40   0.35  84.40
sde               0.00   811.00    0.00 2381.00     0.00 78744.00    66.14     1.02    0.43    0.00    0.43   0.37  89.20
sde               0.00   858.00    0.00 2440.00     0.00 81768.00    67.02     1.04    0.42    0.00    0.42   0.37  90.40
sde               0.00   846.00    0.00 2493.00     0.00 82276.00    66.01     0.98    0.39    0.00    0.39   0.34  84.00
sde               0.00   793.00    0.00 2302.00     0.00 77288.00    67.15     1.00    0.43    0.00    0.43   0.38  86.80
sde               0.00   812.00    0.00 2364.00     0.00 78560.00    66.46     0.99    0.42    0.00    0.42   0.37  86.40
sde               0.00   872.00    0.00 2513.00     0.00 83184.00    66.20     1.03    0.41    0.00    0.41   0.36  89.60
sde               0.00   831.00    0.00 2424.00     0.00 79844.00    65.88     1.02    0.42    0.00    0.42   0.37  88.80
sde               0.00   819.80    0.00 2420.79     0.00 79227.72    65.46     1.03    0.42    0.00    0.42   0.37  89.11
sde               0.00   810.00    0.00 2338.00     0.00 78480.00    67.13     0.95    0.41    0.00    0.41   0.36  84.00
sde               0.00   816.00    0.00 2377.00     0.00 77452.00    65.17     1.00    0.42    0.00    0.42   0.37  87.20
sde               0.00   841.00    0.00 2443.00     0.00 81972.00    67.11     1.03    0.42    0.00    0.42   0.36  88.80
sde               0.00   829.00    0.00 2435.00     0.00 79992.00    65.70     0.98    0.40    0.00    0.40   0.35  85.60
sde               0.00   851.00    0.00 2449.00     0.00 80876.00    66.05     0.98    0.40    0.00    0.40   0.35  84.80
sde               0.00   831.00    0.00 2440.00     0.00 79884.00    65.48     1.05    0.43    0.00    0.43   0.37  90.80
sde               0.00   838.00    0.00 2420.00     0.00 80868.00    66.83     1.02    0.42    0.00    0.42   0.36  88.00
sde               0.00   815.00    0.00 2401.00     0.00 78812.00    65.65     0.99    0.41    0.00    0.41   0.35  85.20
sde               0.00   859.00    0.00 2446.00     0.00 80760.00    66.03     0.98    0.40    0.00    0.40   0.35  84.80
sde               0.00   805.00    0.00 2385.00     0.00 78720.00    66.01     0.97    0.41    0.00    0.41   0.35  84.00
sde               0.00   860.00    0.00 2500.00     0.00 83240.00    66.59     1.04    0.42    0.00    0.42   0.36  90.80
sde               0.00   801.00    0.00 2355.00     0.00 77596.00    65.90     1.03    0.44    0.00    0.44   0.37  88.00
sde               0.00   866.00    0.00 2400.00     0.00 80676.00    67.23     0.99    0.41    0.00    0.41   0.37  88.00
sde               0.00   851.00    0.00 2476.00     0.00 82372.00    66.54     0.99    0.40    0.00    0.40   0.34  85.20
sde               0.00   826.00    0.00 2427.00     0.00 80724.00    66.52     1.03    0.42    0.00    0.42   0.37  89.20
sde               0.00   851.00    0.00 2430.00     0.00 80808.00    66.51     1.03    0.43    0.00    0.43   0.37  88.80
sde               0.00   830.00    0.00 2363.00     0.00 79744.00    67.49     0.94    0.40    0.00    0.40   0.37  88.40
sde               0.00   850.00    0.00 2398.00     0.00 82048.00    68.43     0.86    0.36    0.00    0.36   0.36  85.60
sde               0.00   857.00    0.00 2414.00     0.00 84336.00    69.87     0.89    0.37    0.00    0.37   0.37  88.80
sde               0.00   841.00    0.00 2369.00     0.00 79732.00    67.31     0.92    0.39    0.00    0.39   0.37  88.80
sde               0.00   877.00    0.00 2455.00     0.00 84368.00    68.73     0.88    0.36    0.00    0.36   0.36  87.20
sde               0.00   843.00    0.00 2365.00     0.00 79852.00    67.53     0.93    0.39    0.00    0.39   0.38  90.40
sde               0.00   869.00    0.00 2464.00     0.00 83472.00    67.75     0.90    0.36    0.00    0.36   0.36  89.60
sde               0.00   850.00    0.00 2336.00     0.00 79532.00    68.09     0.88    0.38    0.00    0.38   0.37  86.40
sde               0.00   865.00    0.00 2447.00     0.00 83252.00    68.04     0.90    0.37    0.00    0.37   0.36  88.40
sde               0.00   830.00    0.00 2370.00     0.00 81016.00    68.37     0.91    0.38    0.00    0.38   0.38  90.80
sde               0.00   873.00    0.00 2443.00     0.00 83164.00    68.08     0.91    0.37    0.00    0.37   0.36  87.60
sde               0.00   828.00    0.00 2347.00     0.00 79728.00    67.94     0.89    0.38    0.00    0.38   0.37  87.20
sde               0.00   870.00    0.00 2430.00     0.00 83228.00    68.50     0.89    0.37    0.00    0.37   0.36  88.00
sde               0.00   822.00    0.00 2329.00     0.00 78788.00    67.66     0.88    0.38    0.00    0.38   0.38  87.60
sde               0.00   869.00    0.00 2425.00     0.00 83080.00    68.52     0.89    0.37    0.00    0.37   0.37  88.80
sde               0.00   839.00    0.00 2346.00     0.00 80808.00    68.89     0.88    0.38    0.00    0.38   0.37  86.80
sde               0.00   877.00    0.00 2485.00     0.00 84476.00    67.99     0.90    0.36    0.00    0.36   0.36  89.20
sde               0.00   837.00    0.00 2396.00     0.00 81124.00    67.72     0.89    0.37    0.00    0.37   0.37  88.80
sde               0.00   884.00    0.00 2464.00     0.00 83124.00    67.47     0.87    0.36    0.00    0.36   0.34  84.80
sde               0.00   854.00    0.00 2394.00     0.00 82028.00    68.53     0.89    0.37    0.00    0.37   0.37  88.00
sde               0.00   849.00    0.00 2406.00     0.00 82184.00    68.32     0.86    0.36    0.00    0.36   0.36  85.60
sde               0.00   827.00    0.00 2309.00     0.00 78604.00    68.08     0.87    0.38    0.00    0.38   0.38  86.80
sde               0.00   840.00    0.00 2352.00     0.00 79680.00    67.76     0.86    0.37    0.00    0.37   0.37  86.00
sde               0.00   834.00    0.00 2339.00     0.00 79760.00    68.20     0.86    0.37    0.00    0.37   0.37  85.60
sde               0.00   796.00    0.00 2294.00     0.00 77588.00    67.64     0.84    0.37    0.00    0.37   0.37  84.40
sde               0.00   829.00    0.00 2311.00     0.00 78504.00    67.94     0.86    0.37    0.00    0.37   0.37  85.20
sde               0.00   888.00    0.00 2438.00     0.00 82328.00    67.54     0.86    0.35    0.00    0.35   0.35  85.60
sde               0.00   823.00    0.00 2310.00     0.00 79600.00    68.92     0.89    0.39    0.00    0.39   0.38  88.00
sde               0.00   852.00    0.00 2409.00     0.00 81200.00    67.41     0.86    0.36    0.00    0.36   0.36  86.00
sde               0.00   847.00    0.00 2332.00     0.00 80672.00    69.19     0.88    0.38    0.00    0.38   0.38  88.40
sde               0.00   851.00    0.00 2396.00     0.00 82044.00    68.48     0.90    0.38    0.00    0.38   0.37  88.80
sde               0.00   849.00    0.00 2394.00     0.00 82052.00    68.55     0.87    0.36    0.00    0.36   0.36  86.80
sde               0.00   814.00    0.00 2326.00     0.00 79800.00    68.62     0.88    0.38    0.00    0.38   0.38  87.60
sde               0.00   881.00    0.00 2431.00     0.00 83000.00    68.28     0.88    0.36    0.00    0.36   0.35  86.00
sde               0.00   798.00    0.00 2256.00     0.00 77436.00    68.65     0.84    0.37    0.00    0.37   0.37  83.60
sde               0.00   837.00    0.00 2346.00     0.00 79784.00    68.02     0.85    0.36    0.00    0.36   0.36  85.20
sde               0.00   881.00    0.00 2440.00     0.00 84344.00    69.13     0.90    0.37    0.00    0.37   0.37  89.60
sde               0.00   848.00    0.00 2379.00     0.00 80800.00    67.93     0.88    0.37    0.00    0.37   0.37  87.60
sde               0.00   869.00    0.00 2432.00     0.00 84268.00    69.30     0.90    0.37    0.00    0.37   0.36  88.40
sde               0.00   831.00    0.00 2364.00     0.00 81004.00    68.53     0.94    0.40    0.00    0.40   0.40  93.60
sde               0.00   834.00    0.00 2349.00     0.00 79644.00    67.81     0.89    0.38    0.00    0.38   0.38  88.40
sde               0.00   832.00    0.00 2344.00     0.00 78724.00    67.17     0.87    0.37    0.00    0.37   0.37  86.40
sde               0.00   824.00    0.00 2325.00     0.00 79652.00    68.52     0.89    0.38    0.00    0.38   0.38  87.20
sde               0.00   848.00    0.00 2397.00     0.00 81140.00    67.70     0.87    0.36    0.00    0.36   0.36  86.80
sde               0.00   877.00    0.00 2425.00     0.00 82960.00    68.42     0.90    0.37    0.00    0.37   0.36  87.20
sde               0.00   828.00    0.00 2356.00     0.00 79908.00    67.83     0.91    0.39    0.00    0.39   0.39  90.80
sde               0.00   852.00    0.00 2423.00     0.00 81108.00    66.95     0.90    0.37    0.00    0.37   0.37  88.80
sde               0.00   788.00    0.00 2222.00     0.00 76188.00    68.58     0.83    0.37    0.00    0.37   0.37  82.80
sde               0.00   836.00    0.00 2343.00     0.00 79624.00    67.97     0.88    0.38    0.00    0.38   0.37  87.20
sde               0.00   830.00    0.00 2336.00     0.00 80868.00    69.24     0.88    0.38    0.00    0.38   0.38  87.60
sde               0.00   859.00    0.00 2441.00     0.00 82172.00    67.33     0.91    0.37    0.00    0.37   0.36  87.60
sde               0.00   833.00    0.00 2309.00     0.00 78480.00    67.98     0.86    0.37    0.00    0.37   0.36  83.60
sde               0.00   858.00    0.00 2419.00     0.00 82116.00    67.89     0.88    0.37    0.00    0.37   0.36  86.40
sde               0.00   838.00    0.00 2362.00     0.00 79828.00    67.59     0.88    0.37    0.00    0.37   0.37  86.40
sde               0.00   855.00    0.00 2438.00     0.00 83368.00    68.39     0.92    0.38    0.00    0.38   0.38  91.60
sde               0.00   845.00    0.00 2371.00     0.00 79768.00    67.29     0.87    0.37    0.00    0.37   0.36  86.40
sde               0.00   885.00    0.00 2449.00     0.00 83360.00    68.08     0.87    0.36    0.00    0.36   0.36  87.20
sde               0.00   848.00    0.00 2375.00     0.00 80928.00    68.15     0.88    0.37    0.00    0.37   0.37  88.00
sde               0.00   874.00    0.00 2457.00     0.00 84360.00    68.67     0.91    0.37    0.00    0.37   0.37  91.20
sde               0.00   837.00    0.00 2328.00     0.00 79568.00    68.36     0.91    0.39    0.00    0.39   0.37  86.80
sde               0.00   856.00    0.00 2410.00     0.00 82228.00    68.24     0.91    0.38    0.00    0.38   0.38  91.20
sde               0.00   823.00    0.00 2332.00     0.00 79700.00    68.35     0.89    0.38    0.00    0.38   0.38  88.40
sde               0.00   857.00    0.00 2394.00     0.00 81928.00    68.44     0.88    0.37    0.00    0.37   0.36  86.40
sde               0.00   827.00    0.00 2323.00     0.00 78664.00    67.73     0.87    0.38    0.00    0.38   0.37  86.80
sde               0.00   858.00    0.00 2405.00     0.00 83124.00    69.13     0.85    0.35    0.00    0.35   0.35  84.80
sde               0.00   840.00    0.00 2350.00     0.00 79944.00    68.04     0.86    0.37    0.00    0.37   0.37  86.40
sde               0.00   863.00    0.00 2413.00     0.00 81976.00    67.95     0.90    0.37    0.00    0.37   0.37  88.40
sde               0.00   831.00    0.00 2339.00     0.00 78716.00    67.31     0.90    0.38    0.00    0.38   0.37  87.60
sde               0.00   857.00    0.00 2408.00     0.00 82108.00    68.20     0.88    0.37    0.00    0.37   0.37  88.00
sde               0.00   823.00    0.00 2342.00     0.00 80908.00    69.09     0.88    0.38    0.00    0.38   0.37  87.20
sde               0.00   878.00    0.00 2474.00     0.00 83208.00    67.27     0.95    0.38    0.00    0.38   0.36  89.60
sde               0.00   841.00    0.00 2357.00     0.00 80860.00    68.61     0.87    0.37    0.00    0.37   0.37  87.20
sde               0.00   859.00    0.00 2430.00     0.00 82164.00    67.62     0.85    0.35    0.00    0.35   0.35  84.00
sde               0.00   841.00    0.00 2365.00     0.00 80728.00    68.27     0.91    0.39    0.00    0.39   0.38  89.60
