sde               0.00     1.15    0.00    2.26     0.00   146.82   129.99     0.01    3.14    1.91    3.14   0.41   0.09
sde               0.00     1.00    0.00    4.00     0.00    20.00    10.00     0.00    0.00    0.00    0.00   0.00   0.00
sde               0.00   461.00    0.00 1410.00     0.00 57100.00    80.99     0.69    0.49    0.00    0.49   0.36  50.80
sde               0.00   749.00    0.00 2309.00     0.00 103856.00    89.96     1.12    0.49    0.00    0.49   0.36  83.60
sde               0.00   737.00    0.00 2341.00     0.00 101608.00    86.81     1.16    0.49    0.00    0.49   0.36  84.40
sde               0.00   678.00    0.00 2057.00     0.00 107912.00   104.92     1.20    0.58    0.00    0.58   0.40  82.00
sde               0.00   728.00    0.00 2165.00     0.00 117352.00   108.41     1.25    0.58    0.00    0.58   0.40  86.80
sde               0.00   723.76    0.00 1989.11     0.00 122035.64   122.70     1.22    0.61    0.00    0.61   0.41  81.58
sde               0.00   768.00    0.00 2285.00     0.00 89984.00    78.76     1.07    0.47    0.00    0.47   0.37  83.60
sde               0.00   750.00    0.00 2196.00     0.00 89644.00    81.64     1.14    0.52    0.00    0.52   0.39  86.00
sde               0.00   800.00    0.00 2365.00     0.00 90340.00    76.40     1.11    0.47    0.00    0.47   0.36  84.40
sde               0.00   767.00    0.00 2318.00     0.00 83704.00    72.22     1.06    0.46    0.00    0.46   0.37  85.20
sde               0.00   753.00    0.00 2176.00     0.00 89468.00    82.23     1.09    0.50    0.00    0.50   0.39  84.40
sde               0.00   764.00    0.00 2331.00     0.00 83864.00    71.96     1.06    0.45    0.00    0.45   0.36  83.60
sde               0.00   767.00    0.00 2201.00     0.00 90880.00    82.58     1.08    0.49    0.00    0.49   0.38  82.80
sde               0.00   792.00    0.00 2230.00     0.00 93632.00    83.97     1.13    0.51    0.00    0.51   0.39  86.40
sde               0.00   768.00    0.00 2163.00     0.00 86116.00    79.63     0.91    0.42    0.00    0.42   0.37  79.20
sde               0.00   826.00    0.00 2276.00     0.00 88644.00    77.89     0.98    0.43    0.00    0.43   0.36  82.40
sde               0.00   793.00    0.00 2242.00     0.00 87472.00    78.03     0.99    0.44    0.00    0.44   0.38  84.40
sde               0.00   782.00    0.00 2177.00     0.00 83372.00    76.59     0.98    0.45    0.00    0.45   0.39  84.40
sde               0.00   805.00    0.00 2247.00     0.00 92540.00    82.37     1.08    0.48    0.00    0.48   0.40  89.20
sde               0.00   791.00    0.00 2173.00     0.00 91184.00    83.92     0.95    0.44    0.00    0.44   0.37  80.40
sde               0.00   826.00    0.00 2243.00     0.00 92516.00    82.49     1.04    0.47    0.00    0.47   0.38  85.20
sde               0.00   780.00    0.00 2197.00     0.00 83436.00    75.95     0.95    0.44    0.00    0.44   0.38  82.40
sde               0.00   791.00    0.00 2236.00     0.00 90056.00    80.55     0.98    0.44    0.00    0.44   0.38  84.80
sde               0.00   800.00    0.00 2257.00     0.00 86148.00    76.34     1.03    0.46    0.00    0.46   0.38  86.00
sde               0.00   786.00    0.00 2119.00     0.00 92164.00    86.99     1.02    0.48    0.00    0.48   0.41  86.40
sde               0.00   794.00    0.00 2228.00     0.00 88732.00    79.65     0.86    0.38    0.00    0.38   0.34  76.80
sde               0.00   791.00    0.00 2236.00     0.00 82364.00    73.67     0.93    0.42    0.00    0.42   0.36  81.20
sde               0.00   809.00    0.00 2238.00     0.00 91376.00    81.66     0.94    0.42    0.00    0.42   0.36  81.20
sde               0.00   777.00    0.00 2216.00     0.00 83544.00    75.40     1.00    0.45    0.00    0.45   0.39  86.00
sde               0.00   779.00    0.00 2177.00     0.00 84760.00    77.87     0.94    0.43    0.00    0.43   0.37  81.20
sde               0.00   799.00    0.00 2146.00     0.00 86944.00    81.03     1.00    0.47    0.00    0.47   0.38  82.40
sde               0.00   782.00    0.00 2244.00     0.00 83668.00    74.57     0.94    0.42    0.00    0.42   0.37  82.00
sde               0.00   772.00    0.00 2158.00     0.00 88452.00    81.98     1.04    0.48    0.00    0.48   0.41  87.60
sde               0.00   794.00    0.00 2240.00     0.00 87500.00    78.12     0.97    0.43    0.00    0.43   0.37  82.80
sde               0.00   797.00    0.00 2226.00     0.00 87432.00    78.56     0.99    0.45    0.00    0.45   0.38  84.00
sde               0.00   782.00    0.00 2166.00     0.00 85824.00    79.25     0.94    0.43    0.00    0.43   0.38  82.80
sde               0.00   791.00    0.00 2248.00     0.00 87512.00    77.86     1.00    0.45    0.00    0.45   0.38  85.60
sde               0.00   784.00    0.00 2167.00     0.00 87236.00    80.51     1.01    0.47    0.00    0.47   0.40  85.60
sde               0.00   818.00    0.00 2268.00     0.00 90196.00    79.54     0.96    0.43    0.00    0.43   0.37  84.00
sde               0.00   768.00    0.00 2129.00     0.00 85780.00    80.58     0.97    0.45    0.00    0.45   0.39  83.60
sde               0.00   782.00    0.00 2191.00     0.00 89892.00    82.06     0.90    0.41    0.00    0.41   0.36  79.60
sde               0.00   778.00    0.00 2130.00     0.00 84516.00    79.36     0.93    0.44    0.00    0.44   0.38  81.60
sde               0.00   801.00    0.00 2112.00     0.00 90812.00    86.00     0.89    0.42    0.00    0.42   0.38  80.00
sde               0.00   836.00    0.00 2178.00     0.00 87384.00    80.24     0.86    0.39    0.00    0.39   0.39  84.80
sde               0.00   800.00    0.00 2009.00     0.00 92092.00    91.68     0.83    0.41    0.00    0.41   0.41  82.80
sde               0.00   804.00    0.00 2039.00     0.00 89528.00    87.82     0.86    0.42    0.00    0.42   0.42  85.60
sde               0.00   784.00    0.00 2041.00     0.00 84224.00    82.53     0.84    0.41    0.00    0.41   0.41  83.60
sde               0.00   818.00    0.00 2181.00     0.00 86188.00    79.04     0.82    0.38    0.00    0.38   0.37  81.60
sde               0.00   815.00    0.00 2122.00     0.00 87272.00    82.25     0.81    0.38    0.00    0.38   0.38  80.80
sde               0.00   854.00    0.00 2237.00     0.00 90184.00    80.63     0.86    0.38    0.00    0.38   0.38  85.60
sde               0.00   793.00    0.00 2070.00     0.00 87160.00    84.21     0.87    0.42    0.00    0.42   0.42  86.80
sde               0.00   854.00    0.00 2184.00     0.00 92580.00    84.78     0.86    0.39    0.00    0.39   0.39  86.00
sde               0.00   830.00    0.00 2162.00     0.00 88712.00    82.06     0.83    0.38    0.00    0.38   0.38  82.40
sde               0.00   812.00    0.00 2142.00     0.00 86060.00    80.35     0.84    0.40    0.00    0.40   0.39  83.60
sde               0.00   835.00    0.00 2204.00     0.00 87456.00    79.36     0.87    0.39    0.00    0.39   0.39  85.60
sde               0.00   797.00    0.00 2087.00     0.00 87100.00    83.47     0.82    0.39    0.00    0.39   0.39  82.00
sde               0.00   807.00    0.00 2084.00     0.00 85848.00    82.39     0.80    0.39    0.00    0.39   0.38  80.00
sde               0.00   825.00    0.00 2198.00     0.00 86264.00    78.49     0.83    0.38    0.00    0.38   0.38  82.80
sde               0.00   823.00    0.00 2163.00     0.00 87416.00    80.83     0.87    0.40    0.00    0.40   0.40  86.40
sde               0.00   798.00    0.00 2153.00     0.00 82192.00    76.35     0.88    0.41    0.00    0.41   0.41  88.00
sde               0.00   851.00    0.00 2187.00     0.00 88900.00    81.30     0.86    0.39    0.00    0.39   0.39  85.20
sde               0.00   836.00    0.00 2145.00     0.00 89840.00    83.77     0.85    0.40    0.00    0.40   0.39  84.00
sde               0.00   748.00    0.00 1990.00     0.00 79092.00    79.49     0.86    0.43    0.00    0.43   0.43  85.60
sde               0.00   779.00    0.00 1982.00     0.00 85308.00    86.08     0.90    0.46    0.00    0.46   0.45  89.60
sde               0.00   796.00    0.00 2065.00     0.00 85752.00    83.05     0.86    0.42    0.00    0.42   0.41  85.60
sde               0.00   792.00    0.00 2044.00     0.00 86944.00    85.07     0.85    0.41    0.00    0.41   0.41  84.40
sde               0.00   770.00    0.00 2009.00     0.00 81644.00    81.28     0.86    0.43    0.00    0.43   0.43  86.00
sde               0.00   778.00    0.00 2037.00     0.00 84300.00    82.77     0.85    0.42    0.00    0.42   0.39  80.40
sde               0.00   778.00    0.00 1980.00     0.00 84016.00    84.86     0.83    0.42    0.00    0.42   0.42  82.80
sde               0.00   768.00    0.00 2000.00     0.00 83032.00    83.03     0.84    0.42    0.00    0.42   0.42  84.00
sde               0.00   718.00    0.00 1829.00     0.00 79496.00    86.93     0.85    0.47    0.00    0.47   0.46  84.00
sde               0.00   756.00    0.00 1999.00     0.00 80288.00    80.33     0.86    0.43    0.00    0.43   0.42  84.00
sde               0.00   779.00    0.00 2058.00     0.00 80568.00    78.30     0.83    0.41    0.00    0.41   0.40  83.20
sde               0.00   759.00    0.00 1965.00     0.00 81484.00    82.94     0.85    0.43    0.00    0.43   0.43  84.40
sde               0.00   806.00    0.00 2106.00     0.00 87184.00    82.80     0.81    0.39    0.00    0.39   0.38  80.00
sde               0.00   803.00    0.00 2069.00     0.00 86928.00    84.03     0.84    0.40    0.00    0.40   0.40  83.60
sde               0.00   775.00    0.00 2103.00     0.00 79532.00    75.64     0.84    0.40    0.00    0.40   0.40  84.00
sde               0.00   838.00    0.00 2150.00     0.00 91144.00    84.79     0.84    0.39    0.00    0.39   0.39  83.60
sde               0.00   790.00    0.00 2076.00     0.00 84608.00    81.51     0.80    0.39    0.00    0.39   0.38  79.60
sde               0.00   814.00    0.00 2220.00     0.00 81060.00    73.03     0.82    0.37    0.00    0.37   0.37  81.20
sde               0.00   818.00    0.00 2156.00     0.00 84708.00    78.58     0.79    0.36    0.00    0.36   0.37  78.80
sde               0.00   795.00    0.00 2063.00     0.00 88432.00    85.73     0.80    0.40    0.00    0.40   0.39  79.60
sde               0.00   839.00    0.00 2119.00     0.00 92324.00    87.14     0.83    0.39    0.00    0.39   0.39  82.40
sde               0.00   781.00    0.00 1991.00     0.00 86744.00    87.14     0.82    0.41    0.00    0.41   0.41  81.60
sde               0.00   750.00    0.00 1991.00     0.00 78960.00    79.32     0.86    0.43    0.00    0.43   0.43  85.20
sde               0.00   767.00    0.00 1978.00     0.00 82824.00    83.75     0.81    0.41    0.00    0.41   0.41  80.80
sde               0.00   794.00    0.00 2084.00     0.00 84512.00    81.11     0.86    0.41    0.00    0.41   0.41  85.60
sde               0.00   766.00    0.00 1975.00     0.00 82800.00    83.85     0.85    0.43    0.00    0.43   0.43  84.00
sde               0.00   788.00    0.00 2070.00     0.00 84332.00    81.48     0.90    0.43    0.00    0.43   0.43  89.60
sde               0.00   826.00    0.00 2171.00     0.00 87452.00    80.56     0.80    0.37    0.00    0.37   0.37  80.00
sde               0.00   836.00    0.00 2115.00     0.00 88624.00    83.81     0.86    0.41    0.00    0.41   0.40  85.60
sde               0.00   834.00    0.00 2192.00     0.00 87544.00    79.88     0.82    0.38    0.00    0.38   0.37  80.80
sde               0.00   827.00    0.00 2205.00     0.00 86272.00    78.25     0.82    0.37    0.00    0.37   0.37  80.80
sde               0.00   808.00    0.00 2149.00     0.00 82228.00    76.53     0.87    0.41    0.00    0.41   0.41  87.20
sde               0.00   843.00    0.00 2150.00     0.00 93704.00    87.17     0.84    0.39    0.00    0.39   0.39  83.60
sde               0.00   816.00    0.00 2103.00     0.00 88488.00    84.15     0.87    0.41    0.00    0.41   0.41  86.00
sde               0.00   853.00    0.00 2178.00     0.00 92688.00    85.11     0.86    0.39    0.00    0.39   0.39  85.20
sde               0.00   813.00    0.00 2137.00     0.00 87292.00    81.70     0.86    0.40    0.00    0.40   0.40  85.60
sde               0.00   838.00    0.00 2170.00     0.00 88640.00    81.70     0.85    0.39    0.00    0.39   0.39  84.40
sde               0.00   800.00    0.00 2126.00     0.00 83392.00    78.45     0.87    0.41    0.00    0.41   0.41  86.80
sde               0.00   827.00    0.00 2117.00     0.00 89856.00    84.89     0.84    0.40    0.00    0.40   0.39  83.20
sde               0.00   816.00    0.00 2092.00     0.00 88312.00    84.43     0.87    0.41    0.00    0.41   0.41  86.00
sde               0.00   839.00    0.00 2232.00     0.00 87812.00    78.68     0.82    0.37    0.00    0.37   0.36  81.20
sde               0.00   844.00    0.00 2205.00     0.00 88772.00    80.52     0.84    0.38    0.00    0.38   0.38  83.20
sde               0.00   795.00    0.00 2166.00     0.00 81040.00    74.83     0.88    0.41    0.00    0.41   0.40  86.80
sde               0.00   837.00    0.00 2151.00     0.00 89868.00    83.56     0.84    0.39    0.00    0.39   0.39  83.20
sde               0.00   790.00    0.00 2068.00     0.00 84448.00    81.67     0.85    0.41    0.00    0.41   0.41  84.40
sde               0.00   840.00    0.00 2203.00     0.00 88872.00    80.68     0.83    0.38    0.00    0.38   0.37  82.40
sde               0.00   843.00    0.00 2203.00     0.00 88772.00    80.59     0.86    0.39    0.00    0.39   0.39  85.60
sde               0.00   807.00    0.00 2187.00     0.00 81176.00    74.24     0.85    0.39    0.00    0.39   0.39  84.80
sde               0.00   847.00    0.00 2196.00     0.00 90024.00    81.99     0.90    0.41    0.00    0.41   0.40  88.00
sde               0.00   813.00    0.00 2138.00     0.00 86016.00    80.46     0.86    0.40    0.00    0.40   0.40  85.20
sde               0.00   856.00    0.00 2218.00     0.00 92812.00    83.69     0.88    0.40    0.00    0.40   0.39  86.40
sde               0.00   845.00    0.00 2200.00     0.00 90040.00    81.85     0.85    0.39    0.00    0.39   0.38  84.40
sde               0.00   818.00    0.00 2096.00     0.00 89748.00    85.64     0.88    0.42    0.00    0.42   0.41  86.80
sde               0.00   831.00    0.00 2212.00     0.00 87612.00    79.22     0.86    0.39    0.00    0.39   0.39  86.40
sde               0.00   806.00    0.00 2105.00     0.00 87168.00    82.82     0.82    0.39    0.00    0.39   0.39  81.20
sde               0.00   834.00    0.00 2212.00     0.00 86316.00    78.04     0.88    0.40    0.00    0.40   0.39  85.60
sde               0.00   813.00    0.00 2156.00     0.00 83408.00    77.37     0.85    0.39    0.00    0.39   0.39  84.80
sde               0.00   840.00    0.00 2101.00     0.00 94924.00    90.36     0.86    0.42    0.00    0.42   0.41  85.20
sde               0.00   830.00    0.00 2089.00     0.00 89924.00    86.09     0.83    0.40    0.00    0.40   0.39  82.40
sde               0.00   837.00    0.00 2108.00     0.00 96108.00    91.18     0.85    0.40    0.00    0.40   0.40  84.80
sde               0.00   807.00    0.00 2095.00     0.00 85872.00    81.98     0.89    0.42    0.00    0.42   0.42  88.40
sde               0.00   798.00    0.00 2105.00     0.00 84600.00    80.38     0.85    0.41    0.00    0.41   0.40  84.80
sde               0.00   836.00    0.00 2145.00     0.00 88556.00    82.57     0.86    0.40    0.00    0.40   0.40  84.80
sde               0.00   834.00    0.00 2166.00     0.00 90024.00    83.12     0.87    0.40    0.00    0.40   0.40  86.40
sde               0.00   802.00    0.00 2078.00     0.00 87088.00    83.82     0.85    0.41    0.00    0.41   0.41  85.20
sde               0.00   835.00    0.00 2154.00     0.00 89996.00    83.56     0.83    0.38    0.00    0.38   0.38  82.80
sde               0.00   815.00    0.00 2145.00     0.00 86068.00    80.25     0.82    0.38    0.00    0.38   0.38  82.00
sde               0.00   827.00    0.00 2145.00     0.00 87248.00    81.35     0.87    0.41    0.00    0.41   0.40  86.40
sde               0.00   833.00    0.00 2171.00     0.00 90044.00    82.95     0.84    0.39    0.00    0.39   0.39  83.60
sde               0.00   820.00    0.00 2146.00     0.00 87356.00    81.41     0.86    0.40    0.00    0.40   0.40  85.20
sde               0.00   835.00    0.00 2189.00     0.00 87404.00    79.86     0.82    0.38    0.00    0.38   0.37  81.20
sde               0.00   798.00    0.00 2082.00     0.00 84668.00    81.33     0.83    0.40    0.00    0.40   0.40  82.40
sde               0.00   847.00    0.00 2145.00     0.00 94984.00    88.56     0.82    0.38    0.00    0.38   0.38  81.60
sde               0.00   805.00    0.00 2087.00     0.00 87128.00    83.50     0.86    0.41    0.00    0.41   0.41  86.00
sde               0.00   817.00    0.00 2125.00     0.00 88556.00    83.35     0.86    0.41    0.00    0.41   0.41  86.40
sde               0.00   837.00    0.00 2206.00     0.00 88864.00    80.57     0.86    0.39    0.00    0.39   0.39  85.20
sde               0.00   835.00    0.00 2174.00     0.00 88648.00    81.55     0.82    0.38    0.00    0.38   0.37  81.20
sde               0.00   816.00    0.00 2127.00     0.00 86004.00    80.87     0.85    0.40    0.00    0.40   0.39  84.00
sde               0.00   835.00    0.00 2150.00     0.00 92528.00    86.07     0.80    0.37    0.00    0.37   0.37  79.20
sde               0.00   851.00    0.00 2235.00     0.00 91564.00    81.94     0.85    0.38    0.00    0.38   0.37  83.20
sde               0.00   795.00    0.00 2116.00     0.00 83320.00    78.75     0.84    0.40    0.00    0.40   0.39  82.80
sde               0.00   843.00    0.00 2127.00     0.00 93644.00    88.05     0.85    0.40    0.00    0.40   0.40  84.40
sde               0.00   820.00    0.00 2170.00     0.00 87420.00    80.57     0.86    0.40    0.00    0.40   0.39  83.60
sde               0.00   841.00    0.00 2205.00     0.00 90184.00    81.80     0.85    0.38    0.00    0.38   0.38  84.80
sde               0.00   810.00    0.00 2125.00     0.00 87268.00    82.13     0.86    0.40    0.00    0.40   0.40  85.60
sde               0.00   839.00    0.00 2117.00     0.00 92320.00    87.22     0.85    0.40    0.00    0.40   0.40  84.00
sde               0.00   804.00    0.00 2039.00     0.00 90804.00    89.07     0.87    0.43    0.00    0.43   0.43  87.20
sde               0.00   829.00    0.00 2130.00     0.00 91164.00    85.60     0.83    0.39    0.00    0.39   0.38  81.60
sde               0.00   747.00    0.00 1937.00     0.00 76232.00    78.71     0.86    0.44    0.00    0.44   0.43  82.80
sde               0.00   799.00    0.00 2128.00     0.00 82124.00    77.18     0.85    0.40    0.00    0.40   0.40  84.80
sde               0.00   847.00    0.00 2107.00     0.00 94872.00    90.05     0.86    0.41    0.00    0.41   0.41  85.60
sde               0.00   833.00    0.00 2170.00     0.00 91316.00    84.16     0.76    0.35    0.00    0.35   0.35  75.60
sde               0.00   817.00    0.00 2124.00     0.00 86016.00    80.99     0.84    0.39    0.00    0.39   0.39  83.20
sde               0.00   836.00    0.00 2179.00     0.00 90068.00    82.67     0.83    0.38    0.00    0.38   0.37  81.20
sde               0.00   808.00    0.00 2151.00     0.00 83504.00    77.64     0.84    0.39    0.00    0.39   0.39  84.00
sde               0.00   832.00    0.00 2193.00     0.00 89956.00    82.04     0.85    0.39    0.00    0.39   0.38  82.40
sde               0.00   756.00    0.00 2210.00     0.00 90992.00    82.35     1.10    0.50    0.00    0.50   0.38  83.20
sde               0.00   734.00    0.00 2197.00     0.00 84488.00    76.91     1.06    0.48    0.00    0.48   0.37  82.00
sde               0.00   764.00    0.00 2316.00     0.00 83704.00    72.28     1.10    0.48    0.00    0.48   0.36  84.40
sde               0.00   768.00    0.00 2244.00     0.00 92412.00    82.36     1.08    0.48    0.00    0.48   0.36  80.80
sde               0.00   713.00    0.00 2166.00     0.00 81764.00    75.50     1.06    0.49    0.00    0.49   0.37  81.20
sde               0.00   733.00    0.00 2159.00     0.00 84248.00    78.04     1.01    0.47    0.00    0.47   0.36  78.80
sde               0.00   743.00    0.00 2243.00     0.00 85944.00    76.63     1.08    0.49    0.00    0.49   0.37  83.60
sde               0.00   748.00    0.00 2232.00     0.00 84668.00    75.87     1.12    0.50    0.00    0.50   0.38  84.80
sde               0.00   739.00    0.00 2184.00     0.00 89568.00    82.02     1.15    0.53    0.00    0.53   0.39  84.80
sde               0.00   771.00    0.00 2189.00     0.00 84684.00    77.37     0.98    0.45    0.00    0.45   0.38  82.40
sde               0.00   801.00    0.00 2229.00     0.00 87312.00    78.34     0.90    0.41    0.00    0.41   0.35  78.00
sde               0.00   775.00    0.00 2166.00     0.00 89416.00    82.56     0.97    0.44    0.00    0.44   0.37  80.80
sde               0.00   772.00    0.00 2200.00     0.00 82456.00    74.96     1.01    0.47    0.00    0.47   0.39  85.60
sde               0.00   793.00    0.00 2259.00     0.00 83808.00    74.20     0.90    0.40    0.00    0.40   0.35  78.40
sde               0.00   771.00    0.00 2133.00     0.00 86928.00    81.51     0.98    0.46    0.00    0.46   0.39  82.80
sde               0.00   801.00    0.00 2223.00     0.00 86136.00    77.50     0.94    0.42    0.00    0.42   0.36  79.60
sde               0.00   778.00    0.00 2132.00     0.00 88340.00    82.87     0.95    0.45    0.00    0.45   0.38  80.80
sde               0.00   810.00    0.00 2251.00     0.00 87416.00    77.67     0.94    0.42    0.00    0.42   0.36  80.40
sde               0.00   763.00    0.00 2154.00     0.00 87100.00    80.87     0.97    0.45    0.00    0.45   0.39  83.20
sde               0.00   780.00    0.00 2165.00     0.00 87136.00    80.50     0.99    0.46    0.00    0.46   0.37  80.80
sde               0.00   772.00    0.00 2101.00     0.00 85660.00    81.54     0.94    0.45    0.00    0.45   0.38  80.40
sde               0.00   778.00    0.00 2216.00     0.00 87328.00    78.82     0.96    0.43    0.00    0.43   0.36  80.00
sde               0.00   797.00    0.00 2176.00     0.00 83352.00    76.61     1.00    0.46    0.00    0.46   0.38  82.80
sde               0.00   778.00    0.00 2234.00     0.00 82416.00    73.78     0.92    0.41    0.00    0.41   0.35  78.40
sde               0.00   794.00    0.00 2085.00     0.00 91920.00    88.17     0.93    0.45    0.00    0.45   0.38  79.20
sde               0.00   797.00    0.00 2220.00     0.00 88688.00    79.90     0.98    0.44    0.00    0.44   0.37  83.20
sde               0.00   796.00    0.00 2224.00     0.00 87428.00    78.62     0.97    0.44    0.00    0.44   0.37  81.60
sde               0.00   792.00    0.00 2170.00     0.00 86792.00    79.99     0.98    0.45    0.00    0.45   0.37  80.80
sde               0.00   805.00    0.00 2271.00     0.00 81572.00    71.84     0.98    0.43    0.00    0.43   0.37  83.60
sde               0.00   772.00    0.00 2149.00     0.00 85684.00    79.74     0.99    0.46    0.00    0.46   0.38  82.40
sde               0.00   783.00    0.00 2196.00     0.00 84864.00    77.29     0.99    0.45    0.00    0.45   0.38  84.00
sde               0.00   806.00    0.00 2184.00     0.00 88428.00    80.98     0.91    0.42    0.00    0.42   0.36  78.00
sde               0.00   785.00    0.00 2200.00     0.00 86040.00    78.22     0.89    0.41    0.00    0.41   0.35  76.80
sde               0.00   787.00    0.00 2136.00     0.00 87096.00    81.55     0.96    0.45    0.00    0.45   0.38  81.20
sde               0.00   782.00    0.00 2182.00     0.00 85952.00    78.78     0.92    0.42    0.00    0.42   0.36  78.80
sde               0.00   826.00    0.00 2187.00     0.00 91036.00    83.25     0.97    0.44    0.00    0.44   0.37  82.00
sde               0.00   772.00    0.00 2073.00     0.00 88112.00    85.01     0.99    0.48    0.00    0.48   0.40  82.80
sde               0.00   785.00    0.00 2149.00     0.00 83356.00    77.58     0.89    0.42    0.00    0.42   0.38  80.80
sde               0.00   804.00    0.00 2113.00     0.00 85780.00    81.19     0.83    0.39    0.00    0.39   0.39  81.60
sde               0.00   797.00    0.00 2046.00     0.00 86968.00    85.01     0.83    0.40    0.00    0.40   0.40  82.40
sde               0.00   814.00    0.00 2135.00     0.00 87300.00    81.78     0.76    0.36    0.00    0.36   0.36  76.40
sde               0.00   836.00    0.00 2201.00     0.00 88856.00    80.74     0.87    0.40    0.00    0.40   0.39  85.60
sde               0.00   810.00    0.00 2096.00     0.00 88444.00    84.39     0.84    0.40    0.00    0.40   0.40  83.20
sde               0.00   839.00    0.00 2206.00     0.00 88876.00    80.58     0.85    0.38    0.00    0.38   0.38  84.40
sde               0.00   804.00    0.00 2080.00     0.00 85692.00    82.40     0.81    0.39    0.00    0.39   0.39  80.40
sde               0.00   819.00    0.00 2145.00     0.00 87344.00    81.44     0.86    0.40    0.00    0.40   0.40  85.20
sde               0.00   826.00    0.00 2163.00     0.00 88708.00    82.02     0.83    0.38    0.00    0.38   0.38  82.40
sde               0.00   801.00    0.00 2113.00     0.00 83360.00    78.90     0.80    0.38    0.00    0.38   0.38  80.00
sde               0.00   832.00    0.00 2145.00     0.00 91228.00    85.06     0.83    0.39    0.00    0.39   0.38  82.40
sde               0.00   846.00    0.00 2125.00     0.00 94920.00    89.34     0.81    0.38    0.00    0.38   0.37  79.20
sde               0.00   794.00    0.00 2096.00     0.00 84556.00    80.68     0.84    0.40    0.00    0.40   0.40  84.00
sde               0.00   834.00    0.00 2154.00     0.00 91268.00    84.74     0.83    0.39    0.00    0.39   0.38  81.60
sde               0.00   853.00    0.00 2156.00     0.00 90072.00    83.55     0.81    0.38    0.00    0.38   0.37  80.80
sde               0.00   800.00    0.00 2090.00     0.00 84572.00    80.93     0.82    0.39    0.00    0.39   0.39  82.00
sde               0.00   847.00    0.00 2151.00     0.00 92456.00    85.97     0.78    0.36    0.00    0.36   0.36  78.00
sde               0.00   817.00    0.00 2069.00     0.00 90940.00    87.91     0.80    0.38    0.00    0.38   0.38  78.80
sde               0.00   828.00    0.00 2216.00     0.00 85048.00    76.76     0.85    0.38    0.00    0.38   0.38  85.20
sde               0.00   829.00    0.00 2219.00     0.00 85080.00    76.68     0.80    0.36    0.00    0.36   0.36  80.40
sde               0.00   808.00    0.00 2090.00     0.00 87136.00    83.38     0.84    0.40    0.00    0.40   0.40  83.20
sde               0.00   821.78    0.00 2163.37     0.00 85235.64    78.80     0.85    0.39    0.00    0.39   0.39  84.36
sde               0.00   805.00    0.00 2096.00     0.00 87140.00    83.15     0.84    0.40    0.00    0.40   0.40  83.60
sde               0.00   711.00    0.00 1866.00     0.00 74596.00    79.95     0.84    0.45    0.00    0.45   0.44  82.40
sde               0.00   790.00    0.00 2061.00     0.00 85716.00    83.18     0.84    0.41    0.00    0.41   0.40  82.80
sde               0.00   817.00    0.00 2185.00     0.00 84924.00    77.73     0.82    0.38    0.00    0.38   0.37  81.60
sde               0.00   796.00    0.00 2088.00     0.00 84544.00    80.98     0.82    0.39    0.00    0.39   0.39  82.00
sde               0.00   841.00    0.00 2201.00     0.00 88876.00    80.76     0.82    0.37    0.00    0.37   0.37  80.80
sde               0.00   828.00    0.00 2162.00     0.00 87300.00    80.76     0.83    0.38    0.00    0.38   0.38  82.40
sde               0.00   808.00    0.00 2063.00     0.00 89616.00    86.88     0.85    0.41    0.00    0.41   0.41  83.60
sde               0.00   827.00    0.00 2164.00     0.00 89996.00    83.18     0.81    0.38    0.00    0.38   0.38  81.20
sde               0.00   832.00    0.00 2185.00     0.00 86252.00    78.95     0.86    0.39    0.00    0.39   0.39  85.20
sde               0.00   791.00    0.00 2119.00     0.00 82068.00    77.46     0.83    0.39    0.00    0.39   0.39  82.80
sde               0.00   832.00    0.00 2151.00     0.00 88572.00    82.35     0.85    0.40    0.00    0.40   0.39  84.80
sde               0.00   798.00    0.00 2107.00     0.00 83312.00    79.08     0.81    0.39    0.00    0.39   0.39  81.20
sde               0.00   818.00    0.00 2179.00     0.00 86160.00    79.08     0.83    0.38    0.00    0.38   0.38  82.40
sde               0.00   815.00    0.00 2149.00     0.00 86056.00    80.09     0.84    0.39    0.00    0.39   0.39  82.80
sde               0.00   848.00    0.00 2170.00     0.00 93908.00    86.55     0.86    0.39    0.00    0.39   0.39  84.80
sde               0.00   813.00    0.00 2105.00     0.00 85800.00    81.52     0.85    0.40    0.00    0.40   0.40  84.80
sde               0.00   823.00    0.00 2166.00     0.00 87544.00    80.83     0.82    0.38    0.00    0.38   0.38  82.00
sde               0.00   824.00    0.00 2143.00     0.00 88504.00    82.60     0.79    0.37    0.00    0.37   0.36  77.60
sde               0.00   799.00    0.00 2088.00     0.00 85824.00    82.21     0.86    0.41    0.00    0.41   0.41  86.00
sde               0.00   838.00    0.00 2172.00     0.00 88784.00    81.75     0.82    0.38    0.00    0.38   0.37  81.20
sde               0.00   813.00    0.00 2156.00     0.00 87372.00    81.05     0.84    0.39    0.00    0.39   0.39  83.60
sde               0.00   835.00    0.00 2127.00     0.00 83412.00    78.43     0.83    0.39    0.00    0.39   0.39  82.80
sde               0.00   814.00    0.00 2107.00     0.00 88500.00    84.01     0.84    0.40    0.00    0.40   0.40  83.60
sde               0.00   823.00    0.00 2180.00     0.00 84920.00    77.91     0.82    0.38    0.00    0.38   0.38  82.00
sde               0.00   794.00    0.00 2073.00     0.00 84480.00    81.51     0.80    0.39    0.00    0.39   0.38  79.60
sde               0.00   832.00    0.00 2095.00     0.00 94916.00    90.61     0.84    0.40    0.00    0.40   0.40  83.60
sde               0.00   838.00    0.00 2148.00     0.00 89868.00    83.68     0.83    0.39    0.00    0.39   0.39  82.80
sde               0.00   832.00    0.00 2104.00     0.00 93648.00    89.02     0.81    0.39    0.00    0.39   0.38  79.60
sde               0.00   787.00    0.00 2109.00     0.00 82032.00    77.79     0.83    0.39    0.00    0.39   0.39  83.20
sde               0.00   832.00    0.00 2150.00     0.00 88568.00    82.39     0.86    0.40    0.00    0.40   0.40  85.20
sde               0.00   816.00    0.00 2155.00     0.00 87500.00    81.21     0.82    0.38    0.00    0.38   0.38  81.60
sde               0.00   822.00    0.00 2054.00     0.00 92056.00    89.64     0.85    0.41    0.00    0.41   0.41  83.20
sde               0.00   794.00    0.00 2100.00     0.00 84552.00    80.53     0.81    0.39    0.00    0.39   0.38  79.20
sde               0.00   829.00    0.00 2161.00     0.00 88716.00    82.11     0.84    0.39    0.00    0.39   0.39  83.20
sde               0.00   777.00    0.00 2081.00     0.00 79340.00    76.25     0.86    0.41    0.00    0.41   0.41  86.00
sde               0.00   812.00    0.00 2130.00     0.00 87284.00    81.96     0.81    0.38    0.00    0.38   0.38  80.40
sde               0.00   831.00    0.00 2117.00     0.00 92284.00    87.18     0.83    0.39    0.00    0.39   0.39  81.60
sde               0.00   805.00    0.00 2053.00     0.00 88300.00    86.02     0.81    0.40    0.00    0.40   0.39  80.80
sde               0.00   809.00    0.00 2138.00     0.00 87292.00    81.66     0.83    0.39    0.00    0.39   0.39  82.40
sde               0.00   837.00    0.00 2172.00     0.00 88776.00    81.75     0.85    0.39    0.00    0.39   0.39  85.20
sde               0.00   816.00    0.00 2108.00     0.00 88504.00    83.97     0.79    0.38    0.00    0.38   0.37  78.00
sde               0.00   830.00    0.00 2177.00     0.00 88648.00    81.44     0.86    0.40    0.00    0.40   0.40  86.40
sde               0.00   806.00    0.00 2091.00     0.00 88416.00    84.57     0.88    0.42    0.00    0.42   0.42  87.60
