sde               0.00     0.55    0.00    1.00     0.00    93.80   188.21     0.01    6.62    1.91    6.62   0.44   0.04
sde               0.00     1.00    0.00    4.00     0.00    20.00    10.00     0.00    0.00    0.00    0.00   0.00   0.00
sde               0.00   869.00    0.00 1465.00     0.00 60768.00    82.96     0.50    0.34    0.00    0.34   0.34  50.00
sde               0.00  1468.00    0.00 2489.00     0.00 103352.00    83.05     0.84    0.34    0.00    0.34   0.34  84.40
sde               0.00  1388.00    0.00 2384.00     0.00 99004.00    83.06     0.82    0.34    0.00    0.34   0.34  82.00
sde               0.00  1385.00    0.00 2377.00     0.00 98980.00    83.28     0.84    0.35    0.00    0.35   0.35  83.60
sde               0.00  1347.00    0.00 2314.00     0.00 96232.00    83.17     0.82    0.35    0.00    0.35   0.35  81.20
sde               0.00  1403.00    0.00 2414.00     0.00 100180.00    83.00     0.79    0.33    0.00    0.33   0.33  78.80
sde               0.00  1579.00    0.00 2361.00     0.00 99188.00    84.02     0.84    0.36    0.00    0.36   0.36  84.00
sde               0.00  1685.00    0.00 2322.00     0.00 97604.00    84.07     0.80    0.34    0.00    0.34   0.34  79.60
sde               0.00  1551.00    0.00 2142.00     0.00 90000.00    84.03     0.80    0.38    0.00    0.38   0.38  80.40
sde               0.00  1698.00    0.00 2350.00     0.00 98876.00    84.15     0.80    0.34    0.00    0.34   0.34  79.60
sde               0.00  1785.00    0.00 2476.00     0.00 103936.00    83.95     0.80    0.32    0.00    0.32   0.32  80.00
sde               0.00  1699.00    0.00 2343.00     0.00 98208.00    83.83     0.78    0.34    0.00    0.34   0.33  78.00
sde               0.00  1772.00    0.00 2444.00     0.00 103284.00    84.52     0.82    0.34    0.00    0.34   0.34  82.00
sde               0.00  1694.00    0.00 2348.00     0.00 98608.00    83.99     0.77    0.33    0.00    0.33   0.33  76.40
sde               0.00  1643.00    0.00 2255.00     0.00 94900.00    84.17     0.80    0.35    0.00    0.35   0.35  79.60
sde               0.00  1601.00    0.00 2214.00     0.00 93264.00    84.25     0.81    0.38    0.00    0.38   0.37  81.20
sde               0.00  1620.00    0.00 2245.00     0.00 94168.00    83.89     0.84    0.37    0.00    0.37   0.37  83.20
sde               0.00  1749.00    0.00 2413.00     0.00 101796.00    84.37     0.77    0.32    0.00    0.32   0.32  76.80
sde               0.00  1689.00    0.00 2336.00     0.00 97932.00    83.85     0.78    0.34    0.00    0.34   0.33  78.00
sde               0.00  1644.00    0.00 2279.00     0.00 95636.00    83.93     0.80    0.35    0.00    0.35   0.35  79.20
sde               0.00  1570.00    0.00 2166.00     0.00 91180.00    84.19     0.82    0.38    0.00    0.38   0.38  82.00
sde               0.00  1685.00    0.00 2334.00     0.00 98280.00    84.22     0.80    0.34    0.00    0.34   0.34  80.00
sde               0.00  1741.00    0.00 2396.00     0.00 100836.00    84.17     0.86    0.36    0.00    0.36   0.36  85.60
sde               0.00  1679.00    0.00 2326.00     0.00 97712.00    84.02     0.77    0.33    0.00    0.33   0.33  76.80
sde               0.00  1670.00    0.00 2309.00     0.00 97112.00    84.12     0.84    0.37    0.00    0.37   0.36  83.20
sde               0.00  1677.00    0.00 2311.00     0.00 97012.00    83.96     0.75    0.33    0.00    0.33   0.32  74.80
sde               0.00  1697.00    0.00 2351.00     0.00 98880.00    84.12     0.82    0.35    0.00    0.35   0.35  82.00
sde               0.00  1772.00    0.00 2448.00     0.00 103304.00    84.40     0.79    0.32    0.00    0.32   0.32  78.80
sde               0.00  1672.00    0.00 2304.00     0.00 96724.00    83.96     0.79    0.34    0.00    0.34   0.34  78.80
sde               0.00  1602.00    0.00 2219.00     0.00 93516.00    84.29     0.84    0.37    0.00    0.37   0.37  83.20
sde               0.00  1350.00    0.00 1858.00     0.00 77892.00    83.84     0.89    0.47    0.00    0.47   0.48  88.40
sde               0.00  1185.00    0.00 1639.00     0.00 68964.00    84.15     0.85    0.52    0.00    0.52   0.52  84.80
sde               0.00  1140.00    0.00 1565.00     0.00 65972.00    84.31     0.85    0.54    0.00    0.54   0.54  84.80
sde               0.00  1315.00    0.00 1820.00     0.00 76644.00    84.22     0.79    0.43    0.00    0.43   0.43  78.80
sde               0.00  1280.00    0.00 1761.00     0.00 74276.00    84.36     0.81    0.46    0.00    0.46   0.46  80.80
sde               0.00  1012.00    0.00 1405.00     0.00 59268.00    84.37     0.83    0.59    0.00    0.59   0.59  83.20
sde               0.00  1138.00    0.00 1564.00     0.00 65964.00    84.35     0.85    0.54    0.00    0.54   0.54  84.80
sde               0.00  1251.00    0.00 1729.00     0.00 72800.00    84.21     0.83    0.48    0.00    0.48   0.48  82.40
sde               0.00  1346.00    0.00 1854.00     0.00 78120.00    84.27     0.82    0.45    0.00    0.45   0.44  82.40
sde               0.00  1500.00    0.00 2073.00     0.00 87320.00    84.25     0.83    0.40    0.00    0.40   0.40  82.80
sde               0.00  1665.00    0.00 2287.00     0.00 96376.00    84.28     0.84    0.37    0.00    0.37   0.36  83.20
sde               0.00  1537.00    0.00 2128.00     0.00 89408.00    84.03     0.82    0.39    0.00    0.39   0.39  82.40
sde               0.00  1361.00    0.00 1885.00     0.00 79052.00    83.87     0.81    0.43    0.00    0.43   0.43  81.20
sde               0.00  1298.00    0.00 1788.00     0.00 75444.00    84.39     0.83    0.46    0.00    0.46   0.46  82.80
sde               0.00  1223.00    0.00 1690.00     0.00 71028.00    84.06     0.82    0.49    0.00    0.49   0.48  81.60
sde               0.00  1469.00    0.00 2032.00     0.00 85536.00    84.19     0.81    0.40    0.00    0.40   0.40  80.80
sde               0.00  1728.00    0.00 2392.00     0.00 100664.00    84.17     0.84    0.35    0.00    0.35   0.35  84.00
sde               0.00  1709.00    0.00 2353.00     0.00 98788.00    83.97     0.83    0.35    0.00    0.35   0.35  83.20
sde               0.00  1676.00    0.00 2320.00     0.00 97684.00    84.21     0.80    0.35    0.00    0.35   0.34  79.60
sde               0.00  1732.00    0.00 2395.00     0.00 100676.00    84.07     0.81    0.34    0.00    0.34   0.34  81.20
sde               0.00  1740.00    0.00 2399.00     0.00 100836.00    84.07     0.85    0.36    0.00    0.36   0.35  84.00
sde               0.00  1634.00    0.00 2255.00     0.00 95028.00    84.28     0.77    0.34    0.00    0.34   0.34  77.20
sde               0.00  1709.00    0.00 2371.00     0.00 99488.00    83.92     0.76    0.32    0.00    0.32   0.32  76.00
sde               0.00  1707.00    0.00 2354.00     0.00 99176.00    84.26     0.84    0.36    0.00    0.36   0.36  83.60
sde               0.00  1738.00    0.00 2400.00     0.00 100852.00    84.04     0.78    0.32    0.00    0.32   0.32  77.20
sde               0.00  1706.00    0.00 2360.00     0.00 99188.00    84.06     0.83    0.35    0.00    0.35   0.35  82.80
sde               0.00  1700.00    0.00 2350.00     0.00 98872.00    84.15     0.80    0.34    0.00    0.34   0.34  79.20
sde               0.00  1800.00    0.00 2477.00     0.00 104400.00    84.30     0.84    0.34    0.00    0.34   0.34  84.00
sde               0.00  1706.00    0.00 2367.00     0.00 99208.00    83.83     0.80    0.34    0.00    0.34   0.34  79.60
sde               0.00  1756.00    0.00 2422.00     0.00 102124.00    84.33     0.79    0.33    0.00    0.33   0.33  78.80
sde               0.00  1691.00    0.00 2331.00     0.00 97664.00    83.80     0.80    0.34    0.00    0.34   0.34  80.00
sde               0.00  1684.00    0.00 2322.00     0.00 97968.00    84.38     0.79    0.34    0.00    0.34   0.34  78.80
sde               0.00  1722.00    0.00 2377.00     0.00 100068.00    84.20     0.76    0.32    0.00    0.32   0.32  75.20
sde               0.00  1685.00    0.00 2315.00     0.00 97588.00    84.31     0.82    0.35    0.00    0.35   0.35  81.20
sde               0.00  1701.00    0.00 2350.00     0.00 98876.00    84.15     0.79    0.34    0.00    0.34   0.33  78.00
sde               0.00  1679.00    0.00 2315.00     0.00 97676.00    84.39     0.80    0.35    0.00    0.35   0.35  80.00
sde               0.00  1724.00    0.00 2383.00     0.00 100360.00    84.23     0.78    0.33    0.00    0.33   0.33  78.00
sde               0.00  1691.00    0.00 2318.00     0.00 97596.00    84.21     0.78    0.34    0.00    0.34   0.33  77.60
sde               0.00  1703.00    0.00 2360.00     0.00 99176.00    84.05     0.75    0.32    0.00    0.32   0.32  74.80
sde               0.00  1663.00    0.00 2300.00     0.00 96808.00    84.18     0.80    0.35    0.00    0.35   0.35  80.00
sde               0.00  1688.00    0.00 2323.00     0.00 97600.00    84.03     0.83    0.36    0.00    0.36   0.36  83.20
sde               0.00  1706.00    0.00 2361.00     0.00 99452.00    84.25     0.79    0.33    0.00    0.33   0.33  78.40
sde               0.00  1672.00    0.00 2315.00     0.00 97400.00    84.15     0.82    0.36    0.00    0.36   0.36  82.40
sde               0.00  1594.00    0.00 2206.00     0.00 92664.00    84.01     0.78    0.36    0.00    0.36   0.36  78.40
sde               0.00  1692.00    0.00 2333.00     0.00 98176.00    84.16     0.77    0.33    0.00    0.33   0.33  77.20
sde               0.00  1624.00    0.00 2253.00     0.00 94464.00    83.86     0.78    0.35    0.00    0.35   0.34  77.60
sde               0.00  1782.00    0.00 2465.00     0.00 103880.00    84.28     0.86    0.35    0.00    0.35   0.35  85.60
sde               0.00  1718.00    0.00 2372.00     0.00 99680.00    84.05     0.78    0.33    0.00    0.33   0.33  78.00
sde               0.00  1762.00    0.00 2447.00     0.00 102468.00    83.75     0.81    0.33    0.00    0.33   0.33  81.20
sde               0.00  1703.00    0.00 2352.00     0.00 99148.00    84.31     0.79    0.34    0.00    0.34   0.34  79.20
sde               0.00  1731.00    0.00 2392.00     0.00 100560.00    84.08     0.80    0.33    0.00    0.33   0.33  79.20
sde               0.00  1703.00    0.00 2354.00     0.00 98900.00    84.03     0.80    0.34    0.00    0.34   0.34  79.60
sde               0.00  1664.00    0.00 2296.00     0.00 96772.00    84.30     0.78    0.34    0.00    0.34   0.34  78.00
sde               0.00  1649.00    0.00 2289.00     0.00 96240.00    84.09     0.78    0.34    0.00    0.34   0.34  77.60
sde               0.00  1688.00    0.00 2325.00     0.00 97596.00    83.95     0.76    0.33    0.00    0.33   0.33  76.40
sde               0.00  1744.00    0.00 2413.00     0.00 101520.00    84.14     0.81    0.34    0.00    0.34   0.34  81.20
sde               0.00  1694.00    0.00 2347.00     0.00 98624.00    84.04     0.80    0.34    0.00    0.34   0.34  79.20
sde               0.00  1718.00    0.00 2369.00     0.00 99384.00    83.90     0.74    0.31    0.00    0.31   0.31  74.40
sde               0.00  1664.00    0.00 2304.00     0.00 97072.00    84.26     0.79    0.34    0.00    0.34   0.34  78.80
sde               0.00  1671.00    0.00 2314.00     0.00 97392.00    84.18     0.79    0.34    0.00    0.34   0.34  79.20
sde               0.00  1781.00    0.00 2443.00     0.00 102400.00    83.83     0.80    0.33    0.00    0.33   0.33  79.60
sde               0.00  1659.00    0.00 2295.00     0.00 96796.00    84.35     0.82    0.36    0.00    0.36   0.36  81.60
sde               0.00  1773.00    0.00 2451.00     0.00 103048.00    84.09     0.78    0.32    0.00    0.32   0.32  78.00
sde               0.00  1718.00    0.00 2358.00     0.00 99360.00    84.27     0.85    0.36    0.00    0.36   0.36  84.80
sde               0.00  1741.00    0.00 2405.00     0.00 101524.00    84.43     0.84    0.35    0.00    0.35   0.35  83.60
sde               0.00  1698.00    0.00 2345.00     0.00 98856.00    84.31     0.75    0.32    0.00    0.32   0.32  74.80
sde               0.00  1754.00    0.00 2415.00     0.00 101716.00    84.24     0.82    0.34    0.00    0.34   0.34  81.60
sde               0.00  1716.00    0.00 2372.00     0.00 100044.00    84.35     0.79    0.33    0.00    0.33   0.33  78.80
sde               0.00  1771.00    0.00 2452.00     0.00 103044.00    84.05     0.81    0.33    0.00    0.33   0.33  81.20
sde               0.00  1684.00    0.00 2328.00     0.00 97976.00    84.17     0.74    0.32    0.00    0.32   0.32  74.00
sde               0.00  1779.00    0.00 2457.00     0.00 103228.00    84.03     0.76    0.31    0.00    0.31   0.31  76.00
sde               0.00  1702.00    0.00 2358.00     0.00 99168.00    84.11     0.80    0.34    0.00    0.34   0.34  79.60
sde               0.00  1747.00    0.00 2408.00     0.00 101532.00    84.33     0.80    0.33    0.00    0.33   0.33  80.00
sde               0.00  1733.00    0.00 2396.00     0.00 100544.00    83.93     0.79    0.33    0.00    0.33   0.33  79.20
sde               0.00  1688.00    0.00 2337.00     0.00 98304.00    84.13     0.79    0.34    0.00    0.34   0.34  78.80
sde               0.00  1605.00    0.00 2218.00     0.00 93256.00    84.09     0.77    0.35    0.00    0.35   0.34  76.00
sde               0.00  1759.00    0.00 2428.00     0.00 102040.00    84.05     0.80    0.33    0.00    0.33   0.33  80.00
sde               0.00  1758.00    0.00 2434.00     0.00 102428.00    84.16     0.82    0.34    0.00    0.34   0.33  81.20
sde               0.00  1697.00    0.00 2351.00     0.00 98872.00    84.11     0.80    0.34    0.00    0.34   0.34  80.00
sde               0.00  1769.00    0.00 2438.00     0.00 102628.00    84.19     0.80    0.33    0.00    0.33   0.33  79.60
sde               0.00  1703.00    0.00 2361.00     0.00 99172.00    84.01     0.81    0.34    0.00    0.34   0.34  80.80
sde               0.00  1749.00    0.00 2418.00     0.00 101828.00    84.22     0.78    0.32    0.00    0.32   0.32  77.60
sde               0.00  1791.00    0.00 2474.00     0.00 103840.00    83.95     0.76    0.31    0.00    0.31   0.31  76.40
sde               0.00  1689.00    0.00 2343.00     0.00 98300.00    83.91     0.79    0.34    0.00    0.34   0.34  79.20
sde               0.00  1735.00    0.00 2395.00     0.00 100928.00    84.28     0.80    0.34    0.00    0.34   0.33  80.00
sde               0.00  1596.00    0.00 2202.00     0.00 92296.00    83.83     0.81    0.37    0.00    0.37   0.37  80.80
sde               0.00  1726.00    0.00 2385.00     0.00 100364.00    84.16     0.78    0.33    0.00    0.33   0.32  77.20
sde               0.00  1693.00    0.00 2340.00     0.00 98568.00    84.25     0.79    0.34    0.00    0.34   0.34  78.80
sde               0.00  1774.00    0.00 2451.00     0.00 103184.00    84.20     0.78    0.32    0.00    0.32   0.32  77.60
sde               0.00  1705.00    0.00 2356.00     0.00 98912.00    83.97     0.80    0.34    0.00    0.34   0.34  80.00
sde               0.00  1798.00    0.00 2471.00     0.00 103992.00    84.17     0.78    0.32    0.00    0.32   0.32  78.40
sde               0.00  1769.00    0.00 2442.00     0.00 102632.00    84.06     0.77    0.31    0.00    0.31   0.31  76.80
sde               0.00  1694.00    0.00 2338.00     0.00 98568.00    84.32     0.80    0.34    0.00    0.34   0.34  79.60
sde               0.00  1779.00    0.00 2456.00     0.00 103596.00    84.36     0.79    0.32    0.00    0.32   0.32  78.80
sde               0.00  1752.00    0.00 2414.00     0.00 101720.00    84.28     0.80    0.33    0.00    0.33   0.33  80.00
sde               0.00  1727.00    0.00 2385.00     0.00 100364.00    84.16     0.77    0.33    0.00    0.33   0.32  77.20
sde               0.00  1713.00    0.00 2364.00     0.00 99740.00    84.38     0.80    0.34    0.00    0.34   0.34  79.20
sde               0.00  1739.00    0.00 2395.00     0.00 100844.00    84.21     0.76    0.32    0.00    0.32   0.32  76.40
sde               0.00  1689.00    0.00 2330.00     0.00 98264.00    84.35     0.81    0.35    0.00    0.35   0.35  80.80
sde               0.00  1759.00    0.00 2437.00     0.00 102440.00    84.07     0.77    0.32    0.00    0.32   0.32  76.80
sde               0.00  1775.00    0.00 2453.00     0.00 103200.00    84.14     0.79    0.32    0.00    0.32   0.32  78.80
sde               0.00  1738.00    0.00 2397.00     0.00 100696.00    84.02     0.83    0.35    0.00    0.35   0.34  82.40
sde               0.00  1754.00    0.00 2426.00     0.00 102128.00    84.19     0.80    0.33    0.00    0.33   0.33  80.40
sde               0.00  1677.00    0.00 2328.00     0.00 97708.00    83.94     0.82    0.35    0.00    0.35   0.35  81.60
sde               0.00  1767.00    0.00 2435.00     0.00 102328.00    84.05     0.82    0.34    0.00    0.34   0.34  81.60
sde               0.00  1728.00    0.00 2398.00     0.00 100664.00    83.96     0.78    0.33    0.00    0.33   0.33  78.00
sde               0.00  1656.00    0.00 2288.00     0.00 96476.00    84.33     0.76    0.33    0.00    0.33   0.33  75.60
sde               0.00  1758.00    0.00 2422.00     0.00 101760.00    84.03     0.80    0.33    0.00    0.33   0.33  79.20
sde               0.00  1670.00    0.00 2316.00     0.00 97392.00    84.10     0.78    0.34    0.00    0.34   0.34  78.40
sde               0.00  1793.00    0.00 2494.00     0.00 104536.00    83.83     0.82    0.33    0.00    0.33   0.33  81.60
sde               0.00  1749.00    0.00 2405.00     0.00 101148.00    84.11     0.79    0.32    0.00    0.32   0.33  78.40
sde               0.00  1724.00    0.00 2383.00     0.00 100352.00    84.22     0.80    0.34    0.00    0.34   0.34  80.40
sde               0.00  1766.00    0.00 2452.00     0.00 103032.00    84.04     0.79    0.32    0.00    0.32   0.32  78.40
sde               0.00  1759.00    0.00 2419.00     0.00 101720.00    84.10     0.85    0.35    0.00    0.35   0.35  84.40
sde               0.00  1748.00    0.00 2423.00     0.00 101860.00    84.08     0.80    0.33    0.00    0.33   0.33  79.60
sde               0.00  1750.00    0.00 2429.00     0.00 101876.00    83.88     0.82    0.34    0.00    0.34   0.34  82.00
sde               0.00  1764.00    0.00 2426.00     0.00 102296.00    84.33     0.79    0.33    0.00    0.33   0.33  79.20
sde               0.00  1754.00    0.00 2430.00     0.00 102136.00    84.06     0.84    0.35    0.00    0.35   0.34  83.20
sde               0.00  1732.00    0.00 2402.00     0.00 100968.00    84.07     0.84    0.35    0.00    0.35   0.35  84.00
sde               0.00  1763.00    0.00 2430.00     0.00 102048.00    83.99     0.81    0.33    0.00    0.33   0.33  81.20
sde               0.00  1702.00    0.00 2342.00     0.00 98364.00    84.00     0.79    0.34    0.00    0.34   0.34  78.80
sde               0.00  1773.00    0.00 2453.00     0.00 103316.00    84.24     0.82    0.33    0.00    0.33   0.33  81.20
sde               0.00  1695.00    0.00 2331.00     0.00 98168.00    84.23     0.74    0.32    0.00    0.32   0.32  74.00
sde               0.00  1757.00    0.00 2422.00     0.00 102388.00    84.55     0.82    0.34    0.00    0.34   0.34  82.00
sde               0.00  1686.00    0.00 2334.00     0.00 98280.00    84.22     0.76    0.32    0.00    0.32   0.33  76.00
sde               0.00  1790.00    0.00 2463.00     0.00 103528.00    84.07     0.76    0.32    0.00    0.32   0.31  76.40
sde               0.00  1784.00    0.00 2461.00     0.00 103888.00    84.43     0.80    0.33    0.00    0.33   0.33  80.00
sde               0.00  1725.00    0.00 2385.00     0.00 100632.00    84.39     0.80    0.34    0.00    0.34   0.34  80.00
sde               0.00  1746.00    0.00 2405.00     0.00 101136.00    84.10     0.77    0.32    0.00    0.32   0.32  76.00
sde               0.00  1695.00    0.00 2350.00     0.00 98608.00    83.92     0.80    0.34    0.00    0.34   0.34  80.00
sde               0.00  1702.00    0.00 2352.00     0.00 99164.00    84.32     0.76    0.32    0.00    0.32   0.32  75.60
sde               0.00  1756.00    0.00 2417.00     0.00 101468.00    83.96     0.76    0.31    0.00    0.31   0.31  75.60
sde               0.00  1704.00    0.00 2353.00     0.00 99160.00    84.28     0.78    0.33    0.00    0.33   0.33  78.40
sde               0.00  1733.00    0.00 2406.00     0.00 100972.00    83.93     0.80    0.33    0.00    0.33   0.33  78.80
sde               0.00  1752.00    0.00 2413.00     0.00 101440.00    84.08     0.84    0.35    0.00    0.35   0.35  84.40
sde               0.00  1768.00    0.00 2450.00     0.00 103028.00    84.10     0.80    0.33    0.00    0.33   0.32  79.60
sde               0.00  1752.00    0.00 2429.00     0.00 102144.00    84.10     0.78    0.32    0.00    0.32   0.32  77.60
sde               0.00  1708.00    0.00 2352.00     0.00 98780.00    84.00     0.74    0.32    0.00    0.32   0.31  74.00
sde               0.00  1742.00    0.00 2407.00     0.00 101520.00    84.35     0.79    0.33    0.00    0.33   0.33  78.80
sde               0.00  1727.00    0.00 2396.00     0.00 100664.00    84.03     0.80    0.33    0.00    0.33   0.33  79.20
sde               0.00  1769.00    0.00 2440.00     0.00 102348.00    83.89     0.80    0.33    0.00    0.33   0.33  80.00
sde               0.00  1727.00    0.00 2386.00     0.00 100632.00    84.35     0.78    0.33    0.00    0.33   0.33  77.60
sde               0.00  1647.00    0.00 2283.00     0.00 95928.00    84.04     0.80    0.35    0.00    0.35   0.35  80.00
sde               0.00  1740.00    0.00 2394.00     0.00 100828.00    84.23     0.76    0.32    0.00    0.32   0.31  75.20
sde               0.00  1678.00    0.00 2327.00     0.00 97712.00    83.98     0.80    0.34    0.00    0.34   0.34  79.20
sde               0.00  1740.00    0.00 2408.00     0.00 101260.00    84.10     0.82    0.34    0.00    0.34   0.34  82.00
sde               0.00  1640.00    0.00 2265.00     0.00 94932.00    83.83     0.78    0.34    0.00    0.34   0.34  77.60
sde               0.00  1719.00    0.00 2376.00     0.00 100064.00    84.23     0.73    0.31    0.00    0.31   0.31  72.80
sde               0.00  1745.00    0.00 2418.00     0.00 101552.00    84.00     0.82    0.34    0.00    0.34   0.33  80.80
sde               0.00  1719.00    0.00 2377.00     0.00 100048.00    84.18     0.80    0.34    0.00    0.34   0.33  79.60
sde               0.00  1737.00    0.00 2389.00     0.00 100052.00    83.76     0.80    0.34    0.00    0.34   0.33  79.20
sde               0.00  1686.00    0.00 2327.00     0.00 97988.00    84.22     0.82    0.35    0.00    0.35   0.35  81.20
sde               0.00  1751.00    0.00 2417.00     0.00 101836.00    84.27     0.82    0.34    0.00    0.34   0.34  82.00
sde               0.00  1710.00    0.00 2354.00     0.00 99316.00    84.38     0.77    0.32    0.00    0.32   0.33  76.80
sde               0.00  1695.00    0.00 2346.00     0.00 98612.00    84.07     0.78    0.34    0.00    0.34   0.33  78.40
sde               0.00  1745.00    0.00 2401.00     0.00 101508.00    84.55     0.79    0.33    0.00    0.33   0.33  78.40
sde               0.00  1670.00    0.00 2302.00     0.00 96716.00    84.03     0.79    0.34    0.00    0.34   0.34  78.80
sde               0.00  1693.00    0.00 2333.00     0.00 98296.00    84.27     0.73    0.31    0.00    0.31   0.31  73.20
sde               0.00  1720.00    0.00 2374.00     0.00 100040.00    84.28     0.80    0.33    0.00    0.33   0.34  80.40
sde               0.00  1777.00    0.00 2457.00     0.00 102956.00    83.81     0.82    0.34    0.00    0.34   0.33  81.20
sde               0.00  1735.00    0.00 2401.00     0.00 100964.00    84.10     0.80    0.33    0.00    0.33   0.33  80.00
sde               0.00  1710.00    0.00 2360.00     0.00 99460.00    84.29     0.80    0.34    0.00    0.34   0.34  79.20
sde               0.00  1719.00    0.00 2377.00     0.00 99684.00    83.87     0.78    0.33    0.00    0.33   0.33  78.00
sde               0.00  1709.00    0.00 2361.00     0.00 99464.00    84.26     0.78    0.33    0.00    0.33   0.33  78.40
sde               0.00  1695.00    0.00 2347.00     0.00 98592.00    84.02     0.76    0.33    0.00    0.33   0.32  76.00
sde               0.00  1742.00    0.00 2406.00     0.00 101148.00    84.08     0.80    0.33    0.00    0.33   0.33  79.20
sde               0.00  1805.00    0.00 2495.00     0.00 105080.00    84.23     0.83    0.33    0.00    0.33   0.33  82.80
sde               0.00  1749.00    0.00 2421.00     0.00 101820.00    84.11     0.80    0.33    0.00    0.33   0.33  79.60
sde               0.00  1667.00    0.00 2302.00     0.00 96736.00    84.05     0.79    0.34    0.00    0.34   0.34  78.80
sde               0.00  1770.00    0.00 2445.00     0.00 103008.00    84.26     0.79    0.32    0.00    0.32   0.32  78.40
sde               0.00  1652.00    0.00 2297.00     0.00 96228.00    83.79     0.76    0.33    0.00    0.33   0.33  76.40
sde               0.00  1696.00    0.00 2343.00     0.00 98604.00    84.17     0.79    0.34    0.00    0.34   0.34  79.20
sde               0.00  1727.00    0.00 2379.00     0.00 99960.00    84.04     0.79    0.33    0.00    0.33   0.33  78.80
sde               0.00  1631.00    0.00 2255.00     0.00 95004.00    84.26     0.82    0.37    0.00    0.37   0.36  81.20
sde               0.00  1693.00    0.00 2347.00     0.00 98600.00    84.02     0.76    0.33    0.00    0.33   0.32  76.00
sde               0.00  1669.00    0.00 2291.00     0.00 96404.00    84.16     0.80    0.35    0.00    0.35   0.35  79.60
sde               0.00  1675.00    0.00 2322.00     0.00 97688.00    84.14     0.80    0.35    0.00    0.35   0.35  80.40
sde               0.00  1716.00    0.00 2379.00     0.00 99796.00    83.90     0.77    0.33    0.00    0.33   0.32  77.20
sde               0.00  1683.00    0.00 2320.00     0.00 97952.00    84.44     0.80    0.35    0.00    0.35   0.34  80.00
sde               0.00  1732.00    0.00 2393.00     0.00 100552.00    84.04     0.80    0.33    0.00    0.33   0.33  80.00
sde               0.00  1689.00    0.00 2321.00     0.00 97228.00    83.78     0.82    0.35    0.00    0.35   0.35  81.60
sde               0.00  1729.00    0.00 2376.00     0.00 100340.00    84.46     0.70    0.29    0.00    0.29   0.29  69.60
sde               0.00  1731.00    0.00 2392.00     0.00 100556.00    84.08     0.77    0.32    0.00    0.32   0.32  76.40
sde               0.00  1684.00    0.00 2328.00     0.00 98236.00    84.40     0.77    0.33    0.00    0.33   0.33  77.20
sde               0.00  1776.00    0.00 2443.00     0.00 103028.00    84.35     0.80    0.33    0.00    0.33   0.33  80.40
sde               0.00  1672.00    0.00 2308.00     0.00 97004.00    84.06     0.78    0.34    0.00    0.34   0.34  78.00
sde               0.00  1724.00    0.00 2382.00     0.00 100352.00    84.26     0.80    0.34    0.00    0.34   0.34  80.00
sde               0.00  1719.00    0.00 2368.00     0.00 100024.00    84.48     0.74    0.31    0.00    0.31   0.31  74.00
sde               0.00  1659.00    0.00 2286.00     0.00 96116.00    84.09     0.78    0.34    0.00    0.34   0.34  78.00
sde               0.00  1707.00    0.00 2359.00     0.00 99196.00    84.10     0.74    0.31    0.00    0.31   0.31  74.00
sde               0.00  1644.00    0.00 2282.00     0.00 95896.00    84.05     0.75    0.33    0.00    0.33   0.33  74.40
sde               0.00  1704.00    0.00 2359.00     0.00 99196.00    84.10     0.81    0.34    0.00    0.34   0.34  81.20
sde               0.00  1740.00    0.00 2394.00     0.00 100564.00    84.01     0.79    0.33    0.00    0.33   0.33  78.80
sde               0.00  1634.00    0.00 2263.00     0.00 95300.00    84.22     0.75    0.33    0.00    0.33   0.33  74.80
sde               0.00  1687.00    0.00 2346.00     0.00 98312.00    83.81     0.75    0.32    0.00    0.32   0.32  75.20
sde               0.00  1643.00    0.00 2256.00     0.00 94916.00    84.15     0.79    0.35    0.00    0.35   0.35  79.20
sde               0.00  1732.00    0.00 2403.00     0.00 100960.00    84.03     0.79    0.33    0.00    0.33   0.33  78.80
sde               0.00  1677.00    0.00 2328.00     0.00 97708.00    83.94     0.78    0.34    0.00    0.34   0.33  77.60
sde               0.00  1710.00    0.00 2357.00     0.00 99444.00    84.38     0.75    0.32    0.00    0.32   0.32  74.80
sde               0.00  1633.00    0.00 2254.00     0.00 94644.00    83.98     0.75    0.33    0.00    0.33   0.33  75.20
sde               0.00  1750.00    0.00 2424.00     0.00 101852.00    84.04     0.78    0.32    0.00    0.32   0.32  78.40
sde               0.00  1672.00    0.00 2309.00     0.00 97372.00    84.34     0.77    0.33    0.00    0.33   0.33  76.80
sde               0.00  1705.00    0.00 2357.00     0.00 99060.00    84.06     0.77    0.33    0.00    0.33   0.33  76.80
sde               0.00  1730.00    0.00 2394.00     0.00 100656.00    84.09     0.82    0.34    0.00    0.34   0.34  82.00
sde               0.00  1681.00    0.00 2323.00     0.00 97704.00    84.12     0.79    0.34    0.00    0.34   0.34  79.20
sde               0.00  1710.00    0.00 2362.00     0.00 99096.00    83.91     0.82    0.35    0.00    0.35   0.35  82.00
sde               0.00  1659.00    0.00 2294.00     0.00 96508.00    84.14     0.82    0.36    0.00    0.36   0.36  82.40
sde               0.00  1714.00    0.00 2373.00     0.00 99764.00    84.08     0.78    0.33    0.00    0.33   0.33  78.00
sde               0.00  1768.00    0.00 2448.00     0.00 102644.00    83.86     0.81    0.33    0.00    0.33   0.33  81.20
sde               0.00  1674.00    0.00 2312.00     0.00 97384.00    84.24     0.72    0.31    0.00    0.31   0.31  71.60
sde               0.00  1758.00    0.00 2418.00     0.00 101620.00    84.05     0.79    0.33    0.00    0.33   0.32  78.40
sde               0.00  1709.00    0.00 2362.00     0.00 99740.00    84.45     0.80    0.34    0.00    0.34   0.34  80.40
sde               0.00  1713.00    0.00 2366.00     0.00 99360.00    83.99     0.76    0.32    0.00    0.32   0.32  76.00
