sde               0.00     1.23    0.00    2.49     0.00   159.06   127.78     0.01    2.91    1.91    2.91   0.41   0.10
sde               0.00     0.00    0.00    0.00     0.00     0.00     0.00     0.00    0.00    0.00    0.00   0.00   0.00
sde               0.00   423.00    0.00 1445.00     0.00 76288.00   105.59     1.18    0.81    0.00    0.81   0.39  56.00
sde               0.00   587.00    0.00 2166.00     0.00 104040.00    96.07     1.71    0.79    0.00    0.79   0.39  85.20
sde               0.00   617.00    0.00 2368.00     0.00 85932.00    72.58     1.56    0.66    0.00    0.66   0.35  84.00
sde               0.00   537.00    0.00 1980.00     0.00 95656.00    96.62     1.91    0.95    0.00    0.95   0.44  88.00
sde               0.00   573.00    0.00 2061.00     0.00 122776.00   119.14     1.85    0.91    0.00    0.91   0.40  83.20
sde               0.00   547.00    0.00 1898.00     0.00 114524.00   120.68     1.92    1.00    0.00    1.00   0.44  83.60
sde               0.00   607.00    0.00 2195.00     0.00 100660.00    91.72     1.79    0.83    0.00    0.83   0.39  86.00
sde               0.00   609.00    0.00 2206.00     0.00 94328.00    85.52     1.75    0.77    0.00    0.77   0.38  84.80
sde               0.00   574.00    0.00 2044.00     0.00 90656.00    88.70     1.79    0.89    0.00    0.89   0.43  88.80
sde               0.00   598.00    0.00 2216.00     0.00 78276.00    70.65     1.57    0.69    0.00    0.69   0.37  82.40
sde               0.00   588.00    0.00 2095.00     0.00 99504.00    94.99     1.73    0.84    0.00    0.84   0.40  83.20
sde               0.00   637.00    0.00 2216.00     0.00 93008.00    83.94     1.44    0.65    0.00    0.65   0.38  84.00
sde               0.00   606.00    0.00 2074.00     0.00 92752.00    89.44     1.41    0.68    0.00    0.68   0.42  86.80
sde               0.00   528.00    0.00 1765.00     0.00 95120.00   107.78     1.58    0.89    0.00    0.89   0.48  84.40
sde               0.00   615.00    0.00 2129.00     0.00 82360.00    77.37     1.38    0.64    0.00    0.64   0.41  86.80
sde               0.00   474.00    0.00 1609.00     0.00 79252.00    98.51     1.78    1.10    0.00    1.10   0.53  85.20
sde               0.00   583.00    0.00 2000.00     0.00 87484.00    87.48     1.42    0.72    0.00    0.72   0.43  86.40
sde               0.00   622.00    0.00 2138.00     0.00 91608.00    85.70     1.32    0.61    0.00    0.61   0.37  79.60
sde               0.00   649.00    0.00 2299.00     0.00 87148.00    75.81     1.25    0.55    0.00    0.55   0.38  87.20
sde               0.00   613.00    0.00 2067.00     0.00 96360.00    93.24     1.31    0.63    0.00    0.63   0.40  83.60
sde               0.00   631.00    0.00 2122.00     0.00 96532.00    90.98     1.40    0.66    0.00    0.66   0.39  82.00
sde               0.00   624.00    0.00 2196.00     0.00 85556.00    77.92     1.27    0.58    0.00    0.58   0.39  85.20
sde               0.00   605.00    0.00 2055.00     0.00 92416.00    89.94     1.45    0.71    0.00    0.71   0.41  84.40
sde               0.00   639.00    0.00 2197.00     0.00 89300.00    81.29     1.37    0.62    0.00    0.62   0.40  88.40
sde               0.00   631.00    0.00 2200.00     0.00 89324.00    81.20     1.24    0.57    0.00    0.57   0.38  82.80
sde               0.00   612.00    0.00 2052.00     0.00 96304.00    93.86     1.27    0.62    0.00    0.62   0.40  82.00
sde               0.00   650.00    0.00 2229.00     0.00 89484.00    80.29     1.27    0.57    0.00    0.57   0.39  86.40
sde               0.00   565.00    0.00 1961.00     0.00 84516.00    86.20     1.30    0.66    0.00    0.66   0.44  85.60
sde               0.00   557.00    0.00 1928.00     0.00 79300.00    82.26     1.44    0.73    0.00    0.73   0.45  87.60
sde               0.00   552.00    0.00 1886.00     0.00 77820.00    82.52     1.53    0.83    0.00    0.83   0.46  86.80
sde               0.00   601.00    0.00 1949.00     0.00 92140.00    94.55     1.44    0.74    0.00    0.74   0.42  82.00
sde               0.00   618.00    0.00 2010.00     0.00 111620.00   111.06     1.42    0.71    0.00    0.71   0.40  80.00
sde               0.00   571.00    0.00 1906.00     0.00 91904.00    96.44     1.44    0.76    0.00    0.76   0.46  87.20
sde               0.00   616.00    0.00 2149.00     0.00 87460.00    81.40     1.30    0.60    0.00    0.60   0.39  84.40
sde               0.00   652.00    0.00 2219.00     0.00 91100.00    82.11     1.24    0.57    0.00    0.57   0.36  80.40
sde               0.00   616.00    0.00 2119.00     0.00 92036.00    86.87     1.34    0.63    0.00    0.63   0.40  84.80
sde               0.00   630.00    0.00 2126.00     0.00 101368.00    95.36     1.30    0.62    0.00    0.62   0.39  82.40
sde               0.00   602.00    0.00 1997.00     0.00 103780.00   103.94     1.26    0.63    0.00    0.63   0.40  79.20
sde               0.00   527.00    0.00 1794.00     0.00 84884.00    94.63     1.50    0.81    0.00    0.81   0.48  85.60
sde               0.00   558.00    0.00 1870.00     0.00 98472.00   105.32     1.28    0.72    0.00    0.72   0.45  84.80
sde               0.00   567.00    0.00 1871.00     0.00 103484.00   110.62     1.22    0.65    0.00    0.65   0.44  81.60
sde               0.00   558.00    0.00 1917.00     0.00 84424.00    88.08     1.26    0.66    0.00    0.66   0.42  80.40
sde               0.00   589.00    0.00 2025.00     0.00 88596.00    87.50     1.32    0.65    0.00    0.65   0.41  84.00
sde               0.00   609.00    0.00 2144.00     0.00 81600.00    76.12     1.20    0.56    0.00    0.56   0.40  85.20
sde               0.00   613.00    0.00 2063.00     0.00 104108.00   100.93     1.28    0.62    0.00    0.62   0.41  83.60
sde               0.00   579.00    0.00 1998.00     0.00 92428.00    92.52     1.32    0.66    0.00    0.66   0.43  86.80
sde               0.00   518.00    0.00 1743.00     0.00 83624.00    95.95     1.34    0.77    0.00    0.77   0.48  84.00
sde               0.00   605.00    0.00 2050.00     0.00 104172.00   101.63     1.28    0.63    0.00    0.63   0.41  83.60
sde               0.00   541.00    0.00 1862.00     0.00 84196.00    90.44     1.34    0.72    0.00    0.72   0.46  84.80
sde               0.00   591.00    0.00 1954.00     0.00 107516.00   110.05     1.26    0.64    0.00    0.64   0.41  80.80
sde               0.00   631.00    0.00 2133.00     0.00 104512.00    98.00     1.25    0.59    0.00    0.59   0.40  84.40
sde               0.00   585.00    0.00 1932.00     0.00 111260.00   115.18     1.19    0.62    0.00    0.62   0.41  80.00
sde               0.00   584.00    0.00 1953.00     0.00 103816.00   106.31     1.31    0.67    0.00    0.67   0.41  80.00
sde               0.00   608.00    0.00 2098.00     0.00 92812.00    88.48     1.20    0.57    0.00    0.57   0.39  81.60
sde               0.00   588.00    0.00 1944.00     0.00 107484.00   110.58     1.33    0.69    0.00    0.69   0.42  82.40
sde               0.00   590.00    0.00 1942.00     0.00 115260.00   118.70     1.36    0.69    0.00    0.69   0.43  82.80
sde               0.00   557.00    0.00 1873.00     0.00 96680.00   103.24     1.24    0.65    0.00    0.65   0.44  82.00
sde               0.00   573.00    0.00 1911.00     0.00 101712.00   106.45     1.25    0.66    0.00    0.66   0.42  81.20
sde               0.00   571.00    0.00 1980.00     0.00 85556.00    86.42     1.28    0.65    0.00    0.65   0.43  84.80
sde               0.00   512.00    0.00 1787.00     0.00 76080.00    85.15     1.42    0.80    0.00    0.80   0.47  84.00
sde               0.00   445.00    0.00 1401.00     0.00 68280.00    97.47     1.71    1.21    0.00    1.21   0.62  87.20
sde               0.00   423.00    0.00 1457.00     0.00 66172.00    90.83     1.58    1.09    0.00    1.09   0.61  89.60
sde               0.00   493.00    0.00 1686.00     0.00 75704.00    89.80     1.44    0.86    0.00    0.86   0.51  86.40
sde               0.00   477.00    0.00 1699.00     0.00 69292.00    81.57     1.46    0.83    0.00    0.83   0.52  87.60
sde               0.00   480.00    0.00 1596.00     0.00 78168.00    97.95     1.52    0.99    0.00    0.99   0.54  85.60
sde               0.00   514.00    0.00 1815.00     0.00 68764.00    75.77     1.31    0.72    0.00    0.72   0.47  84.40
sde               0.00   512.00    0.00 1778.00     0.00 79876.00    89.85     1.46    0.82    0.00    0.82   0.48  85.60
sde               0.00   493.00    0.00 1716.00     0.00 68360.00    79.67     1.49    0.87    0.00    0.87   0.51  88.00
sde               0.00   496.00    0.00 1716.00     0.00 71968.00    83.88     1.41    0.82    0.00    0.82   0.50  86.40
sde               0.00   490.00    0.00 1720.00     0.00 68384.00    79.52     1.52    0.88    0.00    0.88   0.51  88.40
sde               0.00   466.00    0.00 1604.00     0.00 71508.00    89.16     1.54    0.96    0.00    0.96   0.54  86.40
sde               0.00   469.00    0.00 1637.00     0.00 65208.00    79.67     1.51    0.91    0.00    0.91   0.52  85.20
sde               0.00   482.00    0.00 1671.00     0.00 70736.00    84.66     1.60    0.96    0.00    0.96   0.54  90.80
sde               0.00   482.00    0.00 1614.00     0.00 87060.00   107.88     1.50    0.93    0.00    0.93   0.52  84.40
sde               0.00   483.00    0.00 1697.00     0.00 68280.00    80.47     1.45    0.85    0.00    0.85   0.53  90.40
sde               0.00   528.00    0.00 1765.00     0.00 87560.00    99.22     1.43    0.81    0.00    0.81   0.49  86.00
sde               0.00   531.00    0.00 1833.00     0.00 81260.00    88.66     1.44    0.76    0.00    0.76   0.48  87.20
sde               0.00   499.00    0.00 1681.00     0.00 86308.00   102.69     1.44    0.89    0.00    0.89   0.51  86.40
sde               0.00   586.00    0.00 2018.00     0.00 88544.00    87.75     1.28    0.63    0.00    0.63   0.41  82.00
sde               0.00   538.00    0.00 1897.00     0.00 72944.00    76.90     1.37    0.73    0.00    0.73   0.47  88.80
sde               0.00   565.00    0.00 1898.00     0.00 92960.00    97.96     1.29    0.66    0.00    0.66   0.43  81.20
sde               0.00   415.00    0.00 1415.00     0.00 69856.00    98.74     1.56    1.13    0.00    1.13   0.61  86.40
sde               0.00   438.00    0.00 1467.00     0.00 81844.00   111.58     1.53    1.03    0.00    1.03   0.57  83.20
sde               0.00   473.00    0.00 1600.00     0.00 79304.00    99.13     1.50    0.94    0.00    0.94   0.55  87.20
sde               0.00   471.00    0.00 1625.00     0.00 68644.00    84.48     1.49    0.92    0.00    0.92   0.53  86.40
sde               0.00   469.00    0.00 1651.00     0.00 67988.00    82.36     1.44    0.87    0.00    0.87   0.53  87.20
sde               0.00   494.00    0.00 1743.00     0.00 69476.00    79.72     1.42    0.81    0.00    0.81   0.51  89.60
sde               0.00   595.00    0.00 1972.00     0.00 102756.00   104.22     1.26    0.65    0.00    0.65   0.41  81.20
sde               0.00   582.00    0.00 2052.00     0.00 84928.00    82.78     1.24    0.60    0.00    0.60   0.41  83.20
sde               0.00   577.00    0.00 1947.00     0.00 95952.00    98.56     1.37    0.70    0.00    0.70   0.43  83.60
sde               0.00   618.00    0.00 1996.00     0.00 100240.00   100.44     1.27    0.64    0.00    0.64   0.41  82.80
sde               0.00   529.00    0.00 1760.00     0.00 95212.00   108.20     1.36    0.77    0.00    0.77   0.48  84.40
sde               0.00   542.00    0.00 1865.00     0.00 90596.00    97.15     1.28    0.68    0.00    0.68   0.46  85.60
sde               0.00   571.00    0.00 1893.00     0.00 101008.00   106.72     1.32    0.71    0.00    0.71   0.44  84.00
sde               0.00   627.00    0.00 2130.00     0.00 93892.00    88.16     1.17    0.54    0.00    0.54   0.39  83.60
sde               0.00   582.00    0.00 2064.00     0.00 84084.00    81.48     1.26    0.61    0.00    0.61   0.42  86.00
sde               0.00   567.00    0.00 1872.00     0.00 95708.00   102.25     1.37    0.73    0.00    0.73   0.44  82.40
sde               0.00   592.00    0.00 1966.00     0.00 103732.00   105.53     1.24    0.63    0.00    0.63   0.42  82.80
sde               0.00   572.00    0.00 1922.00     0.00 107484.00   111.85     1.28    0.66    0.00    0.66   0.43  83.20
sde               0.00   539.00    0.00 1799.00     0.00 91660.00   101.90     1.36    0.76    0.00    0.76   0.47  84.80
sde               0.00   614.00    0.00 2109.00     0.00 96592.00    91.60     1.26    0.60    0.00    0.60   0.39  82.80
sde               0.00   595.00    0.00 2082.00     0.00 82384.00    79.14     1.21    0.57    0.00    0.57   0.42  86.80
sde               0.00   607.00    0.00 2009.00     0.00 106728.00   106.25     1.24    0.63    0.00    0.63   0.42  83.60
sde               0.00   612.00    0.00 2051.00     0.00 107904.00   105.22     1.25    0.61    0.00    0.61   0.40  82.40
sde               0.00   643.00    0.00 2241.00     0.00 89696.00    80.05     1.24    0.56    0.00    0.56   0.38  84.80
sde               0.00   553.00    0.00 1852.00     0.00 98648.00   106.53     1.36    0.73    0.00    0.73   0.45  84.00
sde               0.00   557.00    0.00 1934.00     0.00 96644.00    99.94     1.47    0.76    0.00    0.76   0.43  83.60
sde               0.00   580.00    0.00 1969.00     0.00 88388.00    89.78     1.19    0.61    0.00    0.61   0.41  81.60
sde               0.00   568.00    0.00 1976.00     0.00 80816.00    81.80     1.35    0.68    0.00    0.68   0.44  86.80
sde               0.00   607.00    0.00 2099.00     0.00 92828.00    88.45     1.21    0.57    0.00    0.57   0.40  84.80
sde               0.00   588.00    0.00 1989.00     0.00 101236.00   101.80     1.31    0.65    0.00    0.65   0.41  82.40
sde               0.00   580.00    0.00 1921.00     0.00 106232.00   110.60     1.33    0.70    0.00    0.70   0.44  84.80
sde               0.00   601.00    0.00 2098.00     0.00 85156.00    81.18     1.19    0.57    0.00    0.57   0.40  83.20
sde               0.00   598.00    0.00 2055.00     0.00 96372.00    93.79     1.28    0.62    0.00    0.62   0.41  84.00
sde               0.00   618.00    0.00 2079.00     0.00 100476.00    96.66     1.23    0.60    0.00    0.60   0.41  84.80
sde               0.00   571.00    0.00 1902.00     0.00 107432.00   112.97     1.24    0.66    0.00    0.66   0.45  85.60
sde               0.00   600.00    0.00 1997.00     0.00 103860.00   104.02     1.30    0.65    0.00    0.65   0.43  86.00
sde               0.00   578.00    0.00 1958.00     0.00 103784.00   106.01     1.28    0.65    0.00    0.65   0.41  81.20
sde               0.00   558.00    0.00 1896.00     0.00 88068.00    92.90     1.35    0.72    0.00    0.72   0.45  84.80
sde               0.00   619.00    0.00 2184.00     0.00 85724.00    78.50     1.24    0.56    0.00    0.56   0.39  84.80
sde               0.00   593.00    0.00 1842.00     0.00 110784.00   120.29     1.30    0.71    0.00    0.71   0.44  80.40
sde               0.00   582.00    0.00 1922.00     0.00 107520.00   111.88     1.24    0.65    0.00    0.65   0.42  80.80
sde               0.00   600.00    0.00 2020.00     0.00 103936.00   102.91     1.26    0.62    0.00    0.62   0.41  82.80
sde               0.00   593.00    0.00 1961.00     0.00 107680.00   109.82     1.20    0.61    0.00    0.61   0.41  80.80
sde               0.00   591.00    0.00 2060.00     0.00 88828.00    86.24     1.22    0.59    0.00    0.59   0.41  84.80
sde               0.00   595.00    0.00 1986.00     0.00 103780.00   104.51     1.28    0.64    0.00    0.64   0.42  84.00
sde               0.00   578.00    0.00 1918.00     0.00 99852.00   104.12     1.22    0.64    0.00    0.64   0.42  81.20
sde               0.00   552.00    0.00 1854.00     0.00 95588.00   103.12     1.33    0.72    0.00    0.72   0.44  81.60
sde               0.00   595.00    0.00 2066.00     0.00 85148.00    82.43     1.32    0.63    0.00    0.63   0.43  88.00
sde               0.00   558.00    0.00 1857.00     0.00 103276.00   111.23     1.30    0.71    0.00    0.71   0.45  84.40
sde               0.00   589.00    0.00 1979.00     0.00 99932.00   100.99     1.28    0.65    0.00    0.65   0.42  82.40
sde               0.00   632.00    0.00 2219.00     0.00 85772.00    77.31     1.12    0.51    0.00    0.51   0.37  83.20
sde               0.00   558.00    0.00 1882.00     0.00 95700.00   101.70     1.24    0.65    0.00    0.65   0.43  80.40
sde               0.00   583.00    0.00 1966.00     0.00 99988.00   101.72     1.22    0.63    0.00    0.63   0.41  80.00
sde               0.00   563.00    0.00 1927.00     0.00 84364.00    87.56     1.32    0.68    0.00    0.68   0.44  85.20
sde               0.00   536.00    0.00 1743.00     0.00 106796.00   122.54     1.45    0.83    0.00    0.83   0.48  83.20
sde               0.00   555.00    0.00 1862.00     0.00 103388.00   111.05     1.27    0.68    0.00    0.68   0.44  82.40
sde               0.00   543.00    0.00 1824.00     0.00 94692.00   103.83     1.40    0.76    0.00    0.76   0.46  84.40
sde               0.00   613.00    0.00 2041.00     0.00 104812.00   102.71     1.21    0.60    0.00    0.60   0.41  82.80
sde               0.00   566.00    0.00 1959.00     0.00 92260.00    94.19     1.32    0.68    0.00    0.68   0.43  84.00
sde               0.00   491.00    0.00 1646.00     0.00 87308.00   106.09     1.49    0.91    0.00    0.91   0.52  85.60
sde               0.00   566.00    0.00 1863.00     0.00 109440.00   117.49     1.39    0.73    0.00    0.73   0.44  82.40
sde               0.00   570.00    0.00 2020.00     0.00 78672.00    77.89     1.22    0.62    0.00    0.62   0.42  85.60
sde               0.00   622.00    0.00 2097.00     0.00 100400.00    95.76     1.25    0.60    0.00    0.60   0.39  81.60
sde               0.00   582.00    0.00 2043.00     0.00 82356.00    80.62     1.22    0.59    0.00    0.59   0.41  83.20
sde               0.00   603.00    0.00 2131.00     0.00 95364.00    89.50     1.40    0.66    0.00    0.66   0.39  83.20
sde               0.00   522.00    0.00 1855.00     0.00 91372.00    98.51     1.84    0.99    0.00    0.99   0.43  80.40
sde               0.00   537.00    0.00 1907.00     0.00 103200.00   108.23     1.82    0.95    0.00    0.95   0.42  80.00
sde               0.00   609.00    0.00 2234.00     0.00 89164.00    79.82     1.69    0.76    0.00    0.76   0.37  81.60
sde               0.00   598.00    0.00 2138.00     0.00 96364.00    90.14     1.64    0.77    0.00    0.77   0.38  82.00
sde               0.00   648.00    0.00 2266.00     0.00 85628.00    75.58     1.48    0.65    0.00    0.65   0.35  79.60
sde               0.00   598.00    0.00 2164.00     0.00 92744.00    85.72     1.72    0.80    0.00    0.80   0.37  80.80
sde               0.00   615.00    0.00 2235.00     0.00 89084.00    79.72     1.54    0.69    0.00    0.69   0.37  83.60
sde               0.00   561.00    0.00 2010.00     0.00 92144.00    91.69     1.84    0.92    0.00    0.92   0.42  84.00
sde               0.00   545.00    0.00 1960.00     0.00 95740.00    97.69     1.68    0.86    0.00    0.86   0.41  80.00
sde               0.00   531.00    0.00 1921.00     0.00 78880.00    82.12     1.81    0.92    0.00    0.92   0.43  82.00
sde               0.00   512.00    0.00 1755.00     0.00 100680.00   114.74     1.70    0.96    0.00    0.96   0.46  81.20
sde               0.00   585.00    0.00 2016.00     0.00 81404.00    80.76     1.38    0.70    0.00    0.70   0.40  80.00
sde               0.00   611.00    0.00 2128.00     0.00 91848.00    86.32     1.31    0.63    0.00    0.63   0.39  83.60
sde               0.00   580.00    0.00 1926.00     0.00 95760.00    99.44     1.38    0.72    0.00    0.72   0.42  81.20
sde               0.00   600.00    0.00 1972.00     0.00 107544.00   109.07     1.46    0.74    0.00    0.74   0.41  80.00
sde               0.00   615.00    0.00 2082.00     0.00 101204.00    97.22     1.40    0.66    0.00    0.66   0.39  80.80
sde               0.00   579.00    0.00 1983.00     0.00 87556.00    88.31     1.38    0.70    0.00    0.70   0.43  85.20
sde               0.00   549.00    0.00 1835.00     0.00 95380.00   103.96     1.58    0.86    0.00    0.86   0.47  85.60
sde               0.00   560.00    0.00 1872.00     0.00 95680.00   102.22     1.38    0.74    0.00    0.74   0.43  80.40
sde               0.00   625.00    0.00 2114.00     0.00 96648.00    91.44     1.33    0.63    0.00    0.63   0.40  85.20
sde               0.00   602.00    0.00 2048.00     0.00 92388.00    90.22     1.43    0.70    0.00    0.70   0.40  81.20
sde               0.00   606.00    0.00 2103.00     0.00 86108.00    81.89     1.28    0.60    0.00    0.60   0.40  84.40
sde               0.00   550.00    0.00 1830.00     0.00 101988.00   111.46     1.52    0.84    0.00    0.84   0.45  82.00
sde               0.00   558.00    0.00 1875.00     0.00 95800.00   102.19     1.45    0.77    0.00    0.77   0.44  83.20
sde               0.00   594.00    0.00 2095.00     0.00 84888.00    81.04     1.36    0.65    0.00    0.65   0.40  84.00
sde               0.00   603.00    0.00 2055.00     0.00 84788.00    82.52     1.30    0.63    0.00    0.63   0.40  81.60
sde               0.00   581.00    0.00 1953.00     0.00 104540.00   107.06     1.42    0.72    0.00    0.72   0.42  82.80
sde               0.00   607.92    0.00 2065.35     0.00 94681.19    91.69     1.26    0.62    0.00    0.62   0.39  80.00
sde               0.00   614.00    0.00 2098.00     0.00 99544.00    94.89     1.45    0.69    0.00    0.69   0.39  82.40
sde               0.00   607.00    0.00 1976.00     0.00 104416.00   105.68     1.39    0.71    0.00    0.71   0.40  80.00
sde               0.00   612.00    0.00 2127.00     0.00 92788.00    87.25     1.33    0.63    0.00    0.63   0.38  80.80
sde               0.00   607.00    0.00 2030.00     0.00 100116.00    98.64     1.42    0.70    0.00    0.70   0.42  84.40
sde               0.00   569.00    0.00 1935.00     0.00 88144.00    91.10     1.48    0.77    0.00    0.77   0.44  85.20
sde               0.00   609.00    0.00 2111.00     0.00 88948.00    84.27     1.34    0.63    0.00    0.63   0.39  83.20
sde               0.00   641.00    0.00 2111.00     0.00 92908.00    88.02     1.31    0.62    0.00    0.62   0.39  81.60
sde               0.00   606.00    0.00 2055.00     0.00 96288.00    93.71     1.34    0.65    0.00    0.65   0.40  82.40
sde               0.00   588.00    0.00 2070.00     0.00 82328.00    79.54     1.14    0.55    0.00    0.55   0.40  82.00
sde               0.00   593.00    0.00 1942.00     0.00 110316.00   113.61     1.21    0.62    0.00    0.62   0.43  83.20
sde               0.00   598.00    0.00 2087.00     0.00 88932.00    85.22     1.17    0.56    0.00    0.56   0.39  82.00
sde               0.00   598.00    0.00 2041.00     0.00 92488.00    90.63     1.21    0.59    0.00    0.59   0.38  78.00
sde               0.00   520.00    0.00 1716.00     0.00 99004.00   115.39     1.39    0.81    0.00    0.81   0.48  82.40
sde               0.00   561.00    0.00 1899.00     0.00 95876.00   100.98     1.28    0.67    0.00    0.67   0.43  82.40
sde               0.00   578.00    0.00 1934.00     0.00 99768.00   103.17     1.26    0.65    0.00    0.65   0.42  81.20
sde               0.00   578.00    0.00 1997.00     0.00 84752.00    84.88     1.30    0.65    0.00    0.65   0.43  86.80
sde               0.00   639.00    0.00 2226.00     0.00 89520.00    80.43     1.14    0.51    0.00    0.51   0.37  82.80
sde               0.00   622.00    0.00 2133.00     0.00 92872.00    87.08     1.20    0.56    0.00    0.56   0.39  82.80
sde               0.00   611.00    0.00 2162.00     0.00 82704.00    76.51     1.15    0.53    0.00    0.53   0.37  79.60
sde               0.00   628.00    0.00 2155.00     0.00 95776.00    88.89     1.20    0.56    0.00    0.56   0.37  80.80
sde               0.00   624.00    0.00 2131.00     0.00 92868.00    87.16     1.18    0.55    0.00    0.55   0.38  80.40
sde               0.00   591.00    0.00 2026.00     0.00 96388.00    95.15     1.18    0.58    0.00    0.58   0.41  82.40
sde               0.00   613.00    0.00 2110.00     0.00 96720.00    91.68     1.18    0.56    0.00    0.56   0.37  78.80
sde               0.00   607.00    0.00 2046.00     0.00 96380.00    94.21     1.16    0.57    0.00    0.57   0.38  77.60
sde               0.00   593.00    0.00 2027.00     0.00 100356.00    99.02     1.21    0.60    0.00    0.60   0.39  80.00
sde               0.00   599.00    0.00 1975.00     0.00 111448.00   112.86     1.25    0.64    0.00    0.64   0.40  79.60
sde               0.00   577.00    0.00 1894.00     0.00 111120.00   117.34     1.25    0.66    0.00    0.66   0.42  78.80
sde               0.00   608.00    0.00 2091.00     0.00 88856.00    84.99     1.20    0.57    0.00    0.57   0.39  82.00
sde               0.00   554.00    0.00 1934.00     0.00 84604.00    87.49     1.26    0.65    0.00    0.65   0.44  85.20
sde               0.00   579.00    0.00 1969.00     0.00 97060.00    98.59     1.24    0.63    0.00    0.63   0.42  82.00
sde               0.00   589.00    0.00 1986.00     0.00 95224.00    95.90     1.25    0.64    0.00    0.64   0.42  83.60
sde               0.00   540.00    0.00 1836.00     0.00 87828.00    95.67     1.31    0.71    0.00    0.71   0.45  82.40
sde               0.00   593.00    0.00 1989.00     0.00 104056.00   104.63     1.20    0.61    0.00    0.61   0.40  78.80
sde               0.00   579.00    0.00 1961.00     0.00 99840.00   101.83     1.23    0.63    0.00    0.63   0.41  80.80
sde               0.00   615.00    0.00 2155.00     0.00 90228.00    83.74     1.18    0.54    0.00    0.54   0.37  79.20
sde               0.00   618.00    0.00 2122.00     0.00 91916.00    86.63     1.20    0.57    0.00    0.57   0.39  82.40
sde               0.00   628.00    0.00 2047.00     0.00 96476.00    94.26     1.20    0.58    0.00    0.58   0.39  79.60
sde               0.00   617.00    0.00 2111.00     0.00 93936.00    89.00     1.24    0.58    0.00    0.58   0.40  84.40
sde               0.00   614.00    0.00 2069.00     0.00 103108.00    99.67     1.18    0.57    0.00    0.57   0.39  81.60
sde               0.00   585.00    0.00 1940.00     0.00 107592.00   110.92     1.24    0.64    0.00    0.64   0.42  82.00
sde               0.00   604.00    0.00 2013.00     0.00 108768.00   108.07     1.29    0.64    0.00    0.64   0.41  82.00
sde               0.00   605.00    0.00 2112.00     0.00 85464.00    80.93     1.16    0.54    0.00    0.54   0.38  81.20
sde               0.00   601.00    0.00 2001.00     0.00 102732.00   102.68     1.22    0.62    0.00    0.62   0.41  82.00
sde               0.00   610.00    0.00 2101.00     0.00 92732.00    88.27     1.20    0.57    0.00    0.57   0.39  81.60
sde               0.00   617.00    0.00 2109.00     0.00 100568.00    95.37     1.26    0.60    0.00    0.60   0.40  83.60
sde               0.00   608.00    0.00 2091.00     0.00 88868.00    85.00     1.15    0.55    0.00    0.55   0.39  80.80
sde               0.00   623.00    0.00 2194.00     0.00 86676.00    79.01     1.12    0.50    0.00    0.50   0.36  80.00
sde               0.00   626.00    0.00 2133.00     0.00 98760.00    92.60     1.22    0.58    0.00    0.58   0.38  81.60
sde               0.00   615.00    0.00 2131.00     0.00 88500.00    83.06     1.18    0.55    0.00    0.55   0.39  83.20
sde               0.00   611.00    0.00 2038.00     0.00 109268.00   107.23     1.20    0.60    0.00    0.60   0.39  78.80
sde               0.00   600.00    0.00 2015.00     0.00 100192.00    99.45     1.17    0.58    0.00    0.58   0.40  80.40
sde               0.00   612.00    0.00 2156.00     0.00 90232.00    83.70     1.19    0.55    0.00    0.55   0.38  82.40
sde               0.00   560.00    0.00 1860.00     0.00 91784.00    98.69     1.34    0.72    0.00    0.72   0.45  83.20
sde               0.00   564.00    0.00 1969.00     0.00 79896.00    81.15     1.26    0.64    0.00    0.64   0.43  85.60
sde               0.00   593.00    0.00 2025.00     0.00 96264.00    95.08     1.25    0.62    0.00    0.62   0.40  82.00
sde               0.00   587.00    0.00 2003.00     0.00 88500.00    88.37     1.08    0.54    0.00    0.54   0.41  81.20
sde               0.00   600.00    0.00 2054.00     0.00 100464.00    97.82     1.23    0.60    0.00    0.60   0.41  83.60
sde               0.00   576.00    0.00 1908.00     0.00 107324.00   112.50     1.22    0.64    0.00    0.64   0.41  77.60
sde               0.00   594.00    0.00 1986.00     0.00 107768.00   108.53     1.24    0.62    0.00    0.62   0.40  80.40
sde               0.00   606.00    0.00 2058.00     0.00 96420.00    93.70     1.24    0.60    0.00    0.60   0.41  84.00
sde               0.00   626.00    0.00 2180.00     0.00 89316.00    81.94     1.14    0.52    0.00    0.52   0.37  81.60
sde               0.00   583.00    0.00 1909.00     0.00 115024.00   120.51     1.22    0.64    0.00    0.64   0.41  78.00
sde               0.00   599.00    0.00 2035.00     0.00 96440.00    94.78     1.18    0.58    0.00    0.58   0.40  80.40
sde               0.00   612.00    0.00 2123.00     0.00 92808.00    87.43     1.15    0.54    0.00    0.54   0.38  80.40
sde               0.00   603.00    0.00 2117.00     0.00 85348.00    80.63     1.15    0.54    0.00    0.54   0.39  81.60
