sde               0.00     1.32    0.00    2.81     0.00   177.20   126.29     0.01    2.70    1.91    2.70   0.41   0.12
sde               0.00     1.00    0.00    4.00     0.00    20.00    10.00     0.00    0.00    0.00    0.00   0.00   0.00
sde               0.00   340.00    0.00 1236.00     0.00 60928.00    98.59     1.68    1.37    0.00    1.37   0.40  49.60
sde               0.00   584.00    0.00 2273.00     0.00 90336.00    79.49     2.78    1.22    0.00    1.22   0.37  84.40
sde               0.00   553.00    0.00 2227.00     0.00 100512.00    90.27     3.05    1.37    0.00    1.37   0.38  85.20
sde               0.00   449.00    0.00 1774.00     0.00 88300.00    99.55     4.06    2.29    0.00    2.29   0.47  83.20
sde               0.00   513.00    0.00 2016.00     0.00 89412.00    88.70     3.26    1.62    0.00    1.62   0.41  82.40
sde               0.00   488.00    0.00 1960.00     0.00 109508.00   111.74     3.48    1.78    0.00    1.78   0.40  78.80
sde               0.00   464.00    0.00 1810.00     0.00 98652.00   109.01     4.02    2.22    0.00    2.22   0.47  84.80
sde               0.00   505.00    0.00 1967.00     0.00 99288.00   100.95     3.44    1.75    0.00    1.75   0.43  84.80
sde               0.00   558.00    0.00 2219.00     0.00 69968.00    63.06     2.67    1.20    0.00    1.20   0.39  85.60
sde               0.00   546.00    0.00 2115.00     0.00 89712.00    84.83     3.40    1.61    0.00    1.61   0.39  82.80
sde               0.00   497.00    0.00 1981.00     0.00 75240.00    75.96     3.56    1.73    0.00    1.73   0.44  86.40
sde               0.00   513.00    0.00 1984.00     0.00 103320.00   104.15     3.41    1.78    0.00    1.78   0.41  82.00
sde               0.00   446.00    0.00 1739.00     0.00 103096.00   118.57     3.95    2.15    0.00    2.15   0.45  78.80
sde               0.00   462.00    0.00 1815.00     0.00 84028.00    92.59     3.57    2.09    0.00    2.09   0.46  84.00
sde               0.00   437.00    0.00 1722.00     0.00 86452.00   100.41     4.36    2.40    0.00    2.40   0.50  86.80
sde               0.00   525.00    0.00 1967.00     0.00 91048.00    92.58     2.54    1.41    0.00    1.41   0.40  78.40
sde               0.00   373.00    0.00 1339.00     0.00 87836.00   131.20     4.12    3.01    0.00    3.01   0.65  86.40
sde               0.00   549.00    0.00 2115.00     0.00 78916.00    74.63     2.49    1.23    0.00    1.23   0.41  86.80
sde               0.00   492.00    0.00 1845.00     0.00 98972.00   107.29     3.07    1.66    0.00    1.66   0.44  82.00
sde               0.00   572.00    0.00 2161.00     0.00 91084.00    84.30     2.31    1.04    0.00    1.04   0.38  81.60
sde               0.00   514.00    0.00 1948.00     0.00 98664.00   101.30     2.47    1.30    0.00    1.30   0.43  84.40
sde               0.00   453.00    0.00 1662.00     0.00 88132.00   106.06     3.24    1.95    0.00    1.95   0.52  86.00
sde               0.00   516.00    0.00 1997.00     0.00 83384.00    83.51     2.43    1.18    0.00    1.18   0.43  86.40
sde               0.00   541.00    0.00 2039.00     0.00 85672.00    84.03     2.60    1.32    0.00    1.32   0.42  86.00
sde               0.00   567.00    0.00 2105.00     0.00 100144.00    95.15     2.13    1.01    0.00    1.01   0.41  85.60
sde               0.00   520.00    0.00 1903.00     0.00 119752.00   125.86     2.49    1.31    0.00    1.31   0.45  85.20
sde               0.00   552.00    0.00 2072.00     0.00 100160.00    96.68     2.35    1.13    0.00    1.13   0.40  83.60
sde               0.00   491.00    0.00 1840.00     0.00 79660.00    86.59     2.42    1.29    0.00    1.29   0.45  83.60
sde               0.00   447.00    0.00 1703.00     0.00 77300.00    90.78     2.68    1.60    0.00    1.60   0.50  86.00
sde               0.00   356.00    0.00 1280.00     0.00 79176.00   123.71     4.20    3.07    0.00    3.07   0.67  85.60
sde               0.00   503.00    0.00 1686.00     0.00 116244.00   137.89     2.88    1.86    0.00    1.86   0.48  81.60
sde               0.00   484.00    0.00 1824.00     0.00 99072.00   108.63     2.90    1.59    0.00    1.59   0.46  84.00
sde               0.00   469.00    0.00 1709.00     0.00 108664.00   127.17     3.24    1.89    0.00    1.89   0.48  82.00
sde               0.00   528.00    0.00 1971.00     0.00 99660.00   101.13     2.38    1.21    0.00    1.21   0.40  79.60
sde               0.00   525.00    0.00 1909.00     0.00 109540.00   114.76     2.50    1.31    0.00    1.31   0.43  82.40
sde               0.00   548.00    0.00 2036.00     0.00 100968.00    99.18     2.39    1.15    0.00    1.15   0.39  80.40
sde               0.00   468.00    0.00 1720.00     0.00 117948.00   137.15     3.24    1.91    0.00    1.91   0.49  83.60
sde               0.00   367.00    0.00 1356.00     0.00 85180.00   125.63     3.65    2.60    0.00    2.60   0.63  84.80
sde               0.00   455.00    0.00 1721.00     0.00 75308.00    87.52     3.07    1.70    0.00    1.70   0.51  88.00
sde               0.00   522.00    0.00 1903.00     0.00 104144.00   109.45     2.65    1.53    0.00    1.53   0.42  80.40
sde               0.00   480.00    0.00 1786.00     0.00 88600.00    99.22     2.95    1.65    0.00    1.65   0.47  83.60
sde               0.00   497.00    0.00 1775.00     0.00 119444.00   134.58     2.36    1.33    0.00    1.33   0.47  84.00
sde               0.00   525.00    0.00 1938.00     0.00 109916.00   113.43     2.00    1.03    0.00    1.03   0.43  82.80
sde               0.00   481.00    0.00 1783.00     0.00 78476.00    88.03     2.17    1.22    0.00    1.22   0.47  83.60
sde               0.00   521.00    0.00 1923.00     0.00 89268.00    92.84     2.20    1.15    0.00    1.15   0.44  84.00
sde               0.00   463.00    0.00 1693.00     0.00 108912.00   128.66     2.46    1.45    0.00    1.45   0.50  84.00
sde               0.00   512.00    0.00 1870.00     0.00 120596.00   128.98     2.12    1.12    0.00    1.12   0.43  80.00
sde               0.00   475.00    0.00 1734.00     0.00 118412.00   136.58     2.32    1.36    0.00    1.36   0.46  79.60
sde               0.00   446.00    0.00 1624.00     0.00 86300.00   106.28     2.52    1.50    0.00    1.50   0.52  85.20
sde               0.00   546.00    0.00 2029.00     0.00 101820.00   100.36     1.94    1.00    0.00    1.00   0.41  82.80
sde               0.00   516.00    0.00 1926.00     0.00 100496.00   104.36     2.21    1.13    0.00    1.13   0.43  82.00
sde               0.00   533.00    0.00 1964.00     0.00 119188.00   121.37     2.11    1.09    0.00    1.09   0.42  81.60
sde               0.00   518.00    0.00 1899.00     0.00 89192.00    93.94     1.87    0.99    0.00    0.99   0.42  79.20
sde               0.00   464.00    0.00 1724.00     0.00 109016.00   126.47     2.20    1.27    0.00    1.27   0.48  82.80
sde               0.00   463.00    0.00 1685.00     0.00 98664.00   117.11     2.34    1.39    0.00    1.39   0.51  85.60
sde               0.00   466.00    0.00 1709.00     0.00 98620.00   115.41     2.41    1.41    0.00    1.41   0.49  84.40
sde               0.00   517.00    0.00 1942.00     0.00 99648.00   102.62     2.16    1.11    0.00    1.11   0.42  82.00
sde               0.00   512.00    0.00 1874.00     0.00 109628.00   117.00     1.99    1.06    0.00    1.06   0.45  84.40
sde               0.00   350.00    0.00 1249.00     0.00 76364.00   122.28     3.03    2.43    0.00    2.43   0.70  88.00
sde               0.00   349.00    0.00 1336.00     0.00 66684.00    99.83     2.92    2.18    0.00    2.18   0.63  83.60
sde               0.00   334.00    0.00 1062.00     0.00 72672.00   136.86     4.12    3.62    0.00    3.62   0.82  87.60
sde               0.00   391.00    0.00 1416.00     0.00 80216.00   113.30     2.87    2.23    0.00    2.23   0.61  86.40
sde               0.00   381.00    0.00 1436.00     0.00 67984.00    94.69     3.19    2.19    0.00    2.19   0.62  88.40
sde               0.00   413.00    0.00 1536.00     0.00 86796.00   113.02     3.02    1.99    0.00    1.99   0.56  85.60
sde               0.00   405.00    0.00 1508.00     0.00 67268.00    89.21     2.74    1.82    0.00    1.82   0.56  84.80
sde               0.00   478.00    0.00 1757.00     0.00 84516.00    96.20     2.25    1.22    0.00    1.22   0.48  83.60
sde               0.00   462.00    0.00 1732.00     0.00 82616.00    95.40     2.41    1.45    0.00    1.45   0.49  84.40
sde               0.00   390.00    0.00 1408.00     0.00 77008.00   109.39     2.95    2.10    0.00    2.10   0.62  87.60
sde               0.00   418.00    0.00 1592.00     0.00 62840.00    78.94     2.83    1.68    0.00    1.68   0.56  88.40
sde               0.00   416.00    0.00 1537.00     0.00 63068.00    82.07     2.75    1.88    0.00    1.88   0.55  84.80
sde               0.00   436.00    0.00 1595.00     0.00 107356.00   134.62     2.76    1.75    0.00    1.75   0.52  82.80
sde               0.00   384.00    0.00 1458.00     0.00 67172.00    92.14     2.94    2.02    0.00    2.02   0.60  88.00
sde               0.00   342.00    0.00 1234.00     0.00 73084.00   118.45     3.17    2.43    0.00    2.43   0.70  86.40
sde               0.00   472.00    0.00 1757.00     0.00 81696.00    92.99     2.23    1.37    0.00    1.37   0.50  87.20
sde               0.00   343.00    0.00 1251.00     0.00 66264.00   105.94     3.10    2.47    0.00    2.47   0.70  87.20
sde               0.00   459.00    0.00 1679.00     0.00 88416.00   105.32     2.74    1.63    0.00    1.63   0.53  89.20
sde               0.00   450.00    0.00 1669.00     0.00 78144.00    93.64     2.77    1.66    0.00    1.66   0.53  88.00
sde               0.00   486.00    0.00 1826.00     0.00 88976.00    97.45     2.33    1.27    0.00    1.27   0.44  81.20
sde               0.00   506.00    0.00 1861.00     0.00 99236.00   106.65     2.23    1.20    0.00    1.20   0.45  83.60
sde               0.00   435.00    0.00 1591.00     0.00 88052.00   110.69     2.39    1.50    0.00    1.50   0.52  82.80
sde               0.00   558.00    0.00 2066.00     0.00 87932.00    85.12     1.91    0.88    0.00    0.88   0.39  79.60
sde               0.00   480.00    0.00 1796.00     0.00 88980.00    99.09     2.21    1.23    0.00    1.23   0.46  82.80
sde               0.00   401.00    0.00 1423.00     0.00 79000.00   111.03     2.78    2.02    0.00    2.02   0.61  87.20
sde               0.00   431.00    0.00 1672.00     0.00 67996.00    81.33     2.80    1.68    0.00    1.68   0.53  88.80
sde               0.00   395.00    0.00 1449.00     0.00 77140.00   106.47     3.10    2.14    0.00    2.14   0.60  87.60
sde               0.00   321.00    0.00 1167.00     0.00 79944.00   137.01     3.24    2.59    0.00    2.59   0.76  88.80
sde               0.00   376.00    0.00 1359.00     0.00 83292.00   122.58     2.96    2.34    0.00    2.34   0.62  84.80
sde               0.00   325.00    0.00 1172.00     0.00 76176.00   129.99     3.10    2.65    0.00    2.65   0.75  88.00
sde               0.00   515.00    0.00 1924.00     0.00 89384.00    92.91     2.10    1.09    0.00    1.09   0.46  88.40
sde               0.00   501.00    0.00 1850.00     0.00 88968.00    96.18     2.10    1.14    0.00    1.14   0.46  85.20
sde               0.00   491.00    0.00 1851.00     0.00 97744.00   105.61     2.37    1.25    0.00    1.25   0.45  82.40
sde               0.00   521.00    0.00 1960.00     0.00 91052.00    92.91     2.15    1.13    0.00    1.13   0.44  85.60
sde               0.00   485.00    0.00 1809.00     0.00 78700.00    87.01     2.22    1.23    0.00    1.23   0.48  87.20
sde               0.00   509.00    0.00 1848.00     0.00 99208.00   107.37     2.20    1.19    0.00    1.19   0.46  84.80
sde               0.00   538.00    0.00 2032.00     0.00 89808.00    88.39     1.95    0.96    0.00    0.96   0.42  84.80
sde               0.00   501.00    0.00 1719.00     0.00 88720.00   103.22     2.32    1.35    0.00    1.35   0.48  82.40
sde               0.00   520.00    0.00 1906.00     0.00 99428.00   104.33     2.09    1.10    0.00    1.10   0.41  78.80
sde               0.00   524.00    0.00 2022.00     0.00 70440.00    69.67     1.96    0.93    0.00    0.93   0.41  83.20
sde               0.00   523.00    0.00 1930.00     0.00 88284.00    91.49     2.13    1.15    0.00    1.15   0.46  88.00
sde               0.00   538.00    0.00 1986.00     0.00 89644.00    90.28     1.92    0.97    0.00    0.97   0.43  84.80
sde               0.00   410.00    0.00 1512.00     0.00 87752.00   116.07     2.44    1.61    0.00    1.61   0.54  81.60
sde               0.00   469.00    0.00 1710.00     0.00 98640.00   115.37     2.24    1.31    0.00    1.31   0.48  82.00
sde               0.00   539.00    0.00 1998.00     0.00 89692.00    89.78     1.98    0.99    0.00    0.99   0.42  84.00
sde               0.00   511.00    0.00 1923.00     0.00 89364.00    92.94     2.18    1.13    0.00    1.13   0.43  83.60
sde               0.00   510.00    0.00 1890.00     0.00 107248.00   113.49     2.28    1.19    0.00    1.19   0.45  85.20
sde               0.00   566.00    0.00 2067.00     0.00 102524.00    99.20     1.86    0.92    0.00    0.92   0.40  82.40
sde               0.00   511.88    0.00 1868.32     0.00 108510.89   116.16     1.96    1.05    0.00    1.05   0.45  83.96
sde               0.00   508.00    0.00 1877.00     0.00 85372.00    90.97     2.19    1.07    0.00    1.07   0.43  81.60
sde               0.00   466.00    0.00 1721.00     0.00 102624.00   119.26     2.42    1.51    0.00    1.51   0.49  84.00
sde               0.00   534.00    0.00 2016.00     0.00 89604.00    88.89     2.09    1.04    0.00    1.04   0.42  84.80
sde               0.00   472.00    0.00 1791.00     0.00 68520.00    76.52     2.36    1.32    0.00    1.32   0.48  86.00
sde               0.00   502.00    0.00 1806.00     0.00 119472.00   132.31     2.05    1.14    0.00    1.14   0.44  80.00
sde               0.00   539.00    0.00 1982.00     0.00 110104.00   111.10     1.92    0.97    0.00    0.97   0.41  82.00
sde               0.00   497.00    0.00 1867.00     0.00 78796.00    84.41     2.07    1.09    0.00    1.09   0.46  86.40
sde               0.00   544.00    0.00 2015.00     0.00 89636.00    88.97     1.95    0.99    0.00    0.99   0.42  84.80
sde               0.00   518.00    0.00 1978.00     0.00 89680.00    90.68     2.10    1.06    0.00    1.06   0.43  85.20
sde               0.00   551.00    0.00 2045.00     0.00 89760.00    87.78     1.92    0.94    0.00    0.94   0.40  81.20
sde               0.00   546.00    0.00 2046.00     0.00 79780.00    77.99     1.70    0.83    0.00    0.83   0.41  83.60
sde               0.00   401.00    0.00 1459.00     0.00 107848.00   147.84     2.66    1.82    0.00    1.82   0.55  80.40
sde               0.00   408.00    0.00 1473.00     0.00 97816.00   132.81     2.62    1.78    0.00    1.78   0.55  81.20
sde               0.00   503.00    0.00 1861.00     0.00 109440.00   117.61     2.18    1.17    0.00    1.17   0.45  83.20
sde               0.00   475.00    0.00 1765.00     0.00 98828.00   111.99     2.31    1.28    0.00    1.28   0.47  83.20
sde               0.00   493.00    0.00 1841.00     0.00 99260.00   107.83     2.22    1.23    0.00    1.23   0.45  83.20
sde               0.00   450.00    0.00 1620.00     0.00 98416.00   121.50     2.41    1.49    0.00    1.49   0.53  85.20
sde               0.00   432.00    0.00 1605.00     0.00 83004.00   103.43     2.55    1.53    0.00    1.53   0.54  86.40
sde               0.00   518.00    0.00 1742.00     0.00 120372.00   138.20     2.30    1.32    0.00    1.32   0.46  80.00
sde               0.00   482.00    0.00 1743.00     0.00 109524.00   125.67     2.28    1.32    0.00    1.32   0.47  81.20
sde               0.00   487.00    0.00 1768.00     0.00 123012.00   139.15     2.36    1.39    0.00    1.39   0.47  83.60
sde               0.00   535.00    0.00 1957.00     0.00 109844.00   112.26     2.04    1.04    0.00    1.04   0.42  82.40
sde               0.00   546.00    0.00 2008.00     0.00 99864.00    99.47     1.93    0.96    0.00    0.96   0.43  86.00
sde               0.00   492.00    0.00 1824.00     0.00 96384.00   105.68     2.16    1.13    0.00    1.13   0.46  83.20
sde               0.00   536.00    0.00 1954.00     0.00 92240.00    94.41     2.07    1.11    0.00    1.11   0.42  82.80
sde               0.00   512.00    0.00 1915.00     0.00 109776.00   114.65     2.18    1.14    0.00    1.14   0.42  81.20
sde               0.00   419.00    0.00 1498.00     0.00 97924.00   130.74     2.46    1.65    0.00    1.65   0.56  83.60
sde               0.00   457.00    0.00 1686.00     0.00 89296.00   105.93     2.64    1.47    0.00    1.47   0.51  85.20
sde               0.00   399.00    0.00 1434.00     0.00 106864.00   149.04     2.60    1.94    0.00    1.94   0.58  82.80
sde               0.00   506.00    0.00 1842.00     0.00 109512.00   118.91     2.09    1.14    0.00    1.14   0.43  79.20
sde               0.00   404.00    0.00 1442.00     0.00 107788.00   149.50     2.72    1.89    0.00    1.89   0.57  82.80
sde               0.00   410.00    0.00 1528.00     0.00 97988.00   128.26     2.88    1.88    0.00    1.88   0.55  84.00
sde               0.00   438.00    0.00 1579.00     0.00 93904.00   118.94     2.40    1.44    0.00    1.44   0.54  84.80
sde               0.00   504.00    0.00 1876.00     0.00 93428.00    99.60     2.15    1.21    0.00    1.21   0.44  82.80
sde               0.00   403.00    0.00 1457.00     0.00 87412.00   119.99     2.62    1.80    0.00    1.80   0.60  87.20
sde               0.00   469.00    0.00 1695.00     0.00 108932.00   128.53     2.37    1.40    0.00    1.40   0.49  83.20
sde               0.00   448.00    0.00 1653.00     0.00 89196.00   107.92     2.36    1.38    0.00    1.38   0.50  82.80
sde               0.00   501.00    0.00 1894.00     0.00 88340.00    93.28     2.40    1.31    0.00    1.31   0.46  86.40
sde               0.00   457.00    0.00 1751.00     0.00 99032.00   113.11     3.72    2.09    0.00    2.09   0.48  83.60
sde               0.00   467.00    0.00 1822.00     0.00 108388.00   118.98     3.48    1.95    0.00    1.95   0.45  82.40
sde               0.00   534.00    0.00 2104.00     0.00 79708.00    75.77     2.69    1.28    0.00    1.28   0.39  82.40
sde               0.00   505.00    0.00 1974.00     0.00 99312.00   100.62     3.39    1.72    0.00    1.72   0.42  83.60
sde               0.00   481.00    0.00 1889.00     0.00 88916.00    94.14     3.46    1.84    0.00    1.84   0.44  82.40
sde               0.00   496.00    0.00 1923.00     0.00 99124.00   103.09     3.12    1.63    0.00    1.63   0.41  79.20
sde               0.00   516.00    0.00 2027.00     0.00 99648.00    98.32     3.02    1.49    0.00    1.49   0.40  81.60
sde               0.00   421.00    0.00 1630.00     0.00 87988.00   107.96     3.55    2.19    0.00    2.19   0.49  80.00
sde               0.00   535.00    0.00 2004.00     0.00 89472.00    89.29     2.19    1.09    0.00    1.09   0.40  80.40
sde               0.00   495.00    0.00 1892.00     0.00 78864.00    83.37     2.85    1.51    0.00    1.51   0.44  83.20
sde               0.00   522.00    0.00 1815.00     0.00 99116.00   109.22     3.19    1.76    0.00    1.76   0.46  82.80
sde               0.00   516.00    0.00 1898.00     0.00 109460.00   115.34     2.68    1.41    0.00    1.41   0.42  80.40
sde               0.00   519.00    0.00 2019.00     0.00 77180.00    76.45     2.39    1.16    0.00    1.16   0.42  84.40
sde               0.00   492.00    0.00 1840.00     0.00 101320.00   110.13     2.84    1.58    0.00    1.58   0.45  83.20
sde               0.00   469.00    0.00 1748.00     0.00 88372.00   101.11     3.05    1.74    0.00    1.74   0.47  82.40
sde               0.00   521.00    0.00 1956.00     0.00 91792.00    93.86     2.52    1.23    0.00    1.23   0.41  80.40
sde               0.00   377.00    0.00 1374.00     0.00 94824.00   138.03     4.12    3.08    0.00    3.08   0.61  83.20
sde               0.00   462.00    0.00 1707.00     0.00 98472.00   115.37     2.99    1.75    0.00    1.75   0.47  80.00
sde               0.00   547.00    0.00 2062.00     0.00 96800.00    93.89     2.36    1.10    0.00    1.10   0.40  82.40
sde               0.00   509.00    0.00 1921.00     0.00 102600.00   106.82     2.88    1.55    0.00    1.55   0.42  80.80
sde               0.00   499.00    0.00 1896.00     0.00 87224.00    92.01     2.31    1.19    0.00    1.19   0.45  84.40
sde               0.00   482.00    0.00 1755.00     0.00 100584.00   114.63     2.96    1.72    0.00    1.72   0.47  82.80
sde               0.00   465.00    0.00 1756.00     0.00 88488.00   100.78     3.38    1.92    0.00    1.92   0.48  84.00
sde               0.00   490.00    0.00 1884.00     0.00 87636.00    93.03     2.67    1.38    0.00    1.38   0.45  84.40
sde               0.00   495.00    0.00 1821.00     0.00 90116.00    98.97     3.10    1.74    0.00    1.74   0.45  82.40
sde               0.00   470.00    0.00 1775.00     0.00 78460.00    88.41     2.72    1.53    0.00    1.53   0.47  83.20
sde               0.00   493.00    0.00 1849.00     0.00 117624.00   127.23     2.97    1.57    0.00    1.57   0.43  80.00
sde               0.00   473.00    0.00 1748.00     0.00 100604.00   115.11     2.45    1.43    0.00    1.43   0.47  82.80
sde               0.00   581.00    0.00 2185.00     0.00 90136.00    82.50     2.30    1.05    0.00    1.05   0.38  82.00
sde               0.00   489.00    0.00 1857.00     0.00 99240.00   106.88     2.70    1.45    0.00    1.45   0.45  82.80
sde               0.00   509.00    0.00 1866.00     0.00 99164.00   106.29     2.70    1.45    0.00    1.45   0.43  80.80
sde               0.00   462.00    0.00 1761.00     0.00 78316.00    88.94     3.36    1.91    0.00    1.91   0.48  84.80
sde               0.00   510.00    0.00 1918.00     0.00 103692.00   108.13     2.36    1.18    0.00    1.18   0.42  80.40
sde               0.00   503.00    0.00 1841.00     0.00 105168.00   114.25     1.96    1.11    0.00    1.11   0.45  82.00
sde               0.00   523.00    0.00 1991.00     0.00 79400.00    79.76     1.87    0.94    0.00    0.94   0.41  81.20
sde               0.00   551.00    0.00 2080.00     0.00 89992.00    86.53     1.91    0.92    0.00    0.92   0.38  79.60
sde               0.00   465.00    0.00 1657.00     0.00 118884.00   143.49     2.14    1.29    0.00    1.29   0.49  80.40
sde               0.00   449.00    0.00 1636.00     0.00 101408.00   123.97     2.16    1.22    0.00    1.22   0.48  78.00
sde               0.00   540.00    0.00 2015.00     0.00 97024.00    96.30     1.86    1.00    0.00    1.00   0.40  79.60
sde               0.00   491.00    0.00 1795.00     0.00 100004.00   111.43     2.06    1.12    0.00    1.12   0.45  80.40
sde               0.00   488.00    0.00 1709.00     0.00 116716.00   136.59     2.32    1.35    0.00    1.35   0.47  80.40
sde               0.00   531.00    0.00 1907.00     0.00 101004.00   105.93     1.99    1.08    0.00    1.08   0.42  80.80
sde               0.00   458.00    0.00 1675.00     0.00 103600.00   123.70     2.11    1.21    0.00    1.21   0.48  80.80
sde               0.00   503.00    0.00 1823.00     0.00 104364.00   114.50     1.95    1.11    0.00    1.11   0.44  79.60
sde               0.00   473.00    0.00 1693.00     0.00 119016.00   140.60     2.17    1.28    0.00    1.28   0.47  80.00
sde               0.00   520.00    0.00 1973.00     0.00 89560.00    90.79     2.03    1.03    0.00    1.03   0.42  83.20
sde               0.00   492.00    0.00 1788.00     0.00 109168.00   122.11     2.08    1.16    0.00    1.16   0.45  80.40
sde               0.00   518.00    0.00 1881.00     0.00 109688.00   116.63     1.96    1.04    0.00    1.04   0.42  78.40
sde               0.00   507.00    0.00 1851.00     0.00 99232.00   107.22     2.02    1.09    0.00    1.09   0.44  80.80
sde               0.00   485.00    0.00 1762.00     0.00 117612.00   133.50     2.10    1.17    0.00    1.17   0.44  78.40
sde               0.00   523.00    0.00 1901.00     0.00 119092.00   125.29     2.18    1.13    0.00    1.13   0.42  79.20
sde               0.00   529.00    0.00 1923.00     0.00 112280.00   116.78     2.05    1.11    0.00    1.11   0.43  82.40
sde               0.00   520.00    0.00 1863.00     0.00 119844.00   128.66     2.04    1.09    0.00    1.09   0.43  79.60
sde               0.00   533.00    0.00 1958.00     0.00 109848.00   112.20     1.99    1.02    0.00    1.02   0.41  81.20
sde               0.00   507.00    0.00 1847.00     0.00 99320.00   107.55     2.07    1.12    0.00    1.12   0.45  82.80
sde               0.00   469.00    0.00 1693.00     0.00 120024.00   141.79     2.27    1.29    0.00    1.29   0.47  79.60
sde               0.00   388.00    0.00 1384.00     0.00 96324.00   139.20     3.01    2.23    0.00    2.23   0.63  87.20
sde               0.00   510.00    0.00 1896.00     0.00 89400.00    94.30     1.86    0.98    0.00    0.98   0.43  82.40
sde               0.00   536.00    0.00 1994.00     0.00 109996.00   110.33     1.94    0.97    0.00    0.97   0.42  82.80
sde               0.00   563.00    0.00 2066.00     0.00 100080.00    96.88     1.80    0.87    0.00    0.87   0.38  79.20
sde               0.00   544.00    0.00 2041.00     0.00 89844.00    88.04     1.85    0.91    0.00    0.91   0.41  83.60
sde               0.00   542.00    0.00 2058.00     0.00 100096.00    97.28     1.98    0.96    0.00    0.96   0.39  80.40
sde               0.00   559.00    0.00 2054.00     0.00 100028.00    97.40     1.87    0.91    0.00    0.91   0.39  79.60
sde               0.00   526.00    0.00 1936.00     0.00 99668.00   102.96     1.82    0.94    0.00    0.94   0.42  81.20
sde               0.00   498.00    0.00 1825.00     0.00 119544.00   131.01     1.98    1.09    0.00    1.09   0.43  78.40
sde               0.00   498.00    0.00 1784.00     0.00 119524.00   134.00     2.14    1.20    0.00    1.20   0.45  80.40
sde               0.00   509.00    0.00 1902.00     0.00 89168.00    93.76     2.13    1.12    0.00    1.12   0.44  84.00
sde               0.00   498.00    0.00 1843.00     0.00 99148.00   107.59     2.15    1.17    0.00    1.17   0.44  80.40
sde               0.00   545.00    0.00 2068.00     0.00 90056.00    87.09     1.66    0.80    0.00    0.80   0.38  79.20
sde               0.00   524.00    0.00 1914.00     0.00 119916.00   125.30     1.98    1.03    0.00    1.03   0.42  80.00
sde               0.00   540.00    0.00 1847.00     0.00 119744.00   129.66     2.18    1.18    0.00    1.18   0.44  80.40
sde               0.00   498.00    0.00 1843.00     0.00 119728.00   129.93     2.08    1.13    0.00    1.13   0.42  77.20
sde               0.00   519.00    0.00 1885.00     0.00 119656.00   126.96     2.16    1.15    0.00    1.15   0.42  79.20
sde               0.00   568.00    0.00 2137.00     0.00 80144.00    75.01     1.56    0.73    0.00    0.73   0.39  82.40
sde               0.00   568.00    0.00 2113.00     0.00 97196.00    92.00     1.83    0.84    0.00    0.84   0.40  84.40
sde               0.00   589.00    0.00 2239.00     0.00 83628.00    74.70     1.61    0.74    0.00    0.74   0.37  83.20
sde               0.00   440.00    0.00 1556.00     0.00 108148.00   139.01     2.39    1.54    0.00    1.54   0.52  80.80
sde               0.00   484.00    0.00 1831.00     0.00 85404.00    93.29     2.24    1.16    0.00    1.16   0.45  82.80
sde               0.00   477.00    0.00 1752.00     0.00 112716.00   128.67     2.18    1.31    0.00    1.31   0.45  78.00
sde               0.00   538.00    0.00 1986.00     0.00 79444.00    80.00     1.86    0.94    0.00    0.94   0.42  83.60
sde               0.00   529.00    0.00 1954.00     0.00 99616.00   101.96     1.84    0.94    0.00    0.94   0.39  76.40
sde               0.00   527.00    0.00 1907.00     0.00 120028.00   125.88     2.02    1.06    0.00    1.06   0.42  79.20
sde               0.00   530.00    0.00 1951.00     0.00 99600.00   102.10     1.93    0.99    0.00    0.99   0.41  80.80
sde               0.00   518.00    0.00 1909.00     0.00 119852.00   125.57     2.21    1.16    0.00    1.16   0.43  81.60
