sde               0.00     0.63    0.00    1.13     0.00    98.27   174.07     0.01    5.88    1.91    5.88   0.43   0.05
sde               0.00     1.00    0.00    4.00     0.00    20.00    10.00     0.00    0.00    0.00    0.00   0.00   0.00
sde               0.00   663.00    0.00 1418.00     0.00 39088.00    55.13     0.50    0.35    0.00    0.35   0.34  48.80
sde               0.00  1280.00    0.00 2743.00     0.00 77716.00    56.66     0.91    0.33    0.00    0.33   0.32  86.80
sde               0.00  1401.00    0.00 2725.00     0.00 75464.00    55.39     0.94    0.34    0.00    0.34   0.33  90.80
sde               0.00  1470.00    0.00 2725.00     0.00 75292.00    55.26     0.93    0.34    0.00    0.34   0.32  87.20
sde               0.00  1505.00    0.00 2691.00     0.00 76644.00    56.96     0.88    0.33    0.00    0.33   0.32  85.20
sde               0.00  1438.00    0.00 2644.00     0.00 73936.00    55.93     0.89    0.34    0.00    0.34   0.33  86.80
sde               0.00  1496.00    0.00 2754.00     0.00 77312.00    56.15     0.89    0.32    0.00    0.32   0.31  86.00
sde               0.00  1485.00    0.00 2653.00     0.00 77012.00    58.06     0.91    0.34    0.00    0.34   0.33  88.40
sde               0.00  1536.00    0.00 2600.00     0.00 80280.00    61.75     0.80    0.31    0.00    0.31   0.31  80.00
sde               0.00  1436.00    0.00 2637.00     0.00 74224.00    56.29     0.93    0.35    0.00    0.35   0.34  88.40
sde               0.00  1455.00    0.00 2741.00     0.00 75168.00    54.85     0.92    0.33    0.00    0.33   0.30  83.60
sde               0.00  1438.00    0.00 2712.00     0.00 74248.00    54.76     0.90    0.33    0.00    0.33   0.31  83.60
sde               0.00  1448.00    0.00 2707.00     0.00 74216.00    54.83     0.91    0.34    0.00    0.34   0.31  84.00
sde               0.00  1429.00    0.00 2667.00     0.00 73000.00    54.74     0.92    0.34    0.00    0.34   0.32  85.60
sde               0.00  1360.00    0.00 2553.00     0.00 70188.00    54.98     0.84    0.33    0.00    0.33   0.31  78.40
sde               0.00  1494.00    0.00 2805.00     0.00 77060.00    54.94     1.00    0.36    0.00    0.36   0.32  89.60
sde               0.00  1458.00    0.00 2681.00     0.00 75188.00    56.09     0.97    0.36    0.00    0.36   0.35  93.20
sde               0.00  1472.00    0.00 2718.00     0.00 75252.00    55.37     0.98    0.36    0.00    0.36   0.32  86.80
sde               0.00  1331.00    0.00 2512.00     0.00 68432.00    54.48     0.87    0.35    0.00    0.35   0.32  81.60
sde               0.00  1411.00    0.00 2656.00     0.00 72672.00    54.72     0.86    0.33    0.00    0.33   0.30  80.00
sde               0.00  1377.00    0.00 2598.00     0.00 71128.00    54.76     0.88    0.34    0.00    0.34   0.31  81.20
sde               0.00  1405.00    0.00 2598.00     0.00 72232.00    55.61     0.85    0.33    0.00    0.33   0.32  82.00
sde               0.00  1385.00    0.00 2562.00     0.00 70296.00    54.88     0.85    0.33    0.00    0.33   0.31  79.60
sde               0.00  1448.00    0.00 2706.00     0.00 74844.00    55.32     0.93    0.34    0.00    0.34   0.33  90.00
sde               0.00  1444.00    0.00 2714.00     0.00 74024.00    54.55     0.89    0.33    0.00    0.33   0.31  84.40
sde               0.00  1410.00    0.00 2639.00     0.00 72476.00    54.93     0.90    0.34    0.00    0.34   0.32  83.20
sde               0.00  1434.00    0.00 2661.00     0.00 72944.00    54.82     0.84    0.32    0.00    0.32   0.30  80.00
sde               0.00  1456.00    0.00 2714.00     0.00 75148.00    55.38     0.96    0.35    0.00    0.35   0.34  91.60
sde               0.00  1461.00    0.00 2768.00     0.00 75504.00    54.55     0.92    0.33    0.00    0.33   0.31  86.40
sde               0.00  1456.00    0.00 2716.00     0.00 74700.00    55.01     0.98    0.36    0.00    0.36   0.32  87.60
sde               0.00  1476.00    0.00 2704.00     0.00 74568.00    55.15     0.88    0.32    0.00    0.32   0.30  82.00
sde               0.00  1375.00    0.00 2571.00     0.00 71340.00    55.50     0.86    0.33    0.00    0.33   0.32  82.00
sde               0.00  1441.00    0.00 2720.00     0.00 74012.00    54.42     0.91    0.34    0.00    0.34   0.32  86.00
sde               0.00  1404.00    0.00 2632.00     0.00 72368.00    54.99     0.90    0.34    0.00    0.34   0.33  86.40
sde               0.00  1367.00    0.00 2554.00     0.00 70036.00    54.84     0.82    0.32    0.00    0.32   0.30  76.40
sde               0.00  1358.00    0.00 2520.00     0.00 68636.00    54.47     0.87    0.35    0.00    0.35   0.32  80.80
sde               0.00  1435.00    0.00 2706.00     0.00 74252.00    54.88     0.90    0.33    0.00    0.33   0.31  84.80
sde               0.00  1378.00    0.00 2594.00     0.00 70828.00    54.61     0.88    0.34    0.00    0.34   0.31  80.00
sde               0.00  1354.00    0.00 2529.00     0.00 69172.00    54.70     0.88    0.35    0.00    0.35   0.33  83.60
sde               0.00  1437.00    0.00 2679.00     0.00 73224.00    54.67     0.90    0.33    0.00    0.33   0.31  82.40
sde               0.00  1357.00    0.00 2581.00     0.00 70188.00    54.39     0.86    0.33    0.00    0.33   0.30  77.60
sde               0.00  1322.00    0.00 2497.00     0.00 68068.00    54.52     0.85    0.34    0.00    0.34   0.32  80.00
sde               0.00  1363.00    0.00 2564.00     0.00 70228.00    54.78     0.82    0.32    0.00    0.32   0.30  77.20
sde               0.00  1457.00    0.00 2744.00     0.00 74652.00    54.41     0.96    0.35    0.00    0.35   0.33  89.60
sde               0.00  1341.00    0.00 2491.00     0.00 68356.00    54.88     0.84    0.34    0.00    0.34   0.32  80.00
sde               0.00  1412.00    0.00 2677.00     0.00 72792.00    54.38     0.92    0.35    0.00    0.35   0.33  88.00
sde               0.00  1484.00    0.00 2813.00     0.00 76448.00    54.35     1.03    0.37    0.00    0.37   0.34  95.20
sde               0.00  1402.00    0.00 2623.00     0.00 71696.00    54.67     0.92    0.35    0.00    0.35   0.32  85.20
sde               0.00  1384.00    0.00 2563.00     0.00 70464.00    54.99     0.87    0.34    0.00    0.34   0.32  82.00
sde               0.00  1346.00    0.00 2509.00     0.00 69316.00    55.25     0.80    0.33    0.00    0.33   0.30  76.00
sde               0.00  1296.00    0.00 2417.00     0.00 66772.00    55.25     0.81    0.34    0.00    0.34   0.32  77.60
sde               0.00  1377.00    0.00 2572.00     0.00 70848.00    55.09     0.86    0.33    0.00    0.33   0.32  82.00
sde               0.00  1417.00    0.00 2673.00     0.00 72196.00    54.02     0.88    0.33    0.00    0.33   0.30  80.80
sde               0.00  1333.00    0.00 2462.00     0.00 68076.00    55.30     0.86    0.35    0.00    0.35   0.33  82.00
sde               0.00  1396.00    0.00 2650.00     0.00 72088.00    54.41     0.85    0.32    0.00    0.32   0.30  80.40
sde               0.00  1403.00    0.00 2639.00     0.00 72372.00    54.85     0.93    0.35    0.00    0.35   0.33  88.00
sde               0.00  1494.00    0.00 2807.00     0.00 76428.00    54.46     0.99    0.35    0.00    0.35   0.33  93.60
sde               0.00  1390.00    0.00 2573.00     0.00 70700.00    54.96     0.91    0.35    0.00    0.35   0.33  84.00
sde               0.00  1310.00    0.00 2481.00     0.00 67732.00    54.60     0.86    0.35    0.00    0.35   0.32  79.60
sde               0.00  1401.00    0.00 2608.00     0.00 72112.00    55.30     0.90    0.35    0.00    0.35   0.33  86.40
sde               0.00  1433.00    0.00 2661.00     0.00 72868.00    54.77     0.91    0.34    0.00    0.34   0.32  86.40
sde               0.00  1496.00    0.00 2785.00     0.00 76484.00    54.93     0.93    0.33    0.00    0.33   0.32  88.00
sde               0.00  1387.00    0.00 2580.00     0.00 70612.00    54.74     0.86    0.33    0.00    0.33   0.31  80.40
sde               0.00  1464.00    0.00 2781.00     0.00 75540.00    54.33     0.94    0.34    0.00    0.34   0.32  89.20
sde               0.00  1316.00    0.00 2500.00     0.00 67996.00    54.40     0.81    0.32    0.00    0.32   0.31  78.00
sde               0.00  1384.00    0.00 2591.00     0.00 70748.00    54.61     0.86    0.33    0.00    0.33   0.31  80.80
sde               0.00  1375.00    0.00 2515.00     0.00 69532.00    55.29     0.80    0.32    0.00    0.32   0.30  75.20
sde               0.00  1321.00    0.00 2475.00     0.00 68060.00    55.00     0.88    0.36    0.00    0.36   0.34  84.80
sde               0.00  1410.00    0.00 2657.00     0.00 72952.00    54.91     0.90    0.34    0.00    0.34   0.32  84.00
sde               0.00  1435.00    0.00 2717.00     0.00 73700.00    54.25     0.95    0.35    0.00    0.35   0.32  87.60
sde               0.00  1492.00    0.00 2773.00     0.00 75972.00    54.79     0.95    0.34    0.00    0.34   0.33  91.20
sde               0.00  1376.00    0.00 2548.00     0.00 70288.00    55.17     0.88    0.34    0.00    0.34   0.33  84.80
sde               0.00  1461.00    0.00 2753.00     0.00 75236.00    54.66     0.89    0.32    0.00    0.32   0.30  82.80
sde               0.00  1456.00    0.00 2737.00     0.00 75156.00    54.92     0.91    0.33    0.00    0.33   0.32  86.80
sde               0.00  1507.00    0.00 2790.00     0.00 77276.00    55.39     0.90    0.32    0.00    0.32   0.30  84.80
sde               0.00  1474.00    0.00 2750.00     0.00 75272.00    54.74     1.01    0.37    0.00    0.37   0.33  91.20
sde               0.00  1374.00    0.00 2580.00     0.00 70844.00    54.92     0.86    0.33    0.00    0.33   0.32  82.00
sde               0.00  1344.00    0.00 2547.00     0.00 69036.00    54.21     0.87    0.34    0.00    0.34   0.32  80.40
sde               0.00  1376.00    0.00 2593.00     0.00 70444.00    54.33     0.86    0.33    0.00    0.33   0.30  78.80
sde               0.00  1413.00    0.00 2638.00     0.00 72392.00    54.88     0.95    0.36    0.00    0.36   0.33  86.80
sde               0.00  1461.00    0.00 2746.00     0.00 74812.00    54.49     0.91    0.33    0.00    0.33   0.32  89.20
sde               0.00  1349.00    0.00 2549.00     0.00 69612.00    54.62     0.86    0.34    0.00    0.34   0.32  80.40
sde               0.00  1376.00    0.00 2584.00     0.00 70580.00    54.63     0.84    0.33    0.00    0.33   0.31  79.20
sde               0.00  1456.00    0.00 2721.00     0.00 74348.00    54.65     0.92    0.34    0.00    0.34   0.33  89.20
sde               0.00  1371.00    0.00 2551.00     0.00 69964.00    54.85     0.86    0.34    0.00    0.34   0.32  80.40
sde               0.00  1376.00    0.00 2610.00     0.00 70860.00    54.30     0.90    0.34    0.00    0.34   0.31  81.60
sde               0.00  1397.00    0.00 2611.00     0.00 72016.00    55.16     0.94    0.36    0.00    0.36   0.33  85.20
sde               0.00  1422.00    0.00 2673.00     0.00 73192.00    54.76     0.91    0.34    0.00    0.34   0.32  85.20
sde               0.00  1493.00    0.00 2749.00     0.00 75480.00    54.91     0.93    0.34    0.00    0.34   0.32  87.60
sde               0.00  1495.00    0.00 2826.00     0.00 77596.00    54.92     0.98    0.35    0.00    0.35   0.33  93.20
sde               0.00  1353.00    0.00 2525.00     0.00 69300.00    54.89     0.88    0.35    0.00    0.35   0.33  84.00
sde               0.00  1347.00    0.00 2517.00     0.00 68848.00    54.71     0.81    0.32    0.00    0.32   0.31  76.80
sde               0.00  1464.00    0.00 2746.00     0.00 75360.00    54.89     0.99    0.36    0.00    0.36   0.33  90.00
sde               0.00  1412.00    0.00 2635.00     0.00 72120.00    54.74     0.96    0.36    0.00    0.36   0.34  88.40
sde               0.00  1413.00    0.00 2655.00     0.00 72964.00    54.96     0.91    0.34    0.00    0.34   0.32  85.20
sde               0.00  1374.00    0.00 2601.00     0.00 70852.00    54.48     0.89    0.34    0.00    0.34   0.31  80.40
sde               0.00  1516.00    0.00 2801.00     0.00 76876.00    54.89     0.95    0.34    0.00    0.34   0.32  90.80
sde               0.00  1390.00    0.00 2597.00     0.00 71160.00    54.80     0.91    0.35    0.00    0.35   0.33  84.80
sde               0.00  1378.00    0.00 2611.00     0.00 71152.00    54.50     0.89    0.34    0.00    0.34   0.31  80.40
sde               0.00  1422.00    0.00 2654.00     0.00 73268.00    55.21     0.95    0.36    0.00    0.36   0.32  85.60
sde               0.00  1389.00    0.00 2613.00     0.00 71332.00    54.60     0.89    0.34    0.00    0.34   0.32  84.00
sde               0.00  1443.00    0.00 2690.00     0.00 74112.00    55.10     0.88    0.33    0.00    0.33   0.31  84.00
sde               0.00  1400.00    0.00 2592.00     0.00 71212.00    54.95     0.92    0.36    0.00    0.36   0.33  85.20
sde               0.00  1472.00    0.00 2782.00     0.00 75860.00    54.54     0.94    0.34    0.00    0.34   0.32  89.60
sde               0.00  1362.00    0.00 2560.00     0.00 69960.00    54.66     0.86    0.34    0.00    0.34   0.32  82.40
sde               0.00  1503.00    0.00 2794.00     0.00 76788.00    54.97     0.96    0.34    0.00    0.34   0.31  85.60
sde               0.00  1480.00    0.00 2773.00     0.00 75616.00    54.54     0.96    0.34    0.00    0.34   0.33  90.80
sde               0.00  1386.00    0.00 2614.00     0.00 71468.00    54.68     0.90    0.34    0.00    0.34   0.32  82.40
sde               0.00  1431.00    0.00 2693.00     0.00 74164.00    55.08     0.91    0.34    0.00    0.34   0.31  83.60
sde               0.00  1435.00    0.00 2678.00     0.00 73776.00    55.10     0.88    0.33    0.00    0.33   0.30  81.20
sde               0.00  1409.00    0.00 2600.00     0.00 71400.00    54.92     0.92    0.35    0.00    0.35   0.33  85.20
sde               0.00  1390.00    0.00 2619.00     0.00 71752.00    54.79     0.84    0.32    0.00    0.32   0.31  80.00
sde               0.00  1444.00    0.00 2697.00     0.00 74252.00    55.06     0.92    0.34    0.00    0.34   0.32  86.40
sde               0.00  1448.00    0.00 2720.00     0.00 74416.00    54.72     0.97    0.36    0.00    0.36   0.32  87.20
sde               0.00  1489.00    0.00 2833.00     0.00 76652.00    54.11     1.02    0.36    0.00    0.36   0.32  90.40
sde               0.00  1401.00    0.00 2607.00     0.00 71228.00    54.64     0.89    0.34    0.00    0.34   0.31  81.20
sde               0.00  1447.00    0.00 2740.00     0.00 74880.00    54.66     0.92    0.34    0.00    0.34   0.32  87.60
sde               0.00  1384.00    0.00 2613.00     0.00 71176.00    54.48     0.88    0.34    0.00    0.34   0.33  85.60
sde               0.00  1460.00    0.00 2743.00     0.00 74604.00    54.40     0.88    0.32    0.00    0.32   0.30  81.60
sde               0.00  1379.00    0.00 2604.00     0.00 70352.00    54.03     0.87    0.33    0.00    0.33   0.32  83.60
sde               0.00  1440.00    0.00 2708.00     0.00 73708.00    54.44     0.89    0.33    0.00    0.33   0.30  82.40
sde               0.00  1472.00    0.00 2785.00     0.00 75860.00    54.48     0.97    0.35    0.00    0.35   0.32  88.40
sde               0.00  1338.00    0.00 2523.00     0.00 68580.00    54.36     0.89    0.35    0.00    0.35   0.32  80.40
sde               0.00  1457.00    0.00 2701.00     0.00 74268.00    54.99     0.92    0.34    0.00    0.34   0.32  86.40
sde               0.00  1397.00    0.00 2622.00     0.00 71408.00    54.47     0.84    0.32    0.00    0.32   0.30  78.80
sde               0.00  1335.00    0.00 2502.00     0.00 69176.00    55.30     0.80    0.32    0.00    0.32   0.30  76.00
sde               0.00  1369.00    0.00 2568.00     0.00 69856.00    54.40     0.86    0.33    0.00    0.33   0.32  83.20
sde               0.00  1392.00    0.00 2619.00     0.00 71352.00    54.49     0.90    0.34    0.00    0.34   0.32  83.20
sde               0.00  1397.00    0.00 2608.00     0.00 71464.00    54.80     0.86    0.33    0.00    0.33   0.31  80.80
sde               0.00  1367.00    0.00 2571.00     0.00 70256.00    54.65     0.87    0.34    0.00    0.34   0.31  80.80
sde               0.00  1378.00    0.00 2598.00     0.00 71140.00    54.77     0.86    0.33    0.00    0.33   0.31  79.60
sde               0.00  1328.00    0.00 2492.00     0.00 67988.00    54.57     0.84    0.34    0.00    0.34   0.31  78.40
sde               0.00  1408.00    0.00 2617.00     0.00 71804.00    54.88     0.84    0.32    0.00    0.32   0.30  78.40
sde               0.00  1397.00    0.00 2609.00     0.00 71624.00    54.91     0.92    0.35    0.00    0.35   0.33  85.20
sde               0.00  1491.00    0.00 2795.00     0.00 77252.00    55.28     0.95    0.34    0.00    0.34   0.33  91.60
sde               0.00  1440.00    0.00 2693.00     0.00 74076.00    55.01     0.97    0.36    0.00    0.36   0.34  91.20
sde               0.00  1506.00    0.00 2813.00     0.00 77488.00    55.09     1.02    0.36    0.00    0.36   0.33  93.20
sde               0.00  1497.00    0.00 2787.00     0.00 76488.00    54.89     0.95    0.34    0.00    0.34   0.32  90.00
sde               0.00  1491.00    0.00 2817.00     0.00 76796.00    54.52     0.96    0.34    0.00    0.34   0.32  89.60
sde               0.00  1457.00    0.00 2728.00     0.00 74744.00    54.80     0.97    0.36    0.00    0.36   0.33  89.60
sde               0.00  1479.00    0.00 2749.00     0.00 75940.00    55.25     0.93    0.34    0.00    0.34   0.33  89.60
sde               0.00  1338.00    0.00 2488.00     0.00 68388.00    54.97     0.87    0.35    0.00    0.35   0.33  81.20
sde               0.00  1366.00    0.00 2585.00     0.00 70508.00    54.55     0.85    0.33    0.00    0.33   0.30  77.60
sde               0.00  1352.00    0.00 2544.00     0.00 69616.00    54.73     0.83    0.33    0.00    0.33   0.30  77.20
sde               0.00  1310.00    0.00 2461.00     0.00 67252.00    54.65     0.82    0.33    0.00    0.33   0.31  76.00
sde               0.00  1392.00    0.00 2613.00     0.00 70972.00    54.32     0.87    0.33    0.00    0.33   0.31  80.40
sde               0.00  1415.00    0.00 2663.00     0.00 72296.00    54.30     0.87    0.32    0.00    0.32   0.30  80.00
sde               0.00  1405.00    0.00 2667.00     0.00 72464.00    54.34     0.85    0.32    0.00    0.32   0.30  81.20
sde               0.00  1405.00    0.00 2625.00     0.00 71992.00    54.85     0.86    0.33    0.00    0.33   0.32  83.20
sde               0.00  1424.00    0.00 2662.00     0.00 72892.00    54.76     0.93    0.35    0.00    0.35   0.33  87.20
sde               0.00  1498.00    0.00 2785.00     0.00 76216.00    54.73     0.96    0.35    0.00    0.35   0.33  91.20
sde               0.00  1441.00    0.00 2715.00     0.00 74304.00    54.74     0.96    0.36    0.00    0.36   0.33  89.60
sde               0.00  1313.00    0.00 2468.00     0.00 67932.00    55.05     0.87    0.35    0.00    0.35   0.31  76.80
sde               0.00  1462.00    0.00 2740.00     0.00 74696.00    54.52     0.96    0.35    0.00    0.35   0.32  86.80
sde               0.00  1451.00    0.00 2676.00     0.00 73680.00    55.07     0.87    0.33    0.00    0.33   0.30  80.80
sde               0.00  1432.00    0.00 2697.00     0.00 73932.00    54.83     0.92    0.34    0.00    0.34   0.33  88.00
sde               0.00  1501.00    0.00 2838.00     0.00 77156.00    54.37     0.98    0.35    0.00    0.35   0.32  90.80
sde               0.00  1502.00    0.00 2787.00     0.00 77168.00    55.38     0.95    0.34    0.00    0.34   0.31  87.60
sde               0.00  1431.00    0.00 2704.00     0.00 73284.00    54.20     0.96    0.36    0.00    0.36   0.33  88.80
sde               0.00  1464.00    0.00 2712.00     0.00 74648.00    55.05     0.84    0.31    0.00    0.31   0.30  80.80
sde               0.00  1455.00    0.00 2743.00     0.00 75416.00    54.99     0.94    0.34    0.00    0.34   0.33  90.40
sde               0.00  1510.00    0.00 2763.00     0.00 77664.00    56.22     0.89    0.32    0.00    0.32   0.30  82.40
sde               0.00  1360.00    0.00 2544.00     0.00 69784.00    54.86     0.89    0.35    0.00    0.35   0.33  84.80
sde               0.00  1425.00    0.00 2671.00     0.00 72784.00    54.50     0.94    0.35    0.00    0.35   0.32  85.20
sde               0.00  1309.00    0.00 2473.00     0.00 67148.00    54.30     0.82    0.33    0.00    0.33   0.32  78.00
sde               0.00  1367.00    0.00 2593.00     0.00 70548.00    54.41     0.84    0.32    0.00    0.32   0.30  78.80
sde               0.00  1464.00    0.00 2762.00     0.00 75140.00    54.41     0.97    0.35    0.00    0.35   0.32  89.60
sde               0.00  1415.00    0.00 2596.00     0.00 71424.00    55.03     0.94    0.36    0.00    0.36   0.33  85.20
sde               0.00  1333.00    0.00 2518.00     0.00 68672.00    54.54     0.86    0.34    0.00    0.34   0.32  80.00
sde               0.00  1451.00    0.00 2731.00     0.00 74892.00    54.85     0.92    0.34    0.00    0.34   0.32  88.40
sde               0.00  1458.00    0.00 2719.00     0.00 74480.00    54.78     0.94    0.35    0.00    0.35   0.32  86.40
sde               0.00  1465.00    0.00 2773.00     0.00 75380.00    54.37     0.94    0.34    0.00    0.34   0.31  86.80
sde               0.00  1394.00    0.00 2608.00     0.00 70996.00    54.44     0.87    0.33    0.00    0.33   0.31  80.80
sde               0.00  1454.00    0.00 2731.00     0.00 74900.00    54.85     0.88    0.32    0.00    0.32   0.31  83.60
sde               0.00  1344.00    0.00 2535.00     0.00 69296.00    54.67     0.79    0.31    0.00    0.31   0.30  75.60
sde               0.00  1450.00    0.00 2716.00     0.00 73932.00    54.44     0.96    0.35    0.00    0.35   0.32  87.20
sde               0.00  1491.00    0.00 2774.00     0.00 75804.00    54.65     0.98    0.35    0.00    0.35   0.33  90.40
sde               0.00  1441.00    0.00 2726.00     0.00 74288.00    54.50     0.96    0.35    0.00    0.35   0.33  88.80
sde               0.00  1464.00    0.00 2759.00     0.00 75276.00    54.57     0.92    0.33    0.00    0.33   0.30  83.60
sde               0.00  1485.00    0.00 2799.00     0.00 76564.00    54.71     0.92    0.33    0.00    0.33   0.31  88.00
sde               0.00  1465.00    0.00 2685.00     0.00 73144.00    54.48     0.88    0.33    0.00    0.33   0.31  83.20
sde               0.00  1381.00    0.00 2617.00     0.00 71164.00    54.39     0.86    0.33    0.00    0.33   0.31  80.80
sde               0.00  1456.00    0.00 2723.00     0.00 75124.00    55.18     0.97    0.36    0.00    0.36   0.31  85.60
sde               0.00  1502.00    0.00 2826.00     0.00 76988.00    54.49     0.97    0.34    0.00    0.34   0.31  88.40
sde               0.00  1390.00    0.00 2581.00     0.00 71504.00    55.41     0.89    0.35    0.00    0.35   0.32  82.80
sde               0.00  1364.00    0.00 2548.00     0.00 69644.00    54.67     0.87    0.34    0.00    0.34   0.32  82.80
sde               0.00  1407.00    0.00 2645.00     0.00 72420.00    54.76     0.84    0.32    0.00    0.32   0.30  79.60
sde               0.00  1403.00    0.00 2642.00     0.00 72372.00    54.79     0.90    0.34    0.00    0.34   0.31  82.40
sde               0.00  1337.00    0.00 2507.00     0.00 68524.00    54.67     0.82    0.33    0.00    0.33   0.31  76.80
sde               0.00  1477.00    0.00 2734.00     0.00 74828.00    54.74     0.92    0.34    0.00    0.34   0.32  87.20
sde               0.00  1479.00    0.00 2804.00     0.00 76456.00    54.53     1.01    0.36    0.00    0.36   0.31  88.00
sde               0.00  1419.00    0.00 2665.00     0.00 73060.00    54.83     0.94    0.35    0.00    0.35   0.33  86.80
sde               0.00  1483.00    0.00 2781.00     0.00 76076.00    54.71     0.93    0.34    0.00    0.34   0.30  84.80
sde               0.00  1477.00    0.00 2749.00     0.00 75548.00    54.96     0.98    0.36    0.00    0.36   0.32  89.20
sde               0.00  1401.00    0.00 2625.00     0.00 72168.00    54.99     0.88    0.34    0.00    0.34   0.33  85.60
sde               0.00  1371.00    0.00 2587.00     0.00 70568.00    54.56     0.87    0.34    0.00    0.34   0.32  81.60
sde               0.00  1453.00    0.00 2732.00     0.00 74480.00    54.52     0.94    0.34    0.00    0.34   0.32  86.40
sde               0.00  1439.00    0.00 2691.00     0.00 73568.00    54.68     0.94    0.35    0.00    0.35   0.34  91.60
sde               0.00  1418.00    0.00 2671.00     0.00 72480.00    54.27     0.93    0.35    0.00    0.35   0.31  83.20
sde               0.00  1454.00    0.00 2750.00     0.00 74908.00    54.48     0.92    0.33    0.00    0.33   0.31  84.80
sde               0.00  1416.00    0.00 2682.00     0.00 73048.00    54.47     0.98    0.37    0.00    0.37   0.33  89.60
sde               0.00  1447.00    0.00 2732.00     0.00 73932.00    54.12     0.89    0.33    0.00    0.33   0.31  84.00
sde               0.00  1476.00    0.00 2718.00     0.00 75308.00    55.41     0.96    0.35    0.00    0.35   0.32  86.80
sde               0.00  1301.00    0.00 2488.00     0.00 67152.00    53.98     0.80    0.32    0.00    0.32   0.31  76.80
sde               0.00  1470.00    0.00 2774.00     0.00 75792.00    54.64     0.92    0.33    0.00    0.33   0.30  83.20
sde               0.00  1427.00    0.00 2676.00     0.00 72964.00    54.53     0.89    0.33    0.00    0.33   0.30  81.60
sde               0.00  1450.00    0.00 2711.00     0.00 73796.00    54.44     0.91    0.34    0.00    0.34   0.31  83.60
sde               0.00  1332.00    0.00 2513.00     0.00 68500.00    54.52     0.89    0.35    0.00    0.35   0.32  81.20
sde               0.00  1371.00    0.00 2593.00     0.00 70824.00    54.63     0.86    0.33    0.00    0.33   0.31  80.00
sde               0.00  1348.00    0.00 2541.00     0.00 69352.00    54.59     0.88    0.34    0.00    0.34   0.32  80.80
sde               0.00  1362.00    0.00 2535.00     0.00 69228.00    54.62     0.80    0.32    0.00    0.32   0.30  76.00
sde               0.00  1358.00    0.00 2503.00     0.00 69120.00    55.23     0.90    0.36    0.00    0.36   0.34  84.40
sde               0.00  1403.00    0.00 2628.00     0.00 72408.00    55.11     0.86    0.33    0.00    0.33   0.30  80.00
sde               0.00  1500.00    0.00 2824.00     0.00 77380.00    54.80     0.99    0.35    0.00    0.35   0.32  89.60
sde               0.00  1437.00    0.00 2691.00     0.00 73552.00    54.67     0.94    0.35    0.00    0.35   0.31  84.00
sde               0.00  1447.00    0.00 2681.00     0.00 73532.00    54.85     0.87    0.32    0.00    0.32   0.32  84.80
sde               0.00  1324.00    0.00 2491.00     0.00 68088.00    54.67     0.84    0.34    0.00    0.34   0.32  80.40
sde               0.00  1359.00    0.00 2566.00     0.00 69956.00    54.53     0.82    0.32    0.00    0.32   0.30  77.60
sde               0.00  1383.00    0.00 2582.00     0.00 71392.00    55.30     0.86    0.34    0.00    0.34   0.32  81.60
sde               0.00  1498.00    0.00 2798.00     0.00 76668.00    54.80     0.90    0.32    0.00    0.32   0.32  88.40
sde               0.00  1386.00    0.00 2573.00     0.00 70716.00    54.97     0.91    0.35    0.00    0.35   0.33  85.60
sde               0.00  1341.00    0.00 2515.00     0.00 69260.00    55.08     0.82    0.33    0.00    0.33   0.31  78.00
sde               0.00  1424.00    0.00 2695.00     0.00 73612.00    54.63     0.96    0.36    0.00    0.36   0.34  90.80
sde               0.00  1449.00    0.00 2727.00     0.00 74208.00    54.42     0.88    0.32    0.00    0.32   0.30  82.80
sde               0.00  1479.00    0.00 2757.00     0.00 75384.00    54.69     0.85    0.31    0.00    0.31   0.30  82.40
sde               0.00  1434.00    0.00 2685.00     0.00 73944.00    55.08     0.90    0.34    0.00    0.34   0.31  84.00
sde               0.00  1463.00    0.00 2752.00     0.00 75520.00    54.88     0.96    0.35    0.00    0.35   0.33  89.60
sde               0.00  1395.00    0.00 2593.00     0.00 71548.00    55.19     0.90    0.35    0.00    0.35   0.31  79.60
sde               0.00  1470.00    0.00 2750.00     0.00 74996.00    54.54     0.91    0.33    0.00    0.33   0.30  82.80
sde               0.00  1319.00    0.00 2480.00     0.00 67872.00    54.74     0.83    0.34    0.00    0.34   0.31  77.20
sde               0.00  1424.00    0.00 2705.00     0.00 73372.00    54.25     0.91    0.34    0.00    0.34   0.30  82.00
sde               0.00  1412.00    0.00 2676.00     0.00 72768.00    54.39     0.89    0.33    0.00    0.33   0.31  82.40
sde               0.00  1365.00    0.00 2563.00     0.00 69840.00    54.50     0.88    0.34    0.00    0.34   0.33  83.60
sde               0.00  1471.00    0.00 2740.00     0.00 74812.00    54.61     0.95    0.35    0.00    0.35   0.33  90.00
sde               0.00  1477.00    0.00 2779.00     0.00 76400.00    54.98     0.95    0.34    0.00    0.34   0.33  91.20
sde               0.00  1430.00    0.00 2698.00     0.00 73404.00    54.41     0.98    0.36    0.00    0.36   0.33  90.00
sde               0.00  1342.00    0.00 2522.00     0.00 68836.00    54.59     0.82    0.32    0.00    0.32   0.30  74.80
sde               0.00  1408.00    0.00 2635.00     0.00 71876.00    54.55     0.89    0.34    0.00    0.34   0.33  86.00
sde               0.00  1404.00    0.00 2635.00     0.00 72004.00    54.65     0.86    0.33    0.00    0.33   0.31  82.80
sde               0.00  1348.00    0.00 2533.00     0.00 69580.00    54.94     0.88    0.35    0.00    0.35   0.32  81.20
sde               0.00  1423.00    0.00 2667.00     0.00 72548.00    54.40     0.84    0.32    0.00    0.32   0.29  78.40
sde               0.00  1424.00    0.00 2660.00     0.00 73176.00    55.02     0.87    0.33    0.00    0.33   0.30  80.00
sde               0.00  1419.00    0.00 2642.00     0.00 72028.00    54.53     0.91    0.35    0.00    0.35   0.32  85.60
sde               0.00  1466.00    0.00 2767.00     0.00 75536.00    54.60     0.93    0.34    0.00    0.34   0.32  88.00
sde               0.00  1424.00    0.00 2691.00     0.00 73332.00    54.50     0.92    0.34    0.00    0.34   0.33  88.00
sde               0.00  1494.00    0.00 2796.00     0.00 76656.00    54.83     0.95    0.34    0.00    0.34   0.31  88.00
sde               0.00  1380.00    0.00 2553.00     0.00 70116.00    54.93     0.91    0.36    0.00    0.36   0.33  84.00
sde               0.00  1350.00    0.00 2530.00     0.00 69300.00    54.78     0.78    0.31    0.00    0.31   0.30  75.60
sde               0.00  1273.00    0.00 2408.00     0.00 65572.00    54.46     0.81    0.34    0.00    0.34   0.32  76.40
sde               0.00  1432.00    0.00 2693.00     0.00 73528.00    54.61     0.94    0.35    0.00    0.35   0.32  85.60
sde               0.00  1354.00    0.00 2519.00     0.00 69184.00    54.93     0.90    0.36    0.00    0.36   0.33  82.40
sde               0.00  1390.00    0.00 2590.00     0.00 70912.00    54.76     0.82    0.32    0.00    0.32   0.30  77.20
sde               0.00  1352.00    0.00 2546.00     0.00 69848.00    54.87     0.88    0.35    0.00    0.35   0.32  81.20
sde               0.00  1428.00    0.00 2688.00     0.00 73384.00    54.60     0.92    0.34    0.00    0.34   0.32  85.20
sde               0.00  1443.00    0.00 2720.00     0.00 74148.00    54.52     1.02    0.37    0.00    0.37   0.33  88.80
sde               0.00  1449.00    0.00 2736.00     0.00 74072.00    54.15     0.87    0.32    0.00    0.32   0.31  84.00
sde               0.00  1411.00    0.00 2626.00     0.00 72268.00    55.04     0.88    0.34    0.00    0.34   0.31  82.40
sde               0.00  1407.00    0.00 2664.00     0.00 72452.00    54.39     0.92    0.35    0.00    0.35   0.32  86.00
sde               0.00  1436.00    0.00 2700.00     0.00 73540.00    54.47     0.94    0.35    0.00    0.35   0.31  83.60
sde               0.00  1416.00    0.00 2649.00     0.00 72176.00    54.49     0.92    0.35    0.00    0.35   0.31  82.40
sde               0.00  1347.00    0.00 2541.00     0.00 69412.00    54.63     0.83    0.33    0.00    0.33   0.29  74.80
sde               0.00  1370.00    0.00 2563.00     0.00 70532.00    55.04     0.81    0.32    0.00    0.32   0.30  78.00
sde               0.00  1314.00    0.00 2489.00     0.00 67500.00    54.24     0.86    0.34    0.00    0.34   0.32  80.00
sde               0.00  1419.00    0.00 2677.00     0.00 72928.00    54.48     0.88    0.33    0.00    0.33   0.30  80.40
sde               0.00  1425.00    0.00 2657.00     0.00 72756.00    54.77     0.94    0.35    0.00    0.35   0.34  90.00
sde               0.00  1376.00    0.00 2584.00     0.00 70452.00    54.53     0.84    0.32    0.00    0.32   0.31  79.20
sde               0.00  1376.00    0.00 2598.00     0.00 70888.00    54.57     0.88    0.34    0.00    0.34   0.32  84.00
sde               0.00  1443.00    0.00 2707.00     0.00 73848.00    54.56     0.88    0.33    0.00    0.33   0.30  81.60
sde               0.00  1383.00    0.00 2577.00     0.00 70328.00    54.58     0.86    0.33    0.00    0.33   0.31  79.20
sde               0.00  1360.00    0.00 2538.00     0.00 70028.00    55.18     0.89    0.35    0.00    0.35   0.33  83.20
sde               0.00  1395.00    0.00 2572.00     0.00 71248.00    55.40     0.87    0.34    0.00    0.34   0.32  83.20
sde               0.00  1382.00    0.00 2597.00     0.00 71164.00    54.80     0.91    0.35    0.00    0.35   0.33  85.60
sde               0.00  1485.00    0.00 2771.00     0.00 76296.00    55.07     0.98    0.35    0.00    0.35   0.32  89.60
sde               0.00  1451.00    0.00 2694.00     0.00 73376.00    54.47     0.91    0.34    0.00    0.34   0.32  86.40
sde               0.00  1498.00    0.00 2787.00     0.00 77576.00    55.67     0.96    0.35    0.00    0.35   0.33  91.60
sde               0.00  1353.00    0.00 2542.00     0.00 69856.00    54.96     0.85    0.33    0.00    0.33   0.31  78.80
sde               0.00  1414.00    0.00 2642.00     0.00 72288.00    54.72     0.85    0.32    0.00    0.32   0.31  82.00
sde               0.00  1365.00    0.00 2545.00     0.00 69896.00    54.93     0.84    0.33    0.00    0.33   0.30  77.20
sde               0.00  1485.00    0.00 2790.00     0.00 76544.00    54.87     0.96    0.35    0.00    0.35   0.33  90.80
sde               0.00  1384.00    0.00 2612.00     0.00 71216.00    54.53     0.93    0.36    0.00    0.36   0.33  87.20
sde               0.00  1339.00    0.00 2499.00     0.00 68552.00    54.86     0.84    0.34    0.00    0.34   0.32  80.80
sde               0.00  1422.00    0.00 2715.00     0.00 73392.00    54.06     0.91    0.33    0.00    0.33   0.30  80.80
sde               0.00  1409.00    0.00 2615.00     0.00 71884.00    54.98     0.90    0.35    0.00    0.35   0.32  83.60
sde               0.00  1382.00    0.00 2620.00     0.00 71196.00    54.35     0.89    0.34    0.00    0.34   0.31  82.40
sde               0.00  1446.00    0.00 2733.00     0.00 74556.00    54.56     0.90    0.33    0.00    0.33   0.31  85.60
sde               0.00  1375.00    0.00 2583.00     0.00 70408.00    54.52     0.86    0.33    0.00    0.33   0.31  78.80
sde               0.00  1454.00    0.00 2720.00     0.00 74348.00    54.67     0.91    0.34    0.00    0.34   0.31  84.00
sde               0.00  1464.00    0.00 2755.00     0.00 75080.00    54.50     0.91    0.33    0.00    0.33   0.32  87.20
sde               0.00  1441.00    0.00 2729.00     0.00 74272.00    54.43     0.97    0.35    0.00    0.35   0.32  86.40
sde               0.00  1464.00    0.00 2737.00     0.00 75316.00    55.04     0.94    0.34    0.00    0.34   0.31  85.20
sde               0.00  1456.00    0.00 2724.00     0.00 74348.00    54.59     0.94    0.35    0.00    0.35   0.33  89.20
sde               0.00  1393.00    0.00 2598.00     0.00 71380.00    54.95     0.93    0.36    0.00    0.36   0.35  90.00
sde               0.00  1483.00    0.00 2798.00     0.00 76428.00    54.63     0.92    0.33    0.00    0.33   0.32  88.40
sde               0.00  1485.00    0.00 2785.00     0.00 76272.00    54.77     1.02    0.37    0.00    0.37   0.33  91.20
sde               0.00  1347.00    0.00 2524.00     0.00 69284.00    54.90     0.82    0.32    0.00    0.32   0.31  77.20
sde               0.00  1426.00    0.00 2660.00     0.00 72856.00    54.78     0.88    0.33    0.00    0.33   0.31  82.80
sde               0.00  1427.00    0.00 2702.00     0.00 73676.00    54.53     0.88    0.33    0.00    0.33   0.31  83.60
sde               0.00  1461.00    0.00 2773.00     0.00 75244.00    54.27     0.94    0.34    0.00    0.34   0.31  86.80
sde               0.00  1423.00    0.00 2655.00     0.00 72900.00    54.92     0.89    0.33    0.00    0.33   0.32  85.20
sde               0.00  1453.00    0.00 2727.00     0.00 74328.00    54.51     0.98    0.36    0.00    0.36   0.32  87.60
sde               0.00  1404.00    0.00 2604.00     0.00 71624.00    55.01     0.89    0.34    0.00    0.34   0.31  82.00
sde               0.00  1303.00    0.00 2446.00     0.00 67088.00    54.86     0.86    0.35    0.00    0.35   0.33  80.00
sde               0.00  1424.00    0.00 2664.00     0.00 72888.00    54.72     0.86    0.32    0.00    0.32   0.30  81.20
sde               0.00  1438.00    0.00 2691.00     0.00 73824.00    54.87     0.92    0.35    0.00    0.35   0.32  84.80
sde               0.00  1427.00    0.00 2679.00     0.00 72820.00    54.36     0.89    0.33    0.00    0.33   0.31  83.20
sde               0.00  1424.00    0.00 2698.00     0.00 73380.00    54.40     0.96    0.36    0.00    0.36   0.33  89.20
sde               0.00  1423.00    0.00 2660.00     0.00 72876.00    54.79     0.88    0.33    0.00    0.33   0.31  83.60
sde               0.00  1409.00    0.00 2668.00     0.00 72952.00    54.69     0.96    0.36    0.00    0.36   0.33  87.60
sde               0.00  1460.00    0.00 2694.00     0.00 74296.00    55.16     0.90    0.33    0.00    0.33   0.30  81.60
sde               0.00  1404.00    0.00 2636.00     0.00 72272.00    54.83     0.96    0.36    0.00    0.36   0.34  88.80
sde               0.00  1479.00    0.00 2778.00     0.00 76388.00    54.99     0.99    0.36    0.00    0.36   0.33  90.80
sde               0.00  1357.00    0.00 2559.00     0.00 69728.00    54.50     0.88    0.34    0.00    0.34   0.32  82.40
sde               0.00  1368.00    0.00 2586.00     0.00 70140.00    54.25     0.89    0.34    0.00    0.34   0.32  82.80
sde               0.00  1372.00    0.00 2589.00     0.00 70032.00    54.10     0.87    0.34    0.00    0.34   0.31  80.40
sde               0.00  1393.00    0.00 2649.00     0.00 71548.00    54.02     0.90    0.34    0.00    0.34   0.31  82.40
sde               0.00  1451.00    0.00 2736.00     0.00 74696.00    54.60     0.98    0.36    0.00    0.36   0.32  87.60
sde               0.00  1361.00    0.00 2581.00     0.00 70276.00    54.46     0.92    0.36    0.00    0.36   0.34  87.20
sde               0.00  1381.00    0.00 2575.00     0.00 70152.00    54.49     0.80    0.31    0.00    0.31   0.30  76.80
sde               0.00  1477.00    0.00 2793.00     0.00 76428.00    54.73     0.96    0.34    0.00    0.34   0.31  87.20
sde               0.00  1381.00    0.00 2612.00     0.00 71220.00    54.53     0.89    0.34    0.00    0.34   0.32  84.40
sde               0.00  1445.00    0.00 2696.00     0.00 74120.00    54.99     0.92    0.34    0.00    0.34   0.31  84.00
sde               0.00  1445.00    0.00 2694.00     0.00 73716.00    54.73     0.96    0.35    0.00    0.35   0.33  90.00
sde               0.00  1386.00    0.00 2592.00     0.00 71028.00    54.81     0.80    0.31    0.00    0.31   0.30  77.20
sde               0.00  1383.00    0.00 2619.00     0.00 71192.00    54.37     0.90    0.34    0.00    0.34   0.31  81.60
sde               0.00  1431.00    0.00 2696.00     0.00 73504.00    54.53     0.88    0.33    0.00    0.33   0.31  82.40
sde               0.00  1419.00    0.00 2672.00     0.00 72648.00    54.38     0.88    0.33    0.00    0.33   0.32  84.80
sde               0.00  1399.00    0.00 2610.00     0.00 71524.00    54.81     0.84    0.32    0.00    0.32   0.30  79.20
sde               0.00  1422.00    0.00 2686.00     0.00 73372.00    54.63     0.87    0.32    0.00    0.32   0.30  81.20
sde               0.00  1442.00    0.00 2706.00     0.00 74352.00    54.95     1.01    0.37    0.00    0.37   0.33  90.00
sde               0.00  1415.00    0.00 2678.00     0.00 73020.00    54.53     0.93    0.35    0.00    0.35   0.32  86.80
sde               0.00  1429.00    0.00 2665.00     0.00 72112.00    54.12     0.90    0.34    0.00    0.34   0.32  84.80
sde               0.00  1355.00    0.00 2523.00     0.00 69848.00    55.37     0.83    0.33    0.00    0.33   0.32  79.60
sde               0.00  1384.00    0.00 2633.00     0.00 71468.00    54.29     0.92    0.35    0.00    0.35   0.32  85.20
sde               0.00  1388.00    0.00 2598.00     0.00 71064.00    54.71     0.89    0.34    0.00    0.34   0.32  83.60
sde               0.00  1413.00    0.00 2635.00     0.00 72276.00    54.86     0.96    0.36    0.00    0.36   0.32  84.40
sde               0.00  1390.00    0.00 2589.00     0.00 71140.00    54.96     0.86    0.33    0.00    0.33   0.31  80.80
sde               0.00  1413.00    0.00 2662.00     0.00 72748.00    54.66     0.92    0.34    0.00    0.34   0.32  85.20
sde               0.00  1390.00    0.00 2598.00     0.00 71300.00    54.89     0.91    0.35    0.00    0.35   0.32  82.80
sde               0.00  1487.00    0.00 2768.00     0.00 76952.00    55.60     0.94    0.34    0.00    0.34   0.32  89.20
sde               0.00  1388.00    0.00 2560.00     0.00 70628.00    55.18     0.91    0.36    0.00    0.36   0.32  82.40
sde               0.00  1344.00    0.00 2520.00     0.00 69332.00    55.03     0.84    0.33    0.00    0.33   0.31  78.40
sde               0.00  1325.00    0.00 2507.00     0.00 68348.00    54.53     0.86    0.34    0.00    0.34   0.32  80.00
sde               0.00  1396.00    0.00 2624.00     0.00 71680.00    54.63     0.86    0.33    0.00    0.33   0.31  80.40
sde               0.00  1333.00    0.00 2510.00     0.00 68776.00    54.80     0.83    0.33    0.00    0.33   0.31  78.40
