sde               0.00     1.26    0.00    2.59     0.00   163.23   125.91     0.01    2.81    1.91    2.81   0.41   0.11
sde               0.00     1.00    0.00    4.00     0.00    20.00    10.00     0.00    0.00    0.00    0.00   0.00   0.00
sde               0.00   196.00    0.00  527.00     0.00 141480.00   536.93     2.04    3.80    0.00    3.80   0.74  39.20
sde               0.00   198.00    0.00  541.00     0.00 168168.00   621.69     4.06    7.48    0.00    7.48   1.53  82.80
sde               0.00   146.00    0.00  443.00     0.00 135052.00   609.72     4.31    9.80    0.00    9.80   1.93  85.60
sde               0.00   174.00    0.00  476.00     0.00 145992.00   613.41     4.34    9.14    0.00    9.14   1.79  85.20
sde               0.00   133.00    0.00  345.00     0.00 103136.00   597.89     4.84   13.80    0.00   13.80   2.50  86.40
sde               0.00   194.00    0.00  505.00     0.00 156332.00   619.14     4.26    8.54    0.00    8.54   1.66  84.00
sde               0.00   191.00    0.00  476.00     0.00 142328.00   598.02     4.36    9.21    0.00    9.21   1.77  84.40
sde               0.00   244.00    0.00  574.00     0.00 190916.00   665.21     3.62    6.31    0.00    6.31   1.40  80.40
sde               0.00   152.00    0.00  297.00     0.00 103196.00   694.92     3.84   12.94    0.00   12.94   3.00  89.20
sde               0.00   165.00    0.00  341.00     0.00 119408.00   700.34     4.05   11.75    0.00   11.75   2.46  84.00
sde               0.00   274.00    0.00  551.00     0.00 200424.00   727.49     3.50    6.43    0.00    6.43   1.46  80.40
sde               0.00   136.00    0.00  285.00     0.00 99108.00   695.49     4.07   13.95    0.00   13.95   3.17  90.40
sde               0.00   149.00    0.00  283.00     0.00 105176.00   743.29     3.63   12.95    0.00   12.95   3.02  85.60
sde               0.00   211.00    0.00  373.00     0.00 146560.00   785.84     3.14    8.58    0.00    8.58   2.26  84.40
sde               0.00   202.00    0.00  389.00     0.00 150672.00   774.66     2.98    7.55    0.00    7.55   2.09  81.20
sde               0.00   305.00    0.00  556.00     0.00 215572.00   775.44     2.77    5.07    0.00    5.07   1.34  74.40
sde               0.00   188.00    0.00  352.00     0.00 137224.00   779.68     3.15    8.83    0.00    8.83   2.38  83.60
sde               0.00   132.00    0.00  240.00     0.00 92904.00   774.20     3.55   14.28    0.00   14.28   3.63  87.20
sde               0.00    84.00    0.00  168.00     0.00 63968.00   761.52     3.83   23.69    0.00   23.69   5.48  92.00
sde               0.00    91.00    0.00  176.00     0.00 68120.00   774.09     3.50   19.52    0.00   19.52   5.14  90.40
sde               0.00    95.00    0.00  165.00     0.00 63960.00   775.27     3.67   21.41    0.00   21.41   5.53  91.20
sde               0.00   104.00    0.00  192.00     0.00 74336.00   774.33     3.12   17.42    0.00   17.42   4.54  87.20
sde               0.00    86.00    0.00  159.00     0.00 64452.00   810.72     3.51   20.98    0.00   20.98   5.71  90.80
sde               0.00    97.00    0.00  174.00     0.00 66552.00   764.97     3.61   21.13    0.00   21.13   5.15  89.60
sde               0.00   104.00    0.00  187.00     0.00 75352.00   805.90     3.30   17.86    0.00   17.86   4.77  89.20
sde               0.00    87.00    0.00  170.00     0.00 65872.00   774.96     4.00   23.01    0.00   23.01   5.36  91.20
sde               0.00   160.00    0.00  305.00     0.00 110540.00   724.85     3.71   12.54    0.00   12.54   2.86  87.20
sde               0.00   184.00    0.00  339.00     0.00 127944.00   754.83     3.44   10.27    0.00   10.27   2.54  86.00
sde               0.00    89.00    0.00  172.00     0.00 64468.00   749.63     3.76   20.98    0.00   20.98   5.28  90.80
sde               0.00    87.00    0.00  161.00     0.00 67196.00   834.73     3.11   19.63    0.00   19.63   5.61  90.40
sde               0.00   118.81    0.00  155.45     0.00 59849.50   770.04     3.28   21.32    0.00   21.32   5.78  89.90
sde               0.00   124.00    0.00  200.00     0.00 91860.00   918.60     2.56   13.14    0.00   13.14   4.40  88.00
sde               0.00   167.00    0.00  282.00     0.00 124844.00   885.42     2.43    8.45    0.00    8.45   3.02  85.20
sde               0.00   178.00    0.00  294.00     0.00 131024.00   891.32     2.36    7.93    0.00    7.93   2.87  84.40
sde               0.00   160.00    0.00  289.00     0.00 123800.00   856.75     2.83    9.94    0.00    9.94   3.02  87.20
sde               0.00   177.00    0.00  292.00     0.00 125904.00   862.36     2.31    7.99    0.00    7.99   2.84  82.80
sde               0.00   190.00    0.00  322.00     0.00 144468.00   897.32     2.27    7.11    0.00    7.11   2.58  83.20
sde               0.00   262.00    0.00  449.00     0.00 198588.00   884.58     2.37    5.22    0.00    5.22   1.76  79.20
sde               0.00   190.00    0.00  330.00     0.00 141904.00   860.02     2.54    7.76    0.00    7.76   2.48  82.00
sde               0.00   177.00    0.00  294.00     0.00 132056.00   898.34     2.34    7.82    0.00    7.82   2.82  82.80
sde               0.00   182.00    0.00  297.00     0.00 135144.00   910.06     2.29    7.78    0.00    7.78   2.84  84.40
sde               0.00   165.00    0.00  288.00     0.00 122788.00   852.69     2.56    8.82    0.00    8.82   2.85  82.00
sde               0.00   197.00    0.00  340.00     0.00 146560.00   862.12     2.44    7.29    0.00    7.29   2.34  79.60
sde               0.00   203.00    0.00  340.00     0.00 149544.00   879.67     2.27    6.69    0.00    6.69   2.40  81.60
sde               0.00   202.00    0.00  321.00     0.00 144480.00   900.19     2.39    7.39    0.00    7.39   2.55  82.00
sde               0.00   179.00    0.00  327.00     0.00 140324.00   858.25     2.54    7.69    0.00    7.69   2.54  83.20
sde               0.00   165.00    0.00  274.00     0.00 121592.00   887.53     2.41    8.70    0.00    8.70   3.08  84.40
sde               0.00   170.00    0.00  291.00     0.00 128072.00   880.22     2.43    8.43    0.00    8.43   2.86  83.20
sde               0.00   166.00    0.00  264.00     0.00 116964.00   886.09     2.35    8.76    0.00    8.76   3.11  82.00
sde               0.00   141.00    0.00  253.00     0.00 107528.00   850.02     2.58   10.37    0.00   10.37   3.35  84.80
sde               0.00   198.00    0.00  336.00     0.00 143988.00   857.07     2.48    7.51    0.00    7.51   2.42  81.20
sde               0.00   173.00    0.00  290.00     0.00 129992.00   896.50     2.26    7.74    0.00    7.74   2.86  82.80
sde               0.00   260.00    0.00  431.00     0.00 190872.00   885.72     2.20    5.10    0.00    5.10   1.75  75.60
sde               0.00   195.00    0.00  352.00     0.00 153728.00   873.45     2.54    7.25    0.00    7.25   2.33  82.00
sde               0.00   190.00    0.00  313.00     0.00 138288.00   883.63     2.43    7.71    0.00    7.71   2.72  85.20
sde               0.00   158.00    0.00  268.00     0.00 118644.00   885.40     2.39    8.94    0.00    8.94   3.15  84.40
sde               0.00   227.00    0.00  375.00     0.00 161972.00   863.85     2.34    6.23    0.00    6.23   2.12  79.60
sde               0.00   179.00    0.00  313.00     0.00 134148.00   857.18     2.60    8.20    0.00    8.20   2.67  83.60
sde               0.00   153.00    0.00  252.00     0.00 112540.00   893.17     2.44    9.87    0.00    9.87   3.38  85.20
sde               0.00   210.00    0.00  347.00     0.00 159048.00   916.70     2.34    6.70    0.00    6.70   2.37  82.40
sde               0.00   226.00    0.00  299.00     0.00 122300.00   818.06     3.00    9.99    0.00    9.99   2.89  86.40
sde               0.00   217.00    0.00  371.00     0.00 162548.00   876.27     2.40    6.54    0.00    6.54   2.16  80.00
sde               0.00   207.00    0.00  349.00     0.00 154844.00   887.36     2.41    6.95    0.00    6.95   2.34  81.60
sde               0.00   212.00    0.00  341.00     0.00 153004.00   897.38     2.28    6.57    0.00    6.57   2.35  80.00
sde               0.00   291.00    0.00  510.00     0.00 220468.00   864.58     2.34    4.61    0.00    4.61   1.53  78.00
sde               0.00   371.00    0.00  611.00     0.00 272420.00   891.72     2.09    3.43    0.00    3.43   1.19  72.80
sde               0.00   225.00    0.00  400.00     0.00 170212.00   851.06     2.54    6.26    0.00    6.26   2.09  83.60
sde               0.00   355.00    0.00  598.00     0.00 265292.00   887.26     2.24    3.79    0.00    3.79   1.24  74.00
sde               0.00   291.00    0.00  493.00     0.00 214536.00   870.33     2.24    4.54    0.00    4.54   1.51  74.40
sde               0.00   372.00    0.00  635.00     0.00 281684.00   887.19     2.20    3.48    0.00    3.48   1.11  70.80
sde               0.00   241.00    0.00  390.00     0.00 172296.00   883.57     2.38    6.05    0.00    6.05   2.04  79.60
sde               0.00   295.00    0.00  516.00     0.00 226000.00   875.97     2.44    4.79    0.00    4.79   1.51  78.00
sde               0.00   370.00    0.00  613.00     0.00 276756.00   902.96     2.02    3.26    0.00    3.26   1.12  68.40
sde               0.00   363.00    0.00  622.00     0.00 264864.00   851.65     2.19    3.54    0.00    3.54   1.17  72.80
sde               0.00   350.00    0.00  580.00     0.00 261132.00   900.46     2.12    3.58    0.00    3.58   1.23  71.20
sde               0.00   337.00    0.00  590.00     0.00 254844.00   863.88     2.29    3.95    0.00    3.95   1.25  74.00
sde               0.00   366.00    0.00  608.00     0.00 271624.00   893.50     2.06    3.38    0.00    3.38   1.15  70.00
sde               0.00   393.00    0.00  678.00     0.00 293752.00   866.53     2.35    3.46    0.00    3.46   1.14  77.20
sde               0.00   365.00    0.00  603.00     0.00 270360.00   896.72     2.05    3.43    0.00    3.43   1.18  71.20
sde               0.00   366.00    0.00  633.00     0.00 276520.00   873.68     2.26    3.55    0.00    3.55   1.14  72.00
sde               0.00   381.00    0.00  642.00     0.00 283144.00   882.07     2.17    3.39    0.00    3.39   1.17  75.20
sde               0.00   332.00    0.00  807.00     0.00 257548.00   638.29     3.50    4.30    0.00    4.30   0.85  68.80
sde               0.00   309.00    0.00  792.00     0.00 240380.00   607.02     3.72    4.75    0.00    4.75   0.87  69.20
sde               0.00   333.00    0.00  845.00     0.00 257944.00   610.52     3.58    4.24    0.00    4.24   0.83  70.00
sde               0.00   353.00    0.00  759.00     0.00 263112.00   693.31     3.11    4.10    0.00    4.10   0.91  68.80
sde               0.00   372.00    0.00  723.00     0.00 269304.00   744.96     2.98    4.09    0.00    4.09   0.97  70.00
sde               0.00   359.00    0.00  734.00     0.00 262076.00   714.10     3.12    4.27    0.00    4.27   0.98  72.00
sde               0.00   372.00    0.00  703.00     0.00 264128.00   751.43     2.97    4.18    0.00    4.18   0.98  68.80
sde               0.00   343.00    0.00  707.00     0.00 260380.00   736.58     3.02    4.28    0.00    4.28   1.01  71.60
sde               0.00   385.00    0.00  765.00     0.00 277200.00   724.71     3.22    4.19    0.00    4.19   0.93  71.20
sde               0.00   459.00    0.00  737.00     0.00 266652.00   723.61     2.98    4.07    0.00    4.07   0.99  72.80
sde               0.00   364.00    0.00  697.00     0.00 257952.00   740.18     2.74    3.94    0.00    3.94   0.96  67.20
sde               0.00   368.00    0.00  685.00     0.00 273420.00   798.31     2.61    3.81    0.00    3.81   1.03  70.80
sde               0.00   350.00    0.00  602.00     0.00 264128.00   877.50     2.21    3.67    0.00    3.67   1.20  72.00
sde               0.00   366.00    0.00  613.00     0.00 272416.00   888.80     2.08    3.39    0.00    3.39   1.14  70.00
sde               0.00   358.00    0.00  608.00     0.00 266072.00   875.24     2.10    3.45    0.00    3.45   1.18  71.60
sde               0.00   321.00    0.00  523.00     0.00 234292.00   895.95     2.08    3.98    0.00    3.98   1.34  70.00
sde               0.00   358.00    0.00  623.00     0.00 268324.00   861.39     2.19    3.53    0.00    3.53   1.15  71.60
sde               0.00   347.00    0.00  575.00     0.00 260360.00   905.60     2.02    3.50    0.00    3.50   1.18  67.60
sde               0.00   274.00    0.00  490.00     0.00 212172.00   866.01     2.26    4.62    0.00    4.62   1.49  72.80
sde               0.00   358.00    0.00  589.00     0.00 264140.00   896.91     2.11    3.57    0.00    3.57   1.22  72.00
sde               0.00   351.00    0.00  598.00     0.00 258984.00   866.17     2.01    3.38    0.00    3.38   1.12  66.80
sde               0.00   354.00    0.00  588.00     0.00 263120.00   894.97     2.01    3.44    0.00    3.44   1.23  72.40
sde               0.00   345.00    0.00  607.00     0.00 265908.00   876.14     2.19    3.60    0.00    3.60   1.17  70.80
sde               0.00   353.00    0.00  578.00     0.00 260276.00   900.61     1.97    3.42    0.00    3.42   1.22  70.80
sde               0.00   359.00    0.00  626.00     0.00 274456.00   876.86     2.11    3.34    0.00    3.34   1.12  70.00
sde               0.00   369.00    0.00  616.00     0.00 277552.00   901.14     2.02    3.30    0.00    3.30   1.14  70.40
sde               0.00   318.00    0.00  560.00     0.00 242432.00   865.83     2.35    4.19    0.00    4.19   1.39  78.00
sde               0.00   336.00    0.00  568.00     0.00 255820.00   900.77     1.95    3.40    0.00    3.40   1.18  66.80
sde               0.00   361.00    0.00  625.00     0.00 270360.00   865.15     2.19    3.52    0.00    3.52   1.15  71.60
sde               0.00   355.00    0.00  592.00     0.00 263104.00   888.86     2.01    3.39    0.00    3.39   1.16  68.40
sde               0.00   340.00    0.00  597.00     0.00 263064.00   881.29     2.18    3.66    0.00    3.66   1.16  69.20
sde               0.00   357.00    0.00  597.00     0.00 268248.00   898.65     2.02    3.34    0.00    3.34   1.21  72.00
sde               0.00   345.00    0.00  629.00     0.00 275408.00   875.70     2.17    3.44    0.00    3.44   1.15  72.40
