sde               0.00     0.77    0.00    1.39     0.00   107.09   153.98     0.01    4.84    1.91    4.84   0.41   0.06
sde               0.00     0.00    0.00    0.00     0.00     0.00     0.00     0.00    0.00    0.00    0.00   0.00   0.00
sde               0.00   782.00    0.00 1289.00     0.00 99068.00   153.71     0.52    0.40    0.00    0.40   0.40  51.60
sde               0.00  1161.00    0.00 1940.00     0.00 150720.00   155.38     0.83    0.43    0.00    0.43   0.43  82.80
sde               0.00  1099.00    0.00 1835.00     0.00 142960.00   155.81     0.77    0.42    0.00    0.42   0.42  76.80
sde               0.00   931.00    0.00 1576.00     0.00 122168.00   155.04     0.78    0.49    0.00    0.49   0.49  78.00
sde               0.00  1189.00    0.00 1717.00     0.00 134300.00   156.44     0.76    0.44    0.00    0.44   0.44  76.00
sde               0.00  1029.00    0.00 1405.00     0.00 109880.00   156.41     0.79    0.56    0.00    0.56   0.56  79.20
sde               0.00  1299.00    0.00 1757.00     0.00 137428.00   156.43     0.76    0.43    0.00    0.43   0.43  76.00
sde               0.00  1261.00    0.00 1714.00     0.00 134088.00   156.46     0.81    0.47    0.00    0.47   0.47  80.80
sde               0.00  1385.00    0.00 1872.00     0.00 146804.00   156.84     0.78    0.42    0.00    0.42   0.41  77.60
sde               0.00  1306.00    0.00 1777.00     0.00 139056.00   156.51     0.82    0.46    0.00    0.46   0.46  82.00
sde               0.00   984.00    0.00 1325.00     0.00 103708.00   156.54     0.86    0.65    0.00    0.65   0.65  85.60
sde               0.00  1180.00    0.00 1605.00     0.00 125368.00   156.22     0.81    0.51    0.00    0.51   0.50  80.40
sde               0.00  1497.00    0.00 2035.00     0.00 158872.00   156.14     0.83    0.41    0.00    0.41   0.41  83.20
sde               0.00  1097.00    0.00 1497.00     0.00 116528.00   155.68     0.76    0.51    0.00    0.51   0.50  74.80
sde               0.00  1119.00    0.00 1530.00     0.00 119188.00   155.80     0.87    0.57    0.00    0.57   0.57  86.80
sde               0.00  1100.00    0.00 1483.00     0.00 115864.00   156.26     0.78    0.52    0.00    0.52   0.52  77.60
sde               0.00  1267.00    0.00 1737.00     0.00 135216.00   155.69     0.82    0.47    0.00    0.47   0.47  82.40
sde               0.00  1486.00    0.00 2009.00     0.00 157312.00   156.61     0.77    0.38    0.00    0.38   0.38  76.80
sde               0.00  1298.00    0.00 1768.00     0.00 137984.00   156.09     0.77    0.43    0.00    0.43   0.43  76.40
sde               0.00  1308.00    0.00 1773.00     0.00 137996.00   155.66     0.73    0.41    0.00    0.41   0.41  73.20
sde               0.00   989.00    0.00 1347.00     0.00 105464.00   156.59     0.80    0.60    0.00    0.60   0.60  80.40
sde               0.00   637.00    0.00  867.00     0.00 67872.00   156.57     0.88    1.01    0.00    1.01   1.01  87.60
sde               0.00   647.00    0.00  871.00     0.00 68400.00   157.06     0.85    0.97    0.00    0.97   0.98  85.20
sde               0.00   524.00    0.00  713.00     0.00 55212.00   154.87     0.88    1.25    0.00    1.25   1.24  88.40
sde               0.00   700.00    0.00  958.00     0.00 74520.00   155.57     0.85    0.89    0.00    0.89   0.89  85.20
sde               0.00   631.00    0.00  864.00     0.00 67332.00   155.86     0.85    0.99    0.00    0.99   0.98  84.80
sde               0.00   585.00    0.00  791.00     0.00 61804.00   156.27     0.89    1.13    0.00    1.13   1.13  89.20
sde               0.00   584.00    0.00  795.00     0.00 61800.00   155.47     0.89    1.12    0.00    1.12   1.12  89.20
sde               0.00   745.00    0.00 1013.00     0.00 78948.00   155.87     0.88    0.87    0.00    0.87   0.86  87.20
sde               0.00   680.00    0.00  932.00     0.00 72840.00   156.31     0.82    0.88    0.00    0.88   0.87  81.20
sde               0.00  1048.00    0.00 1403.00     0.00 108908.00   155.25     0.81    0.58    0.00    0.58   0.58  80.80
sde               0.00   943.00    0.00 1273.00     0.00 99296.00   156.00     0.77    0.60    0.00    0.60   0.60  76.80
sde               0.00   705.00    0.00  962.00     0.00 75596.00   157.16     0.87    0.90    0.00    0.90   0.90  86.80
sde               0.00   690.00    0.00  928.00     0.00 72840.00   156.98     0.88    0.95    0.00    0.95   0.94  87.60
sde               0.00   580.00    0.00  787.00     0.00 61256.00   155.67     0.90    1.14    0.00    1.14   1.14  89.60
sde               0.00   548.00    0.00  747.00     0.00 59092.00   158.21     0.86    1.16    0.00    1.16   1.15  86.00
sde               0.00  1188.00    0.00 1613.00     0.00 125848.00   156.04     0.77    0.48    0.00    0.48   0.48  76.80
sde               0.00  1042.00    0.00 1402.00     0.00 109768.00   156.59     0.81    0.58    0.00    0.58   0.58  81.20
sde               0.00  1269.00    0.00 1728.00     0.00 135208.00   156.49     0.80    0.47    0.00    0.47   0.46  80.00
sde               0.00  1249.00    0.00 1686.00     0.00 131880.00   156.44     0.83    0.50    0.00    0.50   0.49  83.20
sde               0.00  1121.00    0.00 1532.00     0.00 119836.00   156.44     0.72    0.47    0.00    0.47   0.47  72.40
sde               0.00  1218.00    0.00 1647.00     0.00 129108.00   156.78     0.83    0.50    0.00    0.50   0.50  82.80
sde               0.00  1369.00    0.00 1858.00     0.00 145680.00   156.81     0.71    0.38    0.00    0.38   0.38  71.20
sde               0.00  1257.00    0.00 1704.00     0.00 133012.00   156.12     0.80    0.47    0.00    0.47   0.47  80.40
sde               0.00  1224.00    0.00 1668.00     0.00 129704.00   155.52     0.81    0.48    0.00    0.48   0.48  80.80
sde               0.00  1305.00    0.00 1771.00     0.00 138520.00   156.43     0.76    0.43    0.00    0.43   0.43  75.60
sde               0.00  1301.00    0.00 1767.00     0.00 138488.00   156.75     0.83    0.47    0.00    0.47   0.47  82.80
sde               0.00  1098.00    0.00 1504.00     0.00 117108.00   155.73     0.83    0.55    0.00    0.55   0.55  82.40
sde               0.00  1294.00    0.00 1755.00     0.00 136876.00   155.98     0.80    0.45    0.00    0.45   0.45  79.20
sde               0.00  1344.00    0.00 1829.00     0.00 143464.00   156.88     0.82    0.45    0.00    0.45   0.45  82.00
sde               0.00  1287.00    0.00 1748.00     0.00 135800.00   155.38     0.86    0.49    0.00    0.49   0.49  85.20
sde               0.00  1348.00    0.00 1839.00     0.00 144024.00   156.63     0.83    0.45    0.00    0.45   0.45  82.80
sde               0.00  1154.00    0.00 1559.00     0.00 121424.00   155.77     0.84    0.53    0.00    0.53   0.54  83.60
sde               0.00  1098.00    0.00 1492.00     0.00 116928.00   156.74     0.83    0.56    0.00    0.56   0.55  82.40
sde               0.00  1293.00    0.00 1758.00     0.00 136900.00   155.75     0.81    0.46    0.00    0.46   0.46  81.20
sde               0.00   993.00    0.00 1356.00     0.00 106012.00   156.36     0.79    0.58    0.00    0.58   0.58  78.80
sde               0.00  1212.00    0.00 1648.00     0.00 128060.00   155.41     0.72    0.44    0.00    0.44   0.44  72.40
sde               0.00  1176.00    0.00 1594.00     0.00 124176.00   155.80     0.78    0.49    0.00    0.49   0.49  78.40
sde               0.00  1322.00    0.00 1794.00     0.00 140192.00   156.29     0.78    0.43    0.00    0.43   0.43  78.00
sde               0.00  1362.00    0.00 1843.00     0.00 144056.00   156.33     0.79    0.43    0.00    0.43   0.43  78.80
sde               0.00  1289.00    0.00 1735.00     0.00 134792.00   155.38     0.77    0.44    0.00    0.44   0.44  76.80
sde               0.00  1263.00    0.00 1709.00     0.00 134064.00   156.89     0.74    0.44    0.00    0.44   0.43  73.60
sde               0.00  1295.00    0.00 1764.00     0.00 138612.00   157.16     0.86    0.49    0.00    0.49   0.49  86.00
sde               0.00  1222.00    0.00 1651.00     0.00 129120.00   156.41     0.84    0.51    0.00    0.51   0.51  83.60
sde               0.00  1273.00    0.00 1730.00     0.00 135736.00   156.92     0.82    0.48    0.00    0.48   0.47  82.00
sde               0.00  1229.00    0.00 1660.00     0.00 129688.00   156.25     0.84    0.50    0.00    0.50   0.50  83.60
sde               0.00   892.00    0.00 1216.00     0.00 95472.00   157.03     0.85    0.70    0.00    0.70   0.69  84.40
sde               0.00  1108.00    0.00 1498.00     0.00 116996.00   156.20     0.87    0.58    0.00    0.58   0.58  86.40
sde               0.00  1246.00    0.00 1687.00     0.00 131896.00   156.37     0.85    0.51    0.00    0.51   0.51  85.20
sde               0.00  1197.00    0.00 1618.00     0.00 126900.00   156.86     0.76    0.47    0.00    0.47   0.47  76.00
sde               0.00  1291.00    0.00 1747.00     0.00 136328.00   156.07     0.82    0.47    0.00    0.47   0.46  81.20
sde               0.00  1222.00    0.00 1667.00     0.00 130864.00   157.01     0.80    0.48    0.00    0.48   0.48  79.60
sde               0.00  1285.00    0.00 1739.00     0.00 135764.00   156.14     0.74    0.42    0.00    0.42   0.42  73.60
sde               0.00  1388.00    0.00 1894.00     0.00 148440.00   156.75     0.71    0.37    0.00    0.37   0.37  70.40
sde               0.00  1438.00    0.00 1943.00     0.00 151168.00   155.60     0.86    0.44    0.00    0.44   0.44  84.80
sde               0.00  1439.00    0.00 1964.00     0.00 153444.00   156.26     0.76    0.38    0.00    0.38   0.38  75.60
sde               0.00  1449.00    0.00 1968.00     0.00 153988.00   156.49     0.79    0.40    0.00    0.40   0.40  78.80
sde               0.00  1185.00    0.00 1613.00     0.00 125304.00   155.37     0.81    0.50    0.00    0.50   0.50  80.40
sde               0.00  1537.00    0.00 2091.00     0.00 163396.00   156.29     0.85    0.41    0.00    0.41   0.40  84.40
sde               0.00  1488.00    0.00 2027.00     0.00 158404.00   156.29     0.81    0.40    0.00    0.40   0.40  80.80
sde               0.00  1365.00    0.00 1869.00     0.00 145192.00   155.37     0.80    0.43    0.00    0.43   0.43  80.00
sde               0.00  1434.00    0.00 1948.00     0.00 152328.00   156.39     0.82    0.42    0.00    0.42   0.41  80.80
sde               0.00  1350.00    0.00 1834.00     0.00 142852.00   155.78     0.78    0.43    0.00    0.43   0.43  78.00
sde               0.00  1411.00    0.00 1907.00     0.00 149036.00   156.30     0.64    0.34    0.00    0.34   0.34  64.00
sde               0.00  1167.00    0.00 1594.00     0.00 124800.00   156.59     0.82    0.51    0.00    0.51   0.51  81.60
sde               0.00  1468.00    0.00 1980.00     0.00 154460.00   156.02     0.79    0.40    0.00    0.40   0.40  78.80
sde               0.00  1465.00    0.00 1997.00     0.00 156204.00   156.44     0.84    0.42    0.00    0.42   0.42  84.00
sde               0.00  1556.00    0.00 2111.00     0.00 165032.00   156.35     0.84    0.40    0.00    0.40   0.40  83.60
sde               0.00  1425.00    0.00 1949.00     0.00 151828.00   155.80     0.78    0.40    0.00    0.40   0.40  77.60
sde               0.00  1420.00    0.00 1922.00     0.00 150136.00   156.23     0.76    0.40    0.00    0.40   0.40  76.00
sde               0.00  1461.00    0.00 1969.00     0.00 153428.00   155.84     0.79    0.40    0.00    0.40   0.40  78.80
sde               0.00  1399.00    0.00 1885.00     0.00 147396.00   156.39     0.76    0.40    0.00    0.40   0.40  75.60
sde               0.00  1369.00    0.00 1855.00     0.00 145684.00   157.07     0.65    0.34    0.00    0.34   0.35  65.20
sde               0.00  1361.00    0.00 1843.00     0.00 143532.00   155.76     0.73    0.40    0.00    0.40   0.40  72.80
sde               0.00  1484.00    0.00 2015.00     0.00 157852.00   156.68     0.82    0.41    0.00    0.41   0.41  82.00
sde               0.00  1549.00    0.00 2105.00     0.00 165032.00   156.80     0.86    0.41    0.00    0.41   0.41  86.40
sde               0.00  1357.00    0.00 1835.00     0.00 144020.00   156.97     0.73    0.39    0.00    0.39   0.40  72.80
sde               0.00  1337.00    0.00 1816.00     0.00 142372.00   156.80     0.75    0.41    0.00    0.41   0.41  74.80
sde               0.00  1457.00    0.00 1971.00     0.00 154544.00   156.82     0.76    0.39    0.00    0.39   0.39  76.00
sde               0.00  1465.00    0.00 1980.00     0.00 155004.00   156.57     0.78    0.39    0.00    0.39   0.39  77.60
sde               0.00  1411.00    0.00 1916.00     0.00 149048.00   155.58     0.76    0.39    0.00    0.39   0.39  75.60
sde               0.00  1339.00    0.00 1829.00     0.00 142416.00   155.73     0.71    0.39    0.00    0.39   0.39  71.20
sde               0.00  1435.00    0.00 1943.00     0.00 151800.00   156.25     0.76    0.39    0.00    0.39   0.39  76.00
sde               0.00  1396.00    0.00 1903.00     0.00 148488.00   156.06     0.78    0.41    0.00    0.41   0.41  77.60
sde               0.00  1344.00    0.00 1833.00     0.00 142412.00   155.39     0.75    0.41    0.00    0.41   0.40  74.00
sde               0.00  1318.00    0.00 1790.00     0.00 140184.00   156.63     0.77    0.43    0.00    0.43   0.43  76.80
sde               0.00  1468.00    0.00 1985.00     0.00 155636.00   156.81     0.82    0.41    0.00    0.41   0.41  81.60
sde               0.00  1305.00    0.00 1775.00     0.00 138544.00   156.11     0.71    0.40    0.00    0.40   0.40  70.40
sde               0.00  1452.00    0.00 1963.00     0.00 153456.00   156.35     0.75    0.38    0.00    0.38   0.38  74.40
sde               0.00  1469.00    0.00 1998.00     0.00 155576.00   155.73     0.80    0.40    0.00    0.40   0.40  79.60
sde               0.00  1434.00    0.00 1948.00     0.00 151812.00   155.86     0.75    0.38    0.00    0.38   0.38  74.80
sde               0.00  1448.00    0.00 1976.00     0.00 154016.00   155.89     0.74    0.38    0.00    0.38   0.37  74.00
sde               0.00  1368.00    0.00 1861.00     0.00 145160.00   156.00     0.75    0.40    0.00    0.40   0.40  74.80
sde               0.00  1401.00    0.00 1905.00     0.00 148492.00   155.90     0.75    0.39    0.00    0.39   0.39  73.60
sde               0.00  1366.00    0.00 1853.00     0.00 145152.00   156.67     0.73    0.39    0.00    0.39   0.39  72.80
sde               0.00  1396.00    0.00 1894.00     0.00 148448.00   156.76     0.74    0.39    0.00    0.39   0.39  74.40
sde               0.00  1530.00    0.00 2087.00     0.00 162860.00   156.07     0.81    0.39    0.00    0.39   0.39  80.80
sde               0.00  1400.00    0.00 1891.00     0.00 147288.00   155.78     0.77    0.41    0.00    0.41   0.41  77.20
sde               0.00  1373.00    0.00 1874.00     0.00 146264.00   156.10     0.78    0.42    0.00    0.42   0.42  78.00
sde               0.00  1391.00    0.00 1884.00     0.00 146844.00   155.89     0.75    0.40    0.00    0.40   0.40  75.20
sde               0.00  1401.00    0.00 1883.00     0.00 147424.00   156.58     0.73    0.38    0.00    0.38   0.39  72.80
sde               0.00  1396.00    0.00 1889.00     0.00 147412.00   156.07     0.78    0.42    0.00    0.42   0.41  76.80
sde               0.00  1413.00    0.00 1926.00     0.00 150664.00   156.45     0.80    0.42    0.00    0.42   0.41  79.60
sde               0.00  1426.00    0.00 1927.00     0.00 150684.00   156.39     0.69    0.36    0.00    0.36   0.35  68.40
sde               0.00  1301.00    0.00 1767.00     0.00 139024.00   157.36     0.72    0.41    0.00    0.41   0.41  71.60
sde               0.00  1331.00    0.00 1799.00     0.00 140216.00   155.88     0.68    0.38    0.00    0.38   0.38  67.60
sde               0.00  1421.00    0.00 1930.00     0.00 151228.00   156.71     0.75    0.39    0.00    0.39   0.39  74.80
sde               0.00  1457.00    0.00 1969.00     0.00 154508.00   156.94     0.82    0.42    0.00    0.42   0.41  81.20
sde               0.00  1416.00    0.00 1921.00     0.00 150164.00   156.34     0.67    0.35    0.00    0.35   0.34  66.00
sde               0.00  1329.00    0.00 1795.00     0.00 140704.00   156.77     0.76    0.42    0.00    0.42   0.42  76.00
sde               0.00  1318.00    0.00 1795.00     0.00 140196.00   156.21     0.76    0.42    0.00    0.42   0.42  74.80
sde               0.00  1459.00    0.00 1972.00     0.00 153908.00   156.09     0.74    0.37    0.00    0.37   0.37  73.60
sde               0.00  1458.00    0.00 1991.00     0.00 155128.00   155.83     0.82    0.41    0.00    0.41   0.41  81.60
sde               0.00  1363.00    0.00 1848.00     0.00 144572.00   156.46     0.72    0.39    0.00    0.39   0.39  71.20
sde               0.00  1359.00    0.00 1851.00     0.00 144624.00   156.27     0.75    0.40    0.00    0.40   0.40  74.80
sde               0.00  1344.00    0.00 1829.00     0.00 142424.00   155.74     0.73    0.40    0.00    0.40   0.40  73.20
sde               0.00  1450.00    0.00 1979.00     0.00 154020.00   155.65     0.82    0.41    0.00    0.41   0.42  82.40
sde               0.00  1368.00    0.00 1863.00     0.00 145176.00   155.85     0.79    0.43    0.00    0.43   0.42  78.40
sde               0.00  1347.00    0.00 1826.00     0.00 142424.00   156.00     0.74    0.41    0.00    0.41   0.41  74.00
sde               0.00  1310.00    0.00 1784.00     0.00 139084.00   155.92     0.77    0.43    0.00    0.43   0.43  76.00
sde               0.00  1369.00    0.00 1855.00     0.00 144628.00   155.93     0.70    0.38    0.00    0.38   0.38  69.60
sde               0.00  1380.00    0.00 1883.00     0.00 146816.00   155.94     0.64    0.34    0.00    0.34   0.34  64.40
sde               0.00  1313.00    0.00 1784.00     0.00 139092.00   155.93     0.80    0.45    0.00    0.45   0.44  79.20
sde               0.00  1389.00    0.00 1890.00     0.00 147388.00   155.97     0.64    0.34    0.00    0.34   0.34  63.60
sde               0.00  1457.00    0.00 1975.00     0.00 154536.00   156.49     0.81    0.41    0.00    0.41   0.41  80.00
sde               0.00  1394.00    0.00 1897.00     0.00 147304.00   155.30     0.73    0.39    0.00    0.39   0.39  73.20
sde               0.00  1398.00    0.00 1892.00     0.00 147920.00   156.36     0.76    0.40    0.00    0.40   0.40  76.40
sde               0.00  1408.00    0.00 1919.00     0.00 150136.00   156.47     0.79    0.41    0.00    0.41   0.41  78.80
sde               0.00  1403.00    0.00 1903.00     0.00 148484.00   156.05     0.76    0.40    0.00    0.40   0.40  76.00
sde               0.00  1321.00    0.00 1804.00     0.00 140736.00   156.03     0.73    0.41    0.00    0.41   0.40  72.40
sde               0.00  1402.00    0.00 1877.00     0.00 146368.00   155.96     0.72    0.38    0.00    0.38   0.38  72.00
sde               0.00  1325.00    0.00 1802.00     0.00 140748.00   156.21     0.77    0.43    0.00    0.43   0.42  76.40
sde               0.00  1369.00    0.00 1846.00     0.00 144596.00   156.66     0.69    0.37    0.00    0.37   0.37  68.40
sde               0.00  1376.00    0.00 1867.00     0.00 146256.00   156.67     0.71    0.38    0.00    0.38   0.38  70.80
sde               0.00  1456.00    0.00 1966.00     0.00 153468.00   156.12     0.77    0.39    0.00    0.39   0.39  76.40
sde               0.00  1321.00    0.00 1794.00     0.00 140200.00   156.30     0.78    0.43    0.00    0.43   0.43  78.00
sde               0.00  1418.00    0.00 1918.00     0.00 150116.00   156.53     0.72    0.38    0.00    0.38   0.37  71.60
sde               0.00  1306.00    0.00 1769.00     0.00 139048.00   157.21     0.74    0.42    0.00    0.42   0.42  73.60
sde               0.00  1320.00    0.00 1786.00     0.00 139628.00   156.36     0.76    0.43    0.00    0.43   0.43  76.00
sde               0.00  1480.00    0.00 2009.00     0.00 157320.00   156.62     0.82    0.41    0.00    0.41   0.41  81.60
sde               0.00  1327.00    0.00 1794.00     0.00 140180.00   156.28     0.64    0.36    0.00    0.36   0.36  64.40
sde               0.00  1431.00    0.00 1951.00     0.00 151716.00   155.53     0.80    0.41    0.00    0.41   0.41  79.20
sde               0.00  1294.00    0.00 1764.00     0.00 136896.00   155.21     0.81    0.46    0.00    0.46   0.46  80.40
sde               0.00  1442.00    0.00 1963.00     0.00 153448.00   156.34     0.71    0.37    0.00    0.37   0.36  70.40
sde               0.00  1315.00    0.00 1803.00     0.00 140164.00   155.48     0.69    0.38    0.00    0.38   0.38  69.20
