sde               0.00     0.95    0.00    1.78     0.00   124.00   139.30     0.01    3.87    1.90    3.87   0.40   0.07
sde               0.00     1.00    0.00    4.00     0.00    20.00    10.00     0.00    0.00    0.00    0.00   0.00   0.00
sde               0.00   467.00    0.00 1351.00     0.00 42688.00    63.19     0.55    0.41    0.00    0.41   0.34  45.60
sde               0.00   861.00    0.00 2572.00     0.00 84464.00    65.68     1.02    0.40    0.00    0.40   0.34  86.40
sde               0.00   826.00    0.00 2476.00     0.00 83276.00    67.27     0.94    0.38    0.00    0.38   0.33  81.20
sde               0.00   834.00    0.00 2465.00     0.00 83272.00    67.56     1.00    0.41    0.00    0.41   0.34  84.80
sde               0.00   820.00    0.00 2377.00     0.00 83964.00    70.65     0.94    0.40    0.00    0.40   0.33  79.60
sde               0.00   811.00    0.00 2442.00     0.00 80824.00    66.19     1.00    0.41    0.00    0.41   0.36  87.20
sde               0.00   875.00    0.00 2529.00     0.00 85928.00    67.95     1.02    0.40    0.00    0.40   0.34  86.80
sde               0.00   911.00    0.00 2457.00     0.00 85344.00    69.47     1.02    0.42    0.00    0.42   0.36  88.40
sde               0.00   932.00    0.00 2528.00     0.00 83096.00    65.74     1.02    0.40    0.00    0.40   0.35  88.40
sde               0.00   930.00    0.00 2528.00     0.00 82348.00    65.15     0.95    0.38    0.00    0.38   0.32  82.00
sde               0.00   887.00    0.00 2407.00     0.00 77840.00    64.68     1.02    0.42    0.00    0.42   0.36  87.20
sde               0.00   923.00    0.00 2486.00     0.00 79440.00    63.91     1.00    0.40    0.00    0.40   0.34  84.40
sde               0.00   942.00    0.00 2588.00     0.00 83340.00    64.40     0.99    0.38    0.00    0.38   0.33  85.60
sde               0.00   920.00    0.00 2514.00     0.00 80748.00    64.24     1.07    0.42    0.00    0.42   0.36  91.20
sde               0.00   954.00    0.00 2564.00     0.00 83020.00    64.76     1.00    0.39    0.00    0.39   0.33  85.20
sde               0.00   927.00    0.00 2532.00     0.00 81276.00    64.20     1.05    0.42    0.00    0.42   0.35  88.40
sde               0.00   904.00    0.00 2387.00     0.00 78948.00    66.15     0.90    0.38    0.00    0.38   0.37  87.20
sde               0.00   944.00    0.00 2480.00     0.00 82516.00    66.55     0.89    0.36    0.00    0.36   0.36  89.20
sde               0.00   949.00    0.00 2483.00     0.00 81460.00    65.61     0.93    0.37    0.00    0.37   0.36  89.60
sde               0.00   938.00    0.00 2435.00     0.00 81292.00    66.77     0.90    0.37    0.00    0.37   0.36  86.80
sde               0.00   945.00    0.00 2484.00     0.00 82524.00    66.44     0.90    0.36    0.00    0.36   0.36  88.80
sde               0.00   941.00    0.00 2482.00     0.00 82452.00    66.44     0.90    0.36    0.00    0.36   0.35  88.00
sde               0.00   936.00    0.00 2424.00     0.00 79412.00    65.52     0.92    0.38    0.00    0.38   0.37  89.20
sde               0.00   884.00    0.00 2377.00     0.00 77268.00    65.01     0.85    0.36    0.00    0.36   0.34  80.00
sde               0.00   892.00    0.00 2388.00     0.00 78084.00    65.40     0.92    0.39    0.00    0.39   0.36  86.80
sde               0.00   874.00    0.00 2315.00     0.00 75996.00    65.66     0.86    0.37    0.00    0.37   0.35  81.20
sde               0.00   913.00    0.00 2414.00     0.00 78708.00    65.21     0.92    0.38    0.00    0.38   0.36  86.40
sde               0.00   851.00    0.00 2255.00     0.00 74508.00    66.08     0.89    0.39    0.00    0.39   0.38  86.00
sde               0.00   951.00    0.00 2499.00     0.00 83372.00    66.72     0.90    0.36    0.00    0.36   0.36  90.00
sde               0.00   914.00    0.00 2379.00     0.00 78688.00    66.15     0.93    0.39    0.00    0.39   0.37  88.80
sde               0.00   933.00    0.00 2407.00     0.00 78868.00    65.53     0.88    0.36    0.00    0.36   0.35  84.40
sde               0.00   942.00    0.00 2465.00     0.00 82464.00    66.91     0.89    0.36    0.00    0.36   0.36  88.80
sde               0.00   945.00    0.00 2488.00     0.00 82548.00    66.36     0.90    0.36    0.00    0.36   0.36  90.40
sde               0.00   904.00    0.00 2381.00     0.00 77836.00    65.38     0.88    0.37    0.00    0.37   0.35  84.00
sde               0.00   928.00    0.00 2459.00     0.00 79712.00    64.83     0.92    0.37    0.00    0.37   0.34  84.80
sde               0.00   915.00    0.00 2444.00     0.00 79916.00    65.40     0.89    0.36    0.00    0.36   0.35  84.40
sde               0.00   913.00    0.00 2398.00     0.00 79068.00    65.94     0.88    0.37    0.00    0.37   0.36  86.80
sde               0.00   930.69    0.00 2455.45     0.00 80554.46    65.61     0.93    0.38    0.00    0.38   0.35  86.34
sde               0.00   938.00    0.00 2466.00     0.00 81324.00    65.96     0.93    0.38    0.00    0.38   0.35  87.20
sde               0.00   901.00    0.00 2379.00     0.00 78940.00    66.36     0.90    0.38    0.00    0.38   0.37  88.40
sde               0.00   938.00    0.00 2444.00     0.00 81448.00    66.65     0.95    0.39    0.00    0.39   0.37  91.20
sde               0.00   909.00    0.00 2372.00     0.00 78684.00    66.34     0.87    0.37    0.00    0.37   0.35  84.00
sde               0.00   901.00    0.00 2383.00     0.00 78772.00    66.11     0.93    0.39    0.00    0.39   0.37  87.60
sde               0.00   949.00    0.00 2491.00     0.00 83328.00    66.90     0.90    0.36    0.00    0.36   0.36  89.60
sde               0.00   931.00    0.00 2413.00     0.00 79676.00    66.04     0.91    0.38    0.00    0.38   0.37  89.60
sde               0.00   904.00    0.00 2426.00     0.00 78864.00    65.02     0.91    0.38    0.00    0.38   0.35  84.80
sde               0.00   892.00    0.00 2395.00     0.00 77936.00    65.08     0.94    0.39    0.00    0.39   0.36  87.20
sde               0.00   935.00    0.00 2511.00     0.00 82428.00    65.65     0.93    0.37    0.00    0.37   0.34  86.40
sde               0.00   909.00    0.00 2393.00     0.00 77900.00    65.11     0.92    0.38    0.00    0.38   0.36  87.20
sde               0.00   922.00    0.00 2426.00     0.00 78828.00    64.99     0.93    0.38    0.00    0.38   0.36  87.60
sde               0.00   943.00    0.00 2482.00     0.00 82524.00    66.50     0.90    0.36    0.00    0.36   0.36  90.00
sde               0.00   910.00    0.00 2389.00     0.00 79768.00    66.78     0.90    0.38    0.00    0.38   0.36  86.80
sde               0.00   948.00    0.00 2475.00     0.00 81428.00    65.80     0.90    0.37    0.00    0.37   0.35  86.40
sde               0.00   934.00    0.00 2463.00     0.00 81276.00    66.00     0.92    0.38    0.00    0.38   0.35  85.60
sde               0.00   862.00    0.00 2286.00     0.00 76172.00    66.64     0.92    0.40    0.00    0.40   0.38  86.40
sde               0.00   927.00    0.00 2439.00     0.00 80576.00    66.07     0.89    0.37    0.00    0.37   0.35  86.00
sde               0.00   907.00    0.00 2402.00     0.00 78872.00    65.67     0.86    0.36    0.00    0.36   0.34  82.80
sde               0.00   914.00    0.00 2441.00     0.00 79512.00    65.15     0.97    0.40    0.00    0.40   0.36  87.20
sde               0.00   936.00    0.00 2467.00     0.00 81684.00    66.22     0.90    0.36    0.00    0.36   0.36  88.80
sde               0.00   923.00    0.00 2442.00     0.00 79804.00    65.36     0.95    0.39    0.00    0.39   0.36  87.60
sde               0.00   926.00    0.00 2382.00     0.00 78780.00    66.15     0.87    0.37    0.00    0.37   0.35  84.00
sde               0.00   906.00    0.00 2407.00     0.00 79612.00    66.15     0.89    0.37    0.00    0.37   0.36  85.60
sde               0.00   927.00    0.00 2447.00     0.00 80788.00    66.03     0.90    0.37    0.00    0.37   0.36  87.20
sde               0.00   863.00    0.00 2263.00     0.00 74460.00    65.81     0.85    0.38    0.00    0.38   0.36  81.60
sde               0.00   951.00    0.00 2497.00     0.00 82248.00    65.88     0.86    0.34    0.00    0.34   0.33  82.80
sde               0.00   917.00    0.00 2417.00     0.00 79684.00    65.94     0.92    0.38    0.00    0.38   0.36  87.60
sde               0.00   940.00    0.00 2488.00     0.00 82480.00    66.30     0.90    0.36    0.00    0.36   0.35  87.20
sde               0.00   953.00    0.00 2474.00     0.00 82200.00    66.45     0.90    0.37    0.00    0.37   0.35  85.60
sde               0.00   896.00    0.00 2372.00     0.00 77036.00    64.95     0.92    0.39    0.00    0.39   0.36  85.60
sde               0.00   919.00    0.00 2417.00     0.00 80664.00    66.75     0.89    0.37    0.00    0.37   0.36  87.20
sde               0.00   918.00    0.00 2397.00     0.00 79720.00    66.52     0.90    0.37    0.00    0.37   0.37  88.00
sde               0.00   932.00    0.00 2457.00     0.00 81412.00    66.27     0.96    0.39    0.00    0.39   0.37  90.00
sde               0.00   920.00    0.00 2415.00     0.00 78808.00    65.27     0.94    0.39    0.00    0.39   0.36  88.00
sde               0.00   926.00    0.00 2451.00     0.00 81540.00    66.54     0.89    0.36    0.00    0.36   0.35  84.80
sde               0.00   927.00    0.00 2438.00     0.00 79820.00    65.48     0.89    0.37    0.00    0.37   0.35  84.80
sde               0.00   914.00    0.00 2388.00     0.00 79676.00    66.73     0.88    0.37    0.00    0.37   0.37  87.20
sde               0.00   952.00    0.00 2475.00     0.00 82240.00    66.46     0.88    0.36    0.00    0.36   0.35  86.00
sde               0.00   917.00    0.00 2414.00     0.00 79916.00    66.21     0.90    0.37    0.00    0.37   0.37  90.00
sde               0.00   936.00    0.00 2441.00     0.00 82200.00    67.35     0.89    0.36    0.00    0.36   0.36  87.60
sde               0.00   881.00    0.00 2319.00     0.00 76228.00    65.74     0.88    0.38    0.00    0.38   0.37  86.40
sde               0.00   953.00    0.00 2484.00     0.00 82256.00    66.23     0.91    0.37    0.00    0.37   0.36  89.20
sde               0.00   906.00    0.00 2402.00     0.00 79020.00    65.80     0.91    0.38    0.00    0.38   0.36  87.20
sde               0.00   908.00    0.00 2372.00     0.00 78656.00    66.32     0.92    0.39    0.00    0.39   0.37  88.40
sde               0.00   940.00    0.00 2477.00     0.00 80656.00    65.12     0.89    0.36    0.00    0.36   0.35  86.00
sde               0.00   919.00    0.00 2409.00     0.00 79904.00    66.34     0.87    0.36    0.00    0.36   0.36  86.80
sde               0.00   908.00    0.00 2381.00     0.00 79008.00    66.37     0.91    0.38    0.00    0.38   0.38  90.40
sde               0.00   960.00    0.00 2499.00     0.00 83120.00    66.52     0.91    0.37    0.00    0.37   0.36  89.20
sde               0.00   916.00    0.00 2401.00     0.00 78780.00    65.62     0.92    0.38    0.00    0.38   0.36  86.00
sde               0.00   956.00    0.00 2510.00     0.00 83424.00    66.47     0.89    0.35    0.00    0.35   0.35  88.40
sde               0.00   904.00    0.00 2364.00     0.00 79532.00    67.29     0.93    0.39    0.00    0.39   0.38  90.80
sde               0.00   976.00    0.00 2498.00     0.00 83324.00    66.71     0.88    0.35    0.00    0.35   0.35  88.40
sde               0.00   949.00    0.00 2474.00     0.00 81444.00    65.84     0.91    0.37    0.00    0.37   0.36  89.20
sde               0.00   920.00    0.00 2411.00     0.00 80680.00    66.93     0.90    0.38    0.00    0.38   0.37  90.00
sde               0.00   955.00    0.00 2495.00     0.00 83200.00    66.69     0.90    0.36    0.00    0.36   0.35  87.20
sde               0.00   928.00    0.00 2416.00     0.00 79832.00    66.09     0.84    0.35    0.00    0.35   0.35  83.60
sde               0.00   898.00    0.00 2354.00     0.00 77052.00    65.46     0.88    0.37    0.00    0.37   0.36  84.80
sde               0.00   957.00    0.00 2485.00     0.00 83992.00    67.60     0.90    0.36    0.00    0.36   0.36  89.20
sde               0.00   963.00    0.00 2509.00     0.00 83276.00    66.38     0.92    0.37    0.00    0.37   0.36  91.20
sde               0.00   910.00    0.00 2368.00     0.00 79596.00    67.23     0.88    0.37    0.00    0.37   0.36  86.00
sde               0.00   924.00    0.00 2415.00     0.00 79796.00    66.08     0.87    0.36    0.00    0.36   0.36  87.20
sde               0.00   956.00    0.00 2490.00     0.00 83208.00    66.83     0.88    0.35    0.00    0.35   0.34  85.60
sde               0.00   905.00    0.00 2360.00     0.00 78780.00    66.76     0.86    0.36    0.00    0.36   0.36  84.80
sde               0.00   919.00    0.00 2392.00     0.00 79544.00    66.51     0.92    0.39    0.00    0.39   0.37  88.80
sde               0.00   921.00    0.00 2415.00     0.00 80692.00    66.83     0.89    0.37    0.00    0.37   0.37  88.40
sde               0.00   844.00    0.00 2201.00     0.00 73456.00    66.75     0.84    0.38    0.00    0.38   0.38  83.60
sde               0.00   914.00    0.00 2401.00     0.00 78968.00    65.78     0.82    0.34    0.00    0.34   0.34  82.00
sde               0.00   952.00    0.00 2467.00     0.00 82224.00    66.66     0.88    0.36    0.00    0.36   0.35  87.20
sde               0.00   921.00    0.00 2427.00     0.00 79964.00    65.90     0.88    0.36    0.00    0.36   0.36  88.40
sde               0.00   898.00    0.00 2350.00     0.00 77948.00    66.34     0.87    0.37    0.00    0.37   0.36  84.00
sde               0.00   943.00    0.00 2453.00     0.00 81536.00    66.48     0.92    0.38    0.00    0.38   0.37  91.20
sde               0.00   899.00    0.00 2357.00     0.00 77052.00    65.38     0.88    0.37    0.00    0.37   0.36  85.60
sde               0.00   925.00    0.00 2435.00     0.00 80768.00    66.34     0.83    0.34    0.00    0.34   0.34  83.20
sde               0.00   939.00    0.00 2445.00     0.00 81504.00    66.67     0.89    0.36    0.00    0.36   0.36  89.20
sde               0.00   905.00    0.00 2360.00     0.00 78776.00    66.76     0.90    0.38    0.00    0.38   0.37  88.00
sde               0.00   942.00    0.00 2446.00     0.00 82108.00    67.14     0.90    0.36    0.00    0.36   0.36  88.40
sde               0.00   932.00    0.00 2436.00     0.00 80684.00    66.24     0.89    0.37    0.00    0.37   0.36  87.60
sde               0.00   899.00    0.00 2376.00     0.00 78936.00    66.44     0.87    0.37    0.00    0.37   0.36  84.80
sde               0.00   931.00    0.00 2389.00     0.00 79464.00    66.52     0.89    0.37    0.00    0.37   0.37  87.60
sde               0.00   941.00    0.00 2486.00     0.00 82528.00    66.39     0.89    0.36    0.00    0.36   0.35  88.00
sde               0.00   958.00    0.00 2489.00     0.00 83244.00    66.89     0.91    0.36    0.00    0.36   0.36  90.80
sde               0.00   941.00    0.00 2412.00     0.00 80648.00    66.87     0.89    0.37    0.00    0.37   0.37  88.80
sde               0.00   930.00    0.00 2408.00     0.00 80448.00    66.82     0.88    0.37    0.00    0.37   0.36  86.80
sde               0.00   951.00    0.00 2483.00     0.00 83324.00    67.12     0.89    0.36    0.00    0.36   0.36  89.20
sde               0.00   919.00    0.00 2396.00     0.00 79696.00    66.52     0.86    0.36    0.00    0.36   0.35  83.20
sde               0.00   915.00    0.00 2381.00     0.00 79652.00    66.91     0.84    0.35    0.00    0.35   0.34  81.20
sde               0.00   887.00    0.00 2302.00     0.00 76100.00    66.12     0.82    0.35    0.00    0.35   0.35  80.80
sde               0.00   948.00    0.00 2486.00     0.00 83316.00    67.03     0.88    0.35    0.00    0.35   0.35  87.20
sde               0.00   912.00    0.00 2402.00     0.00 79652.00    66.32     0.93    0.39    0.00    0.39   0.37  88.40
sde               0.00   940.00    0.00 2424.00     0.00 80396.00    66.33     0.82    0.34    0.00    0.34   0.34  81.60
sde               0.00   894.00    0.00 2346.00     0.00 78828.00    67.20     0.87    0.37    0.00    0.37   0.36  85.60
sde               0.00   940.00    0.00 2449.00     0.00 82404.00    67.30     0.90    0.37    0.00    0.37   0.37  89.60
sde               0.00   953.00    0.00 2500.00     0.00 83220.00    66.58     0.88    0.35    0.00    0.35   0.34  86.00
sde               0.00   917.00    0.00 2355.00     0.00 78548.00    66.71     0.89    0.38    0.00    0.38   0.37  87.20
sde               0.00   944.00    0.00 2469.00     0.00 82484.00    66.82     0.89    0.36    0.00    0.36   0.36  88.80
sde               0.00   883.00    0.00 2354.00     0.00 77244.00    65.63     0.88    0.38    0.00    0.38   0.36  85.20
sde               0.00   934.00    0.00 2412.00     0.00 80464.00    66.72     0.92    0.38    0.00    0.38   0.37  89.20
sde               0.00   943.00    0.00 2446.00     0.00 81364.00    66.53     0.88    0.36    0.00    0.36   0.35  86.80
sde               0.00   930.00    0.00 2444.00     0.00 81588.00    66.77     0.88    0.36    0.00    0.36   0.36  88.00
sde               0.00   925.00    0.00 2390.00     0.00 79720.00    66.71     0.89    0.37    0.00    0.37   0.36  87.20
sde               0.00   926.00    0.00 2427.00     0.00 81392.00    67.07     0.84    0.35    0.00    0.35   0.34  83.20
sde               0.00   867.00    0.00 2246.00     0.00 74292.00    66.15     0.84    0.37    0.00    0.37   0.35  79.60
sde               0.00   938.00    0.00 2467.00     0.00 82452.00    66.84     0.85    0.35    0.00    0.35   0.34  84.80
sde               0.00   939.00    0.00 2465.00     0.00 81508.00    66.13     0.91    0.37    0.00    0.37   0.36  88.00
sde               0.00   924.00    0.00 2393.00     0.00 79620.00    66.54     0.89    0.37    0.00    0.37   0.37  88.00
sde               0.00   923.00    0.00 2406.00     0.00 80536.00    66.95     0.87    0.36    0.00    0.36   0.36  86.80
sde               0.00   946.00    0.00 2469.00     0.00 82500.00    66.83     0.92    0.37    0.00    0.37   0.37  92.00
sde               0.00   918.00    0.00 2393.00     0.00 80488.00    67.27     0.86    0.36    0.00    0.36   0.36  86.40
sde               0.00   951.00    0.00 2466.00     0.00 81284.00    65.92     0.88    0.36    0.00    0.36   0.34  84.40
sde               0.00   912.00    0.00 2392.00     0.00 79824.00    66.74     0.90    0.38    0.00    0.38   0.38  90.00
sde               0.00   931.00    0.00 2429.00     0.00 80776.00    66.51     0.88    0.36    0.00    0.36   0.36  88.00
sde               0.00   937.00    0.00 2406.00     0.00 79836.00    66.36     0.88    0.36    0.00    0.36   0.35  84.80
sde               0.00   952.00    0.00 2477.00     0.00 82112.00    66.30     0.94    0.38    0.00    0.38   0.37  91.60
sde               0.00   925.00    0.00 2410.00     0.00 80704.00    66.97     0.87    0.36    0.00    0.36   0.36  86.80
sde               0.00   936.00    0.00 2445.00     0.00 81480.00    66.65     0.87    0.36    0.00    0.36   0.36  86.80
sde               0.00   932.00    0.00 2429.00     0.00 80644.00    66.40     0.88    0.36    0.00    0.36   0.36  86.80
sde               0.00   923.00    0.00 2404.00     0.00 79608.00    66.23     0.90    0.37    0.00    0.37   0.36  87.60
sde               0.00   938.00    0.00 2454.00     0.00 82420.00    67.17     0.87    0.35    0.00    0.35   0.35  86.80
sde               0.00   920.00    0.00 2386.00     0.00 79708.00    66.81     0.88    0.37    0.00    0.37   0.37  87.20
sde               0.00   922.00    0.00 2395.00     0.00 79592.00    66.47     0.87    0.37    0.00    0.37   0.36  85.60
sde               0.00   906.00    0.00 2365.00     0.00 78804.00    66.64     0.90    0.38    0.00    0.38   0.37  88.00
sde               0.00   930.00    0.00 2436.00     0.00 81560.00    66.96     0.88    0.36    0.00    0.36   0.36  88.40
sde               0.00   943.00    0.00 2457.00     0.00 81552.00    66.38     0.91    0.37    0.00    0.37   0.37  90.40
sde               0.00   918.00    0.00 2413.00     0.00 79588.00    65.97     0.95    0.39    0.00    0.39   0.37  90.40
sde               0.00   940.00    0.00 2450.00     0.00 81512.00    66.54     0.90    0.37    0.00    0.37   0.36  89.20
sde               0.00   933.00    0.00 2429.00     0.00 81404.00    67.03     0.94    0.38    0.00    0.38   0.38  92.00
sde               0.00   894.00    0.00 2345.00     0.00 77952.00    66.48     0.85    0.37    0.00    0.37   0.36  84.40
sde               0.00   914.00    0.00 2378.00     0.00 77956.00    65.56     0.90    0.38    0.00    0.38   0.37  88.00
sde               0.00   893.00    0.00 2352.00     0.00 78096.00    66.41     0.89    0.38    0.00    0.38   0.38  89.20
sde               0.00   937.00    0.00 2443.00     0.00 81472.00    66.70     0.90    0.37    0.00    0.37   0.36  88.40
sde               0.00   929.00    0.00 2428.00     0.00 80628.00    66.42     0.88    0.36    0.00    0.36   0.36  87.60
sde               0.00   887.00    0.00 2325.00     0.00 76152.00    65.51     0.84    0.36    0.00    0.36   0.36  82.80
sde               0.00   919.00    0.00 2409.00     0.00 80676.00    66.98     0.83    0.35    0.00    0.35   0.35  83.20
sde               0.00   953.00    0.00 2493.00     0.00 82468.00    66.16     0.91    0.36    0.00    0.36   0.36  90.40
sde               0.00   916.00    0.00 2390.00     0.00 79680.00    66.68     0.89    0.37    0.00    0.37   0.36  86.40
sde               0.00   923.00    0.00 2413.00     0.00 79672.00    66.04     0.90    0.37    0.00    0.37   0.37  89.60
sde               0.00   933.00    0.00 2440.00     0.00 81588.00    66.88     0.91    0.37    0.00    0.37   0.37  90.40
sde               0.00   903.00    0.00 2367.00     0.00 78056.00    65.95     0.88    0.38    0.00    0.38   0.37  88.40
sde               0.00   946.00    0.00 2471.00     0.00 81452.00    65.93     0.86    0.35    0.00    0.35   0.34  84.80
sde               0.00   943.00    0.00 2464.00     0.00 81556.00    66.20     0.88    0.36    0.00    0.36   0.35  87.20
sde               0.00   897.00    0.00 2354.00     0.00 78880.00    67.02     0.89    0.38    0.00    0.38   0.38  88.40
sde               0.00   965.00    0.00 2491.00     0.00 81728.00    65.62     0.89    0.36    0.00    0.36   0.35  87.20
sde               0.00   929.00    0.00 2399.00     0.00 80244.00    66.90     0.92    0.38    0.00    0.38   0.37  88.80
sde               0.00   917.00    0.00 2402.00     0.00 79872.00    66.50     0.86    0.36    0.00    0.36   0.36  85.60
sde               0.00   909.00    0.00 2364.00     0.00 79712.00    67.44     0.89    0.38    0.00    0.38   0.38  88.80
sde               0.00   916.00    0.00 2423.00     0.00 79620.00    65.72     0.89    0.37    0.00    0.37   0.35  84.40
sde               0.00   925.00    0.00 2399.00     0.00 79604.00    66.36     0.91    0.38    0.00    0.38   0.37  87.60
sde               0.00   902.00    0.00 2360.00     0.00 78920.00    66.88     0.84    0.35    0.00    0.35   0.35  83.20
sde               0.00   938.00    0.00 2453.00     0.00 81468.00    66.42     0.87    0.36    0.00    0.36   0.35  84.80
sde               0.00   921.00    0.00 2383.00     0.00 79548.00    66.76     0.90    0.38    0.00    0.38   0.37  88.00
sde               0.00   939.00    0.00 2464.00     0.00 82296.00    66.80     0.90    0.37    0.00    0.37   0.36  87.60
sde               0.00   954.00    0.00 2491.00     0.00 83356.00    66.93     0.91    0.36    0.00    0.36   0.36  90.80
sde               0.00   911.00    0.00 2366.00     0.00 79608.00    67.29     0.87    0.37    0.00    0.37   0.36  85.60
sde               0.00   942.00    0.00 2458.00     0.00 81372.00    66.21     0.86    0.35    0.00    0.35   0.34  84.40
sde               0.00   917.00    0.00 2413.00     0.00 78968.00    65.45     0.90    0.37    0.00    0.37   0.36  87.20
sde               0.00   932.00    0.00 2449.00     0.00 81608.00    66.65     0.88    0.36    0.00    0.36   0.36  88.40
sde               0.00   916.00    0.00 2392.00     0.00 78936.00    66.00     0.87    0.37    0.00    0.37   0.36  86.40
sde               0.00   947.00    0.00 2465.00     0.00 82192.00    66.69     0.89    0.36    0.00    0.36   0.35  87.20
sde               0.00   929.00    0.00 2422.00     0.00 80604.00    66.56     0.91    0.37    0.00    0.37   0.37  90.40
sde               0.00   941.00    0.00 2481.00     0.00 81736.00    65.89     0.92    0.37    0.00    0.37   0.37  90.80
sde               0.00   953.00    0.00 2491.00     0.00 82280.00    66.06     0.92    0.37    0.00    0.37   0.36  89.20
sde               0.00   913.00    0.00 2366.00     0.00 79472.00    67.18     0.86    0.36    0.00    0.36   0.36  84.40
sde               0.00   883.00    0.00 2318.00     0.00 77188.00    66.60     0.77    0.33    0.00    0.33   0.33  77.20
sde               0.00   924.00    0.00 2405.00     0.00 80512.00    66.95     0.88    0.37    0.00    0.37   0.36  86.40
sde               0.00   925.00    0.00 2423.00     0.00 79684.00    65.77     0.88    0.36    0.00    0.36   0.36  86.80
sde               0.00   867.00    0.00 2276.00     0.00 75300.00    66.17     0.82    0.36    0.00    0.36   0.36  81.60
sde               0.00   894.00    0.00 2347.00     0.00 78840.00    67.18     0.84    0.36    0.00    0.36   0.36  84.00
sde               0.00   897.00    0.00 2338.00     0.00 77160.00    66.01     0.86    0.37    0.00    0.37   0.36  84.40
sde               0.00   929.00    0.00 2427.00     0.00 80492.00    66.33     0.86    0.36    0.00    0.36   0.35  85.60
sde               0.00   900.00    0.00 2356.00     0.00 77960.00    66.18     0.90    0.38    0.00    0.38   0.37  86.40
sde               0.00   930.00    0.00 2438.00     0.00 81564.00    66.91     0.88    0.36    0.00    0.36   0.36  88.00
sde               0.00   935.00    0.00 2386.00     0.00 79764.00    66.86     0.89    0.37    0.00    0.37   0.37  88.40
sde               0.00   934.00    0.00 2439.00     0.00 79760.00    65.40     0.88    0.36    0.00    0.36   0.35  86.00
sde               0.00   896.00    0.00 2359.00     0.00 77956.00    66.09     0.89    0.38    0.00    0.38   0.37  87.20
sde               0.00   946.00    0.00 2474.00     0.00 82500.00    66.69     0.85    0.34    0.00    0.34   0.34  84.80
sde               0.00   906.00    0.00 2360.00     0.00 78792.00    66.77     0.89    0.38    0.00    0.38   0.37  88.00
sde               0.00   936.00    0.00 2425.00     0.00 80520.00    66.41     0.86    0.36    0.00    0.36   0.35  86.00
sde               0.00   916.00    0.00 2389.00     0.00 79696.00    66.72     0.86    0.36    0.00    0.36   0.36  85.60
sde               0.00   948.00    0.00 2479.00     0.00 82528.00    66.58     0.88    0.35    0.00    0.35   0.35  87.20
sde               0.00   923.00    0.00 2395.00     0.00 80344.00    67.09     0.88    0.37    0.00    0.37   0.36  86.00
sde               0.00   949.00    0.00 2476.00     0.00 81464.00    65.80     0.89    0.36    0.00    0.36   0.36  88.00
sde               0.00   840.00    0.00 2216.00     0.00 73636.00    66.46     0.84    0.38    0.00    0.38   0.38  83.20
sde               0.00   932.00    0.00 2419.00     0.00 80620.00    66.66     0.86    0.35    0.00    0.35   0.35  85.60
sde               0.00   897.00    0.00 2354.00     0.00 77984.00    66.26     0.88    0.37    0.00    0.37   0.37  86.40
sde               0.00   947.00    0.00 2466.00     0.00 81412.00    66.03     0.89    0.36    0.00    0.36   0.35  87.20
sde               0.00   894.00    0.00 2346.00     0.00 78848.00    67.22     0.86    0.37    0.00    0.37   0.37  86.40
sde               0.00   903.00    0.00 2339.00     0.00 77952.00    66.65     0.86    0.37    0.00    0.37   0.37  85.60
sde               0.00   933.00    0.00 2438.00     0.00 80544.00    66.07     0.86    0.35    0.00    0.35   0.35  84.40
sde               0.00   886.00    0.00 2341.00     0.00 77100.00    65.87     0.88    0.38    0.00    0.38   0.37  85.60
sde               0.00   889.00    0.00 2324.00     0.00 77988.00    67.12     0.81    0.35    0.00    0.35   0.35  80.80
sde               0.00   901.00    0.00 2361.00     0.00 78024.00    66.09     0.86    0.36    0.00    0.36   0.36  84.40
sde               0.00   923.00    0.00 2394.00     0.00 79612.00    66.51     0.83    0.35    0.00    0.35   0.35  82.80
sde               0.00   890.00    0.00 2347.00     0.00 77148.00    65.74     0.86    0.37    0.00    0.37   0.36  85.60
sde               0.00   936.00    0.00 2456.00     0.00 81644.00    66.49     0.90    0.36    0.00    0.36   0.36  89.60
sde               0.00   910.00    0.00 2349.00     0.00 79556.00    67.74     0.85    0.36    0.00    0.36   0.36  84.00
sde               0.00   931.00    0.00 2425.00     0.00 81228.00    66.99     0.89    0.37    0.00    0.37   0.35  84.80
sde               0.00   894.00    0.00 2347.00     0.00 77936.00    66.41     0.86    0.37    0.00    0.37   0.36  85.20
sde               0.00   943.00    0.00 2460.00     0.00 82448.00    67.03     0.86    0.35    0.00    0.35   0.35  85.60
sde               0.00   918.00    0.00 2394.00     0.00 79596.00    66.50     0.88    0.37    0.00    0.37   0.37  87.60
sde               0.00   887.00    0.00 2315.00     0.00 77072.00    66.58     0.85    0.37    0.00    0.37   0.37  84.80
sde               0.00   892.00    0.00 2329.00     0.00 77100.00    66.21     0.88    0.38    0.00    0.38   0.37  86.80
sde               0.00   959.00    0.00 2465.00     0.00 81620.00    66.22     0.85    0.35    0.00    0.35   0.34  84.00
sde               0.00   906.00    0.00 2367.00     0.00 78804.00    66.59     0.91    0.39    0.00    0.39   0.38  89.60
sde               0.00   928.00    0.00 2422.00     0.00 80604.00    66.56     0.87    0.36    0.00    0.36   0.36  86.00
sde               0.00   898.00    0.00 2350.00     0.00 77968.00    66.36     0.88    0.38    0.00    0.38   0.37  88.00
sde               0.00   931.00    0.00 2430.00     0.00 80640.00    66.37     0.88    0.36    0.00    0.36   0.36  86.40
sde               0.00   943.00    0.00 2453.00     0.00 82148.00    66.98     0.88    0.36    0.00    0.36   0.36  87.20
sde               0.00   907.00    0.00 2357.00     0.00 78816.00    66.88     0.90    0.38    0.00    0.38   0.38  90.40
sde               0.00   925.00    0.00 2425.00     0.00 80748.00    66.60     0.89    0.37    0.00    0.37   0.37  88.80
sde               0.00   938.00    0.00 2430.00     0.00 81452.00    67.04     0.86    0.36    0.00    0.36   0.35  86.00
sde               0.00   907.00    0.00 2349.00     0.00 77876.00    66.31     0.88    0.37    0.00    0.37   0.37  87.20
sde               0.00   919.00    0.00 2415.00     0.00 79776.00    66.07     0.89    0.37    0.00    0.37   0.37  88.40
sde               0.00   931.00    0.00 2438.00     0.00 81576.00    66.92     0.86    0.35    0.00    0.35   0.35  86.40
sde               0.00   936.00    0.00 2444.00     0.00 80716.00    66.05     0.83    0.34    0.00    0.34   0.34  82.00
sde               0.00   910.00    0.00 2372.00     0.00 79464.00    67.00     0.88    0.37    0.00    0.37   0.36  85.60
sde               0.00   877.00    0.00 2294.00     0.00 75432.00    65.76     0.83    0.36    0.00    0.36   0.36  83.20
sde               0.00   909.00    0.00 2381.00     0.00 79640.00    66.90     0.85    0.36    0.00    0.36   0.35  84.40
sde               0.00   926.00    0.00 2411.00     0.00 81460.00    67.57     0.90    0.37    0.00    0.37   0.37  89.20
sde               0.00   894.00    0.00 2323.00     0.00 76212.00    65.62     0.88    0.38    0.00    0.38   0.37  86.80
sde               0.00   918.00    0.00 2408.00     0.00 80524.00    66.88     0.82    0.34    0.00    0.34   0.34  81.60
sde               0.00   903.00    0.00 2358.00     0.00 78772.00    66.81     0.91    0.39    0.00    0.39   0.38  88.80
sde               0.00   936.00    0.00 2441.00     0.00 81468.00    66.75     0.85    0.35    0.00    0.35   0.35  84.80
sde               0.00   946.00    0.00 2461.00     0.00 81416.00    66.16     0.88    0.36    0.00    0.36   0.35  86.80
sde               0.00   911.00    0.00 2383.00     0.00 79792.00    66.97     0.86    0.36    0.00    0.36   0.36  86.00
sde               0.00   935.00    0.00 2465.00     0.00 81464.00    66.10     0.91    0.37    0.00    0.37   0.35  86.00
sde               0.00   958.00    0.00 2486.00     0.00 82308.00    66.22     0.92    0.37    0.00    0.37   0.36  90.40
sde               0.00   906.00    0.00 2388.00     0.00 78864.00    66.05     0.88    0.37    0.00    0.37   0.36  86.00
sde               0.00   936.00    0.00 2449.00     0.00 81624.00    66.66     0.87    0.36    0.00    0.36   0.36  87.20
sde               0.00   910.00    0.00 2368.00     0.00 79592.00    67.22     0.91    0.38    0.00    0.38   0.37  88.40
sde               0.00   946.00    0.00 2456.00     0.00 81428.00    66.31     0.86    0.35    0.00    0.35   0.35  85.20
sde               0.00   880.00    0.00 2327.00     0.00 76284.00    65.56     0.86    0.37    0.00    0.37   0.37  85.60
sde               0.00   948.00    0.00 2446.00     0.00 80904.00    66.15     0.88    0.36    0.00    0.36   0.36  87.60
sde               0.00   900.00    0.00 2363.00     0.00 77992.00    66.01     0.89    0.38    0.00    0.38   0.37  86.80
sde               0.00   917.00    0.00 2376.00     0.00 79504.00    66.92     0.86    0.36    0.00    0.36   0.35  82.00
sde               0.00   908.00    0.00 2363.00     0.00 79568.00    67.34     0.89    0.38    0.00    0.38   0.37  87.20
sde               0.00   896.00    0.00 2352.00     0.00 78104.00    66.41     0.86    0.37    0.00    0.37   0.36  85.60
sde               0.00   924.00    0.00 2403.00     0.00 79768.00    66.39     0.90    0.38    0.00    0.38   0.37  88.80
sde               0.00   942.00    0.00 2444.00     0.00 81192.00    66.44     0.92    0.37    0.00    0.37   0.36  87.60
sde               0.00   861.00    0.00 2266.00     0.00 74640.00    65.88     0.81    0.36    0.00    0.36   0.36  81.20
sde               0.00   894.00    0.00 2329.00     0.00 77876.00    66.88     0.89    0.38    0.00    0.38   0.38  88.00
sde               0.00   892.00    0.00 2339.00     0.00 77144.00    65.96     0.83    0.36    0.00    0.36   0.35  82.00
sde               0.00   901.00    0.00 2340.00     0.00 78540.00    67.13     0.80    0.35    0.00    0.35   0.34  78.40
sde               0.00   898.00    0.00 2365.00     0.00 78156.00    66.09     0.84    0.36    0.00    0.36   0.35  83.60
sde               0.00   925.00    0.00 2416.00     0.00 80564.00    66.69     0.90    0.37    0.00    0.37   0.37  88.40
sde               0.00   839.00    0.00 2189.00     0.00 72656.00    66.38     0.81    0.37    0.00    0.37   0.37  80.40
sde               0.00   944.00    0.00 2453.00     0.00 82864.00    67.56     0.92    0.37    0.00    0.37   0.36  87.20
sde               0.00   887.00    0.00 2333.00     0.00 77248.00    66.22     0.89    0.38    0.00    0.38   0.38  88.80
sde               0.00   933.00    0.00 2431.00     0.00 82180.00    67.61     0.83    0.34    0.00    0.34   0.34  82.80
sde               0.00   884.00    0.00 2299.00     0.00 76236.00    66.32     0.86    0.38    0.00    0.38   0.37  85.20
sde               0.00   933.00    0.00 2428.00     0.00 81244.00    66.92     0.86    0.35    0.00    0.35   0.35  84.80
sde               0.00   878.00    0.00 2305.00     0.00 76360.00    66.26     0.80    0.35    0.00    0.35   0.35  79.60
sde               0.00   933.00    0.00 2425.00     0.00 81404.00    67.14     0.83    0.34    0.00    0.34   0.34  83.20
sde               0.00   895.00    0.00 2339.00     0.00 77928.00    66.63     0.88    0.38    0.00    0.38   0.37  86.80
sde               0.00   913.00    0.00 2371.00     0.00 78732.00    66.41     0.84    0.35    0.00    0.35   0.35  84.00
sde               0.00   902.00    0.00 2364.00     0.00 78932.00    66.78     0.88    0.37    0.00    0.37   0.37  87.60
sde               0.00   925.00    0.00 2412.00     0.00 81324.00    67.43     0.89    0.37    0.00    0.37   0.36  86.00
sde               0.00   905.00    0.00 2382.00     0.00 78704.00    66.08     0.88    0.37    0.00    0.37   0.35  84.40
