sde               0.00     1.12    0.00    2.19     0.00   142.76   130.64     0.01    3.23    1.91    3.23   0.40   0.09
sde               0.00     1.00    0.00    4.00     0.00    20.00    10.00     0.00    0.00    0.00    0.00   0.00   0.00
sde               0.00   465.00    0.00 1438.00     0.00 45988.00    63.96     0.64    0.45    0.00    0.45   0.36  51.60
sde               0.00   779.00    0.00 2577.00     0.00 88704.00    68.84     1.19    0.46    0.00    0.46   0.35  89.20
sde               0.00   769.00    0.00 2538.00     0.00 86264.00    67.98     1.15    0.45    0.00    0.45   0.35  88.80
sde               0.00   794.00    0.00 2505.00     0.00 90844.00    72.53     1.14    0.45    0.00    0.45   0.34  86.00
sde               0.00   737.00    0.00 2448.00     0.00 81924.00    66.93     1.12    0.46    0.00    0.46   0.36  88.40
sde               0.00   789.00    0.00 2585.00     0.00 85332.00    66.02     1.11    0.43    0.00    0.43   0.34  88.40
sde               0.00   774.00    0.00 2405.00     0.00 87028.00    72.37     1.18    0.49    0.00    0.49   0.37  88.40
sde               0.00   840.00    0.00 2459.00     0.00 91536.00    74.45     1.08    0.44    0.00    0.44   0.35  86.80
sde               0.00   804.00    0.00 2469.00     0.00 81608.00    66.11     1.08    0.44    0.00    0.44   0.36  88.40
sde               0.00   832.00    0.00 2541.00     0.00 84236.00    66.30     1.14    0.45    0.00    0.45   0.35  90.00
sde               0.00   857.00    0.00 2531.00     0.00 83900.00    66.30     1.20    0.48    0.00    0.48   0.36  90.80
sde               0.00   805.00    0.00 2472.00     0.00 80348.00    65.01     1.05    0.42    0.00    0.42   0.36  89.20
sde               0.00   819.00    0.00 2506.00     0.00 82924.00    66.18     1.13    0.45    0.00    0.45   0.36  90.80
sde               0.00   852.00    0.00 2574.00     0.00 84284.00    65.49     1.06    0.41    0.00    0.41   0.33  85.20
sde               0.00   822.00    0.00 2402.00     0.00 82272.00    68.50     1.11    0.46    0.00    0.46   0.37  89.20
sde               0.00   857.00    0.00 2472.00     0.00 81852.00    66.22     1.07    0.43    0.00    0.43   0.37  90.40
sde               0.00   892.00    0.00 2527.00     0.00 85588.00    67.74     1.05    0.42    0.00    0.42   0.35  89.20
sde               0.00   820.00    0.00 2380.00     0.00 79012.00    66.40     0.99    0.42    0.00    0.42   0.36  85.20
sde               0.00   881.00    0.00 2490.00     0.00 83936.00    67.42     1.06    0.43    0.00    0.43   0.36  90.00
sde               0.00   856.00    0.00 2503.00     0.00 83112.00    66.41     1.12    0.45    0.00    0.45   0.36  91.20
sde               0.00   835.00    0.00 2418.00     0.00 81608.00    67.50     1.02    0.42    0.00    0.42   0.36  87.20
sde               0.00   880.00    0.00 2495.00     0.00 82792.00    66.37     1.06    0.42    0.00    0.42   0.36  89.60
sde               0.00   827.00    0.00 2405.00     0.00 80244.00    66.73     1.09    0.45    0.00    0.45   0.37  89.60
sde               0.00   843.00    0.00 2425.00     0.00 81660.00    67.35     1.01    0.42    0.00    0.42   0.36  86.40
sde               0.00   871.00    0.00 2489.00     0.00 83032.00    66.72     1.04    0.42    0.00    0.42   0.36  88.80
sde               0.00   840.00    0.00 2430.00     0.00 81344.00    66.95     1.06    0.44    0.00    0.44   0.37  89.60
sde               0.00   860.00    0.00 2492.00     0.00 83088.00    66.68     1.02    0.41    0.00    0.41   0.35  88.40
sde               0.00   852.00    0.00 2429.00     0.00 81744.00    67.31     1.04    0.43    0.00    0.43   0.37  90.40
sde               0.00   831.00    0.00 2425.00     0.00 81484.00    67.20     1.07    0.44    0.00    0.44   0.36  88.40
sde               0.00   864.00    0.00 2465.00     0.00 81504.00    66.13     1.07    0.43    0.00    0.43   0.37  91.20
sde               0.00   891.00    0.00 2544.00     0.00 84560.00    66.48     1.01    0.40    0.00    0.40   0.35  88.40
sde               0.00   840.00    0.00 2391.00     0.00 81456.00    68.14     0.99    0.42    0.00    0.42   0.36  86.80
sde               0.00   867.00    0.00 2487.00     0.00 82888.00    66.66     1.01    0.41    0.00    0.41   0.35  87.60
sde               0.00   844.00    0.00 2463.00     0.00 83984.00    68.20     0.99    0.40    0.00    0.40   0.35  86.00
sde               0.00   847.00    0.00 2427.00     0.00 80552.00    66.38     1.01    0.42    0.00    0.42   0.37  89.60
sde               0.00   848.00    0.00 2439.00     0.00 81612.00    66.92     1.00    0.41    0.00    0.41   0.35  85.60
sde               0.00   873.00    0.00 2477.00     0.00 82708.00    66.78     0.94    0.38    0.00    0.38   0.34  84.80
sde               0.00   837.00    0.00 2405.00     0.00 80444.00    66.90     1.03    0.43    0.00    0.43   0.37  88.00
sde               0.00   848.00    0.00 2456.00     0.00 82964.00    67.56     0.95    0.39    0.00    0.39   0.35  86.40
sde               0.00   829.00    0.00 2357.00     0.00 80152.00    68.01     1.02    0.43    0.00    0.43   0.37  87.60
sde               0.00   892.00    0.00 2518.00     0.00 84080.00    66.78     1.04    0.41    0.00    0.41   0.36  91.60
sde               0.00   859.00    0.00 2485.00     0.00 83088.00    66.87     1.08    0.44    0.00    0.44   0.37  92.80
sde               0.00   864.00    0.00 2449.00     0.00 82868.00    67.67     1.06    0.43    0.00    0.43   0.37  91.20
sde               0.00   830.00    0.00 2396.00     0.00 78988.00    65.93     0.90    0.38    0.00    0.38   0.33  79.20
sde               0.00   852.00    0.00 2444.00     0.00 81656.00    66.82     1.04    0.43    0.00    0.43   0.37  91.60
sde               0.00   900.00    0.00 2557.00     0.00 85724.00    67.05     1.03    0.41    0.00    0.41   0.35  89.60
sde               0.00   858.00    0.00 2414.00     0.00 81564.00    67.58     1.04    0.43    0.00    0.43   0.38  91.20
sde               0.00   839.00    0.00 2422.00     0.00 80136.00    66.17     1.02    0.42    0.00    0.42   0.36  86.80
sde               0.00   831.00    0.00 2445.00     0.00 80552.00    65.89     1.06    0.43    0.00    0.43   0.36  89.20
sde               0.00   868.00    0.00 2415.00     0.00 81780.00    67.73     0.98    0.40    0.00    0.40   0.38  91.60
sde               0.00   821.00    0.00 2299.00     0.00 77696.00    67.59     0.90    0.39    0.00    0.39   0.36  83.60
sde               0.00   904.00    0.00 2449.00     0.00 82840.00    67.65     0.91    0.37    0.00    0.37   0.37  89.60
sde               0.00   856.00    0.00 2375.00     0.00 80508.00    67.80     0.90    0.38    0.00    0.38   0.37  86.80
sde               0.00   912.00    0.00 2472.00     0.00 85496.00    69.17     0.92    0.37    0.00    0.37   0.37  90.80
sde               0.00   899.00    0.00 2440.00     0.00 82936.00    67.98     0.94    0.39    0.00    0.39   0.38  92.40
sde               0.00   863.00    0.00 2357.00     0.00 80360.00    68.19     0.89    0.38    0.00    0.38   0.37  87.20
sde               0.00   900.00    0.00 2460.00     0.00 84384.00    68.60     0.91    0.37    0.00    0.37   0.37  90.80
sde               0.00   885.00    0.00 2394.00     0.00 82856.00    69.22     0.88    0.37    0.00    0.37   0.36  86.00
sde               0.00   838.00    0.00 2314.00     0.00 78700.00    68.02     0.90    0.39    0.00    0.39   0.36  83.20
sde               0.00   885.00    0.00 2439.00     0.00 83116.00    68.16     0.89    0.36    0.00    0.36   0.36  88.80
sde               0.00   898.00    0.00 2455.00     0.00 83212.00    67.79     0.87    0.36    0.00    0.36   0.34  84.00
sde               0.00   876.00    0.00 2390.00     0.00 81668.00    68.34     0.94    0.39    0.00    0.39   0.38  91.20
sde               0.00   914.00    0.00 2455.00     0.00 84064.00    68.48     0.92    0.37    0.00    0.37   0.37  91.60
sde               0.00   836.00    0.00 2374.00     0.00 80388.00    67.72     0.94    0.39    0.00    0.39   0.36  86.00
sde               0.00   854.00    0.00 2401.00     0.00 80432.00    67.00     0.88    0.37    0.00    0.37   0.34  82.00
sde               0.00   843.00    0.00 2414.00     0.00 81420.00    67.46     1.00    0.41    0.00    0.41   0.35  84.40
sde               0.00   885.00    0.00 2467.00     0.00 84196.00    68.26     0.99    0.40    0.00    0.40   0.36  89.60
sde               0.00   872.00    0.00 2392.00     0.00 81780.00    68.38     0.88    0.37    0.00    0.37   0.36  87.20
sde               0.00   855.00    0.00 2347.00     0.00 80296.00    68.42     0.88    0.37    0.00    0.37   0.37  86.00
sde               0.00   885.00    0.00 2370.00     0.00 82532.00    69.65     0.90    0.38    0.00    0.38   0.37  88.00
sde               0.00   850.00    0.00 2329.00     0.00 79216.00    68.03     0.90    0.38    0.00    0.38   0.38  88.80
sde               0.00   895.00    0.00 2436.00     0.00 84292.00    69.21     0.86    0.35    0.00    0.35   0.35  86.40
sde               0.00   852.00    0.00 2327.00     0.00 80228.00    68.95     0.92    0.40    0.00    0.40   0.38  88.40
sde               0.00   885.00    0.00 2411.00     0.00 82652.00    68.56     0.94    0.39    0.00    0.39   0.38  90.80
sde               0.00   861.00    0.00 2432.00     0.00 81828.00    67.29     0.92    0.38    0.00    0.38   0.36  87.20
sde               0.00   852.00    0.00 2343.00     0.00 80268.00    68.52     0.86    0.37    0.00    0.37   0.36  83.20
sde               0.00   857.00    0.00 2417.00     0.00 81492.00    67.43     1.02    0.43    0.00    0.43   0.37  90.00
sde               0.00   867.00    0.00 2408.00     0.00 81672.00    67.83     0.90    0.37    0.00    0.37   0.36  86.00
sde               0.00   879.00    0.00 2397.00     0.00 81828.00    68.28     0.89    0.37    0.00    0.37   0.37  88.80
sde               0.00   908.00    0.00 2457.00     0.00 84288.00    68.61     0.89    0.36    0.00    0.36   0.36  87.60
sde               0.00   905.00    0.00 2457.00     0.00 84016.00    68.39     0.96    0.39    0.00    0.39   0.38  93.20
sde               0.00   835.00    0.00 2285.00     0.00 77864.00    68.15     0.86    0.37    0.00    0.37   0.37  85.20
sde               0.00   905.00    0.00 2479.00     0.00 85612.00    69.07     0.88    0.36    0.00    0.36   0.35  88.00
sde               0.00   879.00    0.00 2363.00     0.00 81604.00    69.07     0.88    0.37    0.00    0.37   0.37  87.60
sde               0.00   905.00    0.00 2485.00     0.00 84088.00    67.68     0.90    0.36    0.00    0.36   0.35  86.80
sde               0.00   869.00    0.00 2403.00     0.00 81796.00    68.08     0.88    0.37    0.00    0.37   0.37  88.00
sde               0.00   858.00    0.00 2321.00     0.00 80236.00    69.14     0.90    0.39    0.00    0.39   0.38  88.00
sde               0.00   897.00    0.00 2439.00     0.00 84052.00    68.92     0.93    0.38    0.00    0.38   0.36  87.20
sde               0.00   884.00    0.00 2443.00     0.00 84128.00    68.87     0.90    0.37    0.00    0.37   0.36  88.00
sde               0.00   878.00    0.00 2391.00     0.00 81804.00    68.43     0.92    0.38    0.00    0.38   0.38  92.00
sde               0.00   930.00    0.00 2478.00     0.00 84452.00    68.16     0.91    0.37    0.00    0.37   0.36  90.00
sde               0.00   838.00    0.00 2356.00     0.00 79952.00    67.87     0.98    0.42    0.00    0.42   0.37  86.00
sde               0.00   854.00    0.00 2371.00     0.00 80488.00    67.89     0.92    0.39    0.00    0.39   0.38  89.20
sde               0.00   883.00    0.00 2444.00     0.00 82984.00    67.91     0.94    0.38    0.00    0.38   0.36  88.80
sde               0.00   900.00    0.00 2465.00     0.00 84264.00    68.37     0.89    0.36    0.00    0.36   0.35  86.00
sde               0.00   874.00    0.00 2403.00     0.00 82692.00    68.82     0.93    0.39    0.00    0.39   0.38  90.40
sde               0.00   878.00    0.00 2404.00     0.00 81844.00    68.09     0.89    0.37    0.00    0.37   0.37  89.20
sde               0.00   880.00    0.00 2450.00     0.00 82988.00    67.75     0.90    0.37    0.00    0.37   0.36  87.20
sde               0.00   849.00    0.00 2437.00     0.00 82600.00    67.79     1.02    0.42    0.00    0.42   0.36  87.20
sde               0.00   879.00    0.00 2397.00     0.00 81720.00    68.19     0.90    0.37    0.00    0.37   0.37  88.80
sde               0.00   865.00    0.00 2437.00     0.00 83004.00    68.12     0.95    0.39    0.00    0.39   0.37  89.20
sde               0.00   885.00    0.00 2437.00     0.00 84116.00    69.03     0.92    0.38    0.00    0.38   0.36  87.20
sde               0.00   877.00    0.00 2369.00     0.00 80192.00    67.70     0.87    0.37    0.00    0.37   0.36  84.80
sde               0.00   911.00    0.00 2493.00     0.00 85688.00    68.74     0.90    0.36    0.00    0.36   0.36  89.60
sde               0.00   900.00    0.00 2452.00     0.00 84236.00    68.71     0.88    0.36    0.00    0.36   0.36  87.20
sde               0.00   862.00    0.00 2366.00     0.00 81532.00    68.92     0.88    0.37    0.00    0.37   0.36  85.20
sde               0.00   889.00    0.00 2442.00     0.00 82896.00    67.89     0.90    0.37    0.00    0.37   0.35  86.40
sde               0.00   885.00    0.00 2427.00     0.00 83088.00    68.47     0.91    0.37    0.00    0.37   0.37  90.80
sde               0.00   877.00    0.00 2381.00     0.00 81640.00    68.58     0.90    0.38    0.00    0.38   0.37  89.20
sde               0.00   886.00    0.00 2457.00     0.00 83912.00    68.30     0.99    0.40    0.00    0.40   0.37  90.80
sde               0.00   883.00    0.00 2469.00     0.00 83176.00    67.38     0.92    0.37    0.00    0.37   0.36  89.60
sde               0.00   877.00    0.00 2379.00     0.00 82924.00    69.71     0.92    0.39    0.00    0.39   0.39  91.60
sde               0.00   889.00    0.00 2403.00     0.00 81620.00    67.93     0.91    0.38    0.00    0.38   0.38  90.80
sde               0.00   844.00    0.00 2368.00     0.00 80176.00    67.72     0.96    0.40    0.00    0.40   0.37  87.20
sde               0.00   870.00    0.00 2388.00     0.00 81764.00    68.48     0.92    0.38    0.00    0.38   0.38  90.80
sde               0.00   822.00    0.00 2351.00     0.00 77844.00    66.22     0.98    0.42    0.00    0.42   0.37  86.40
sde               0.00   786.00    0.00 2264.00     0.00 76276.00    67.38     0.92    0.41    0.00    0.41   0.36  81.60
sde               0.00   883.00    0.00 2484.00     0.00 82960.00    66.80     0.92    0.37    0.00    0.37   0.35  86.40
sde               0.00   883.00    0.00 2406.00     0.00 83012.00    69.00     0.92    0.38    0.00    0.38   0.38  92.40
sde               0.00   882.00    0.00 2436.00     0.00 82960.00    68.11     0.92    0.38    0.00    0.38   0.37  90.00
sde               0.00   910.00    0.00 2423.00     0.00 82936.00    68.46     0.90    0.37    0.00    0.37   0.35  86.00
sde               0.00   905.00    0.00 2471.00     0.00 85464.00    69.17     0.92    0.37    0.00    0.37   0.36  90.00
sde               0.00   871.00    0.00 2393.00     0.00 81772.00    68.34     0.90    0.37    0.00    0.37   0.37  88.00
sde               0.00   894.00    0.00 2408.00     0.00 82800.00    68.77     0.92    0.39    0.00    0.39   0.38  90.80
sde               0.00   827.00    0.00 2293.00     0.00 77612.00    67.69     0.90    0.39    0.00    0.39   0.38  86.00
sde               0.00   904.00    0.00 2472.00     0.00 84448.00    68.32     0.87    0.35    0.00    0.35   0.35  86.80
sde               0.00   895.00    0.00 2434.00     0.00 84164.00    69.16     0.90    0.37    0.00    0.37   0.36  88.40
sde               0.00   869.00    0.00 2370.00     0.00 80428.00    67.87     0.91    0.38    0.00    0.38   0.38  89.60
sde               0.00   895.00    0.00 2446.00     0.00 85216.00    69.68     0.88    0.36    0.00    0.36   0.35  86.00
sde               0.00   897.00    0.00 2434.00     0.00 84308.00    69.28     0.88    0.36    0.00    0.36   0.36  87.60
sde               0.00   880.00    0.00 2390.00     0.00 81680.00    68.35     0.95    0.40    0.00    0.40   0.39  93.60
sde               0.00   891.00    0.00 2428.00     0.00 82732.00    68.15     0.90    0.37    0.00    0.37   0.36  87.60
sde               0.00   868.00    0.00 2375.00     0.00 81708.00    68.81     0.91    0.38    0.00    0.38   0.38  90.80
sde               0.00   900.00    0.00 2454.00     0.00 85524.00    69.70     0.89    0.36    0.00    0.36   0.36  89.20
sde               0.00   903.00    0.00 2461.00     0.00 82992.00    67.45     0.96    0.39    0.00    0.39   0.37  91.60
sde               0.00   835.00    0.00 2282.00     0.00 78760.00    69.03     0.91    0.40    0.00    0.40   0.39  88.80
sde               0.00   840.00    0.00 2323.00     0.00 79136.00    68.13     0.95    0.41    0.00    0.41   0.40  92.00
sde               0.00   891.00    0.00 2405.00     0.00 82920.00    68.96     0.94    0.39    0.00    0.39   0.39  93.20
sde               0.00   873.00    0.00 2414.00     0.00 81716.00    67.70     0.92    0.38    0.00    0.38   0.37  89.60
sde               0.00   847.00    0.00 2287.00     0.00 78812.00    68.92     0.90    0.39    0.00    0.39   0.38  86.80
sde               0.00   870.00    0.00 2400.00     0.00 81756.00    68.13     0.93    0.39    0.00    0.39   0.37  89.60
sde               0.00   883.00    0.00 2388.00     0.00 81680.00    68.41     0.88    0.37    0.00    0.37   0.36  86.40
sde               0.00   870.00    0.00 2370.00     0.00 80548.00    67.97     0.95    0.40    0.00    0.40   0.38  90.00
sde               0.00   891.00    0.00 2435.00     0.00 83896.00    68.91     0.90    0.37    0.00    0.37   0.37  89.60
sde               0.00   860.00    0.00 2350.00     0.00 80456.00    68.47     0.92    0.39    0.00    0.39   0.39  92.00
sde               0.00   863.00    0.00 2345.00     0.00 80196.00    68.40     0.90    0.39    0.00    0.39   0.37  86.40
sde               0.00   848.00    0.00 2299.00     0.00 78840.00    68.59     0.93    0.40    0.00    0.40   0.39  90.00
sde               0.00   853.00    0.00 2356.00     0.00 79292.00    67.31     0.86    0.36    0.00    0.36   0.36  85.60
sde               0.00   877.00    0.00 2391.00     0.00 82820.00    69.28     0.93    0.39    0.00    0.39   0.38  90.80
sde               0.00   851.00    0.00 2321.00     0.00 78988.00    68.06     0.84    0.36    0.00    0.36   0.33  77.60
sde               0.00   840.00    0.00 2248.00     0.00 76360.00    67.94     0.90    0.40    0.00    0.40   0.38  86.00
sde               0.00   889.00    0.00 2435.00     0.00 83100.00    68.25     0.90    0.37    0.00    0.37   0.36  87.60
sde               0.00   888.00    0.00 2418.00     0.00 82936.00    68.60     0.91    0.38    0.00    0.38   0.37  89.60
sde               0.00   877.00    0.00 2384.00     0.00 81660.00    68.51     0.94    0.39    0.00    0.39   0.39  93.60
sde               0.00   879.00    0.00 2388.00     0.00 81508.00    68.26     0.95    0.40    0.00    0.40   0.38  90.80
sde               0.00   860.00    0.00 2356.00     0.00 80480.00    68.32     0.90    0.38    0.00    0.38   0.38  89.60
sde               0.00   895.00    0.00 2411.00     0.00 83964.00    69.65     0.91    0.38    0.00    0.38   0.37  88.40
sde               0.00   853.00    0.00 2303.00     0.00 78892.00    68.51     0.83    0.36    0.00    0.36   0.35  81.60
sde               0.00   888.00    0.00 2434.00     0.00 83116.00    68.30     0.87    0.36    0.00    0.36   0.36  86.80
sde               0.00   883.00    0.00 2407.00     0.00 83008.00    68.97     0.90    0.38    0.00    0.38   0.37  89.60
sde               0.00   874.00    0.00 2358.00     0.00 80268.00    68.08     0.90    0.39    0.00    0.39   0.37  88.00
sde               0.00   888.00    0.00 2418.00     0.00 82816.00    68.50     0.91    0.38    0.00    0.38   0.37  89.20
sde               0.00   889.00    0.00 2428.00     0.00 83096.00    68.45     0.86    0.35    0.00    0.35   0.35  85.60
sde               0.00   867.00    0.00 2360.00     0.00 80388.00    68.13     0.95    0.40    0.00    0.40   0.40  93.60
sde               0.00   880.00    0.00 2426.00     0.00 81768.00    67.41     0.89    0.37    0.00    0.37   0.35  86.00
sde               0.00   890.00    0.00 2402.00     0.00 82784.00    68.93     0.91    0.38    0.00    0.38   0.38  90.80
sde               0.00   891.00    0.00 2449.00     0.00 83168.00    67.92     0.88    0.36    0.00    0.36   0.36  87.60
sde               0.00   862.00    0.00 2317.00     0.00 80108.00    69.15     0.84    0.36    0.00    0.36   0.36  83.20
sde               0.00   897.00    0.00 2449.00     0.00 84072.00    68.66     0.94    0.38    0.00    0.38   0.37  90.00
sde               0.00   849.00    0.00 2344.00     0.00 80380.00    68.58     0.83    0.35    0.00    0.35   0.35  81.60
sde               0.00   826.00    0.00 2268.00     0.00 77744.00    68.56     0.85    0.37    0.00    0.37   0.36  82.00
sde               0.00   870.00    0.00 2386.00     0.00 82632.00    69.26     0.96    0.40    0.00    0.40   0.37  89.20
sde               0.00   856.00    0.00 2339.00     0.00 78976.00    67.53     0.89    0.38    0.00    0.38   0.37  86.40
sde               0.00   911.00    0.00 2486.00     0.00 85664.00    68.92     0.92    0.37    0.00    0.37   0.37  91.60
sde               0.00   855.00    0.00 2347.00     0.00 79140.00    67.44     0.90    0.39    0.00    0.39   0.38  88.80
sde               0.00   850.00    0.00 2350.00     0.00 80244.00    68.29     0.90    0.38    0.00    0.38   0.36  84.00
sde               0.00   892.00    0.00 2433.00     0.00 82864.00    68.12     0.88    0.36    0.00    0.36   0.35  85.20
sde               0.00   869.00    0.00 2370.00     0.00 81704.00    68.95     0.90    0.38    0.00    0.38   0.38  89.60
sde               0.00   890.00    0.00 2429.00     0.00 82836.00    68.21     0.97    0.40    0.00    0.40   0.37  89.60
sde               0.00   850.00    0.00 2325.00     0.00 78900.00    67.87     0.90    0.39    0.00    0.39   0.36  84.00
sde               0.00   922.00    0.00 2480.00     0.00 84524.00    68.16     0.95    0.38    0.00    0.38   0.37  92.80
sde               0.00   907.00    0.00 2462.00     0.00 85452.00    69.42     0.92    0.37    0.00    0.37   0.37  90.80
sde               0.00   885.00    0.00 2397.00     0.00 82864.00    69.14     0.90    0.38    0.00    0.38   0.37  88.40
sde               0.00   891.00    0.00 2439.00     0.00 82884.00    67.97     0.91    0.37    0.00    0.37   0.36  88.00
sde               0.00   873.00    0.00 2413.00     0.00 81800.00    67.80     0.88    0.36    0.00    0.36   0.35  84.00
sde               0.00   853.00    0.00 2333.00     0.00 80236.00    68.78     0.96    0.41    0.00    0.41   0.39  92.00
sde               0.00   875.00    0.00 2397.00     0.00 82788.00    69.08     0.86    0.36    0.00    0.36   0.35  84.80
sde               0.00   876.00    0.00 2382.00     0.00 81500.00    68.43     0.93    0.39    0.00    0.39   0.38  91.20
sde               0.00   882.00    0.00 2463.00     0.00 83044.00    67.43     0.97    0.39    0.00    0.39   0.35  86.00
sde               0.00   839.00    0.00 2329.00     0.00 81084.00    69.63     0.97    0.42    0.00    0.42   0.36  83.60
sde               0.00   874.00    0.00 2452.00     0.00 81564.00    66.53     1.06    0.43    0.00    0.43   0.36  87.60
sde               0.00   860.00    0.00 2442.00     0.00 80584.00    66.00     1.10    0.45    0.00    0.45   0.38  91.60
sde               0.00   879.00    0.00 2483.00     0.00 84228.00    67.84     1.09    0.44    0.00    0.44   0.37  91.60
sde               0.00   860.00    0.00 2401.00     0.00 80208.00    66.81     1.00    0.41    0.00    0.41   0.36  87.20
sde               0.00   890.00    0.00 2481.00     0.00 82860.00    66.80     1.06    0.43    0.00    0.43   0.37  92.80
sde               0.00   877.00    0.00 2494.00     0.00 83092.00    66.63     1.10    0.44    0.00    0.44   0.37  92.80
sde               0.00   828.00    0.00 2316.00     0.00 77668.00    67.07     1.04    0.45    0.00    0.45   0.38  88.00
sde               0.00   843.00    0.00 2365.00     0.00 80160.00    67.79     0.91    0.38    0.00    0.38   0.34  79.60
sde               0.00   843.00    0.00 2364.00     0.00 78888.00    66.74     1.03    0.44    0.00    0.44   0.37  87.20
sde               0.00   884.00    0.00 2507.00     0.00 83164.00    66.35     1.10    0.44    0.00    0.44   0.37  91.60
sde               0.00   843.00    0.00 2366.00     0.00 78908.00    66.70     0.98    0.42    0.00    0.42   0.37  87.20
sde               0.00   893.00    0.00 2492.00     0.00 82904.00    66.54     1.03    0.41    0.00    0.41   0.35  86.80
sde               0.00   803.00    0.00 2289.00     0.00 76460.00    66.81     0.95    0.41    0.00    0.41   0.36  82.80
sde               0.00   879.00    0.00 2460.00     0.00 82996.00    67.48     1.03    0.42    0.00    0.42   0.36  87.60
sde               0.00   861.00    0.00 2373.00     0.00 80136.00    67.54     1.08    0.46    0.00    0.46   0.38  90.00
sde               0.00   864.00    0.00 2425.00     0.00 81452.00    67.18     0.98    0.40    0.00    0.40   0.34  83.60
sde               0.00   858.00    0.00 2428.00     0.00 80524.00    66.33     1.08    0.44    0.00    0.44   0.37  90.80
sde               0.00   871.00    0.00 2456.00     0.00 82860.00    67.48     1.14    0.46    0.00    0.46   0.39  94.80
sde               0.00   850.00    0.00 2409.00     0.00 80332.00    66.69     0.96    0.40    0.00    0.40   0.35  84.80
sde               0.00   888.00    0.00 2485.00     0.00 82872.00    66.70     1.02    0.41    0.00    0.41   0.35  87.20
sde               0.00   831.00    0.00 2330.00     0.00 76704.00    65.84     1.03    0.44    0.00    0.44   0.38  88.40
sde               0.00   899.00    0.00 2489.00     0.00 84072.00    67.55     1.01    0.41    0.00    0.41   0.35  86.80
sde               0.00   857.00    0.00 2409.00     0.00 80356.00    66.71     0.99    0.41    0.00    0.41   0.36  87.20
sde               0.00   896.00    0.00 2415.00     0.00 84112.00    69.66     0.87    0.36    0.00    0.36   0.36  86.40
sde               0.00   860.00    0.00 2346.00     0.00 80452.00    68.59     0.92    0.39    0.00    0.39   0.39  92.00
sde               0.00   860.00    0.00 2346.00     0.00 81348.00    69.35     0.86    0.37    0.00    0.37   0.36  84.80
sde               0.00   884.00    0.00 2392.00     0.00 81588.00    68.22     0.88    0.37    0.00    0.37   0.37  87.60
sde               0.00   885.00    0.00 2419.00     0.00 83060.00    68.67     0.92    0.38    0.00    0.38   0.38  91.60
sde               0.00   871.00    0.00 2342.00     0.00 81500.00    69.60     0.86    0.37    0.00    0.37   0.37  86.40
sde               0.00   884.00    0.00 2407.00     0.00 82900.00    68.88     0.90    0.37    0.00    0.37   0.37  88.00
sde               0.00   878.00    0.00 2357.00     0.00 81456.00    69.12     0.90    0.38    0.00    0.38   0.38  89.60
sde               0.00   898.00    0.00 2445.00     0.00 84340.00    68.99     0.86    0.35    0.00    0.35   0.35  86.40
sde               0.00   872.00    0.00 2406.00     0.00 82836.00    68.86     0.90    0.37    0.00    0.37   0.36  85.60
sde               0.00   883.00    0.00 2376.00     0.00 81392.00    68.51     0.87    0.37    0.00    0.37   0.36  85.20
sde               0.00   847.00    0.00 2317.00     0.00 79168.00    68.34     0.88    0.38    0.00    0.38   0.38  87.60
sde               0.00   891.00    0.00 2438.00     0.00 84284.00    69.14     0.88    0.36    0.00    0.36   0.36  88.00
sde               0.00   866.00    0.00 2337.00     0.00 80200.00    68.64     0.88    0.37    0.00    0.37   0.37  86.00
sde               0.00   895.00    0.00 2441.00     0.00 82908.00    67.93     0.92    0.38    0.00    0.38   0.37  90.80
sde               0.00   825.00    0.00 2253.00     0.00 77736.00    69.01     0.86    0.38    0.00    0.38   0.38  85.60
sde               0.00   889.00    0.00 2406.00     0.00 82912.00    68.92     0.83    0.35    0.00    0.35   0.34  82.00
sde               0.00   865.00    0.00 2362.00     0.00 80380.00    68.06     0.89    0.38    0.00    0.38   0.37  88.00
sde               0.00   892.00    0.00 2415.00     0.00 82820.00    68.59     0.88    0.36    0.00    0.36   0.35  85.60
sde               0.00   857.00    0.00 2340.00     0.00 80424.00    68.74     0.85    0.36    0.00    0.36   0.36  84.80
sde               0.00   901.00    0.00 2447.00     0.00 84232.00    68.85     0.92    0.37    0.00    0.37   0.37  91.20
sde               0.00   887.00    0.00 2383.00     0.00 82704.00    69.41     0.87    0.36    0.00    0.36   0.35  84.00
sde               0.00   871.00    0.00 2377.00     0.00 80460.00    67.70     0.86    0.36    0.00    0.36   0.36  85.60
sde               0.00   896.00    0.00 2438.00     0.00 84312.00    69.16     0.88    0.36    0.00    0.36   0.36  88.00
sde               0.00   886.00    0.00 2390.00     0.00 82736.00    69.24     0.84    0.35    0.00    0.35   0.35  82.80
sde               0.00   873.00    0.00 2367.00     0.00 81460.00    68.83     0.90    0.38    0.00    0.38   0.38  89.60
sde               0.00   895.00    0.00 2459.00     0.00 83220.00    67.69     0.90    0.37    0.00    0.37   0.37  90.40
sde               0.00   892.00    0.00 2363.00     0.00 81656.00    69.11     0.88    0.37    0.00    0.37   0.37  87.20
sde               0.00   854.00    0.00 2328.00     0.00 79096.00    67.95     0.87    0.38    0.00    0.38   0.37  86.40
sde               0.00   909.00    0.00 2447.00     0.00 84144.00    68.77     0.86    0.35    0.00    0.35   0.35  85.60
sde               0.00   854.00    0.00 2322.00     0.00 80360.00    69.22     0.89    0.39    0.00    0.39   0.38  88.80
sde               0.00   883.00    0.00 2398.00     0.00 82860.00    69.11     0.87    0.36    0.00    0.36   0.36  86.00
sde               0.00   894.00    0.00 2390.00     0.00 81496.00    68.20     0.89    0.37    0.00    0.37   0.37  88.40
sde               0.00   845.00    0.00 2314.00     0.00 80288.00    69.39     0.91    0.39    0.00    0.39   0.39  90.00
sde               0.00   891.00    0.00 2435.00     0.00 83140.00    68.29     0.93    0.38    0.00    0.38   0.38  92.80
sde               0.00   845.00    0.00 2289.00     0.00 78816.00    68.87     0.90    0.39    0.00    0.39   0.38  87.60
sde               0.00   903.00    0.00 2417.00     0.00 82880.00    68.58     0.84    0.35    0.00    0.35   0.35  84.00
sde               0.00   847.00    0.00 2310.00     0.00 79136.00    68.52     0.87    0.38    0.00    0.38   0.38  86.80
sde               0.00   833.00    0.00 2276.00     0.00 78992.00    69.41     0.83    0.37    0.00    0.37   0.36  82.80
sde               0.00   882.00    0.00 2381.00     0.00 80388.00    67.52     0.86    0.36    0.00    0.36   0.36  86.40
sde               0.00   913.00    0.00 2452.00     0.00 84168.00    68.65     0.90    0.36    0.00    0.36   0.37  89.60
sde               0.00   837.00    0.00 2296.00     0.00 79056.00    68.86     0.86    0.37    0.00    0.37   0.37  85.60
sde               0.00   884.00    0.00 2387.00     0.00 81684.00    68.44     0.86    0.36    0.00    0.36   0.36  86.40
sde               0.00   873.00    0.00 2351.00     0.00 81544.00    69.37     0.84    0.36    0.00    0.36   0.35  83.20
sde               0.00   884.00    0.00 2398.00     0.00 82736.00    69.00     0.88    0.37    0.00    0.37   0.37  88.40
sde               0.00   878.00    0.00 2386.00     0.00 81792.00    68.56     0.86    0.36    0.00    0.36   0.36  86.00
sde               0.00   899.00    0.00 2422.00     0.00 82872.00    68.43     0.86    0.35    0.00    0.35   0.35  85.20
sde               0.00   876.00    0.00 2356.00     0.00 81432.00    69.13     0.89    0.38    0.00    0.38   0.38  88.80
sde               0.00   899.00    0.00 2464.00     0.00 84404.00    68.51     0.89    0.36    0.00    0.36   0.36  88.40
sde               0.00   865.00    0.00 2342.00     0.00 81480.00    69.58     0.89    0.38    0.00    0.38   0.37  87.60
sde               0.00   894.00    0.00 2442.00     0.00 83040.00    68.01     0.83    0.34    0.00    0.34   0.34  82.80
sde               0.00   869.00    0.00 2373.00     0.00 81456.00    68.65     0.90    0.38    0.00    0.38   0.37  86.80
sde               0.00   879.00    0.00 2401.00     0.00 81832.00    68.16     0.84    0.35    0.00    0.35   0.35  84.00
sde               0.00   857.00    0.00 2315.00     0.00 81372.00    70.30     0.88    0.38    0.00    0.38   0.38  88.00
sde               0.00   893.00    0.00 2423.00     0.00 82860.00    68.39     0.90    0.37    0.00    0.37   0.37  88.80
sde               0.00   847.00    0.00 2318.00     0.00 79040.00    68.20     0.91    0.39    0.00    0.39   0.38  88.40
sde               0.00   867.00    0.00 2370.00     0.00 81692.00    68.94     0.86    0.36    0.00    0.36   0.36  86.00
sde               0.00   858.00    0.00 2288.00     0.00 77732.00    67.95     0.84    0.37    0.00    0.37   0.35  81.20
sde               0.00   881.00    0.00 2380.00     0.00 82684.00    69.48     0.90    0.37    0.00    0.37   0.37  89.20
sde               0.00   860.00    0.00 2343.00     0.00 80440.00    68.66     0.90    0.38    0.00    0.38   0.38  89.20
sde               0.00   870.00    0.00 2353.00     0.00 81536.00    69.30     0.86    0.36    0.00    0.36   0.36  85.20
sde               0.00   832.00    0.00 2256.00     0.00 77652.00    68.84     0.84    0.37    0.00    0.37   0.37  84.40
sde               0.00   876.00    0.00 2374.00     0.00 81496.00    68.66     0.90    0.38    0.00    0.38   0.37  88.80
sde               0.00   839.00    0.00 2295.00     0.00 77924.00    67.91     0.88    0.38    0.00    0.38   0.38  88.00
sde               0.00   877.00    0.00 2394.00     0.00 82836.00    69.20     0.86    0.36    0.00    0.36   0.36  85.60
sde               0.00   840.00    0.00 2271.00     0.00 77728.00    68.45     0.82    0.36    0.00    0.36   0.36  81.60
sde               0.00   900.00    0.00 2426.00     0.00 84020.00    69.27     0.92    0.38    0.00    0.38   0.38  91.60
sde               0.00   875.00    0.00 2400.00     0.00 81836.00    68.20     0.88    0.37    0.00    0.37   0.37  88.00
sde               0.00   897.00    0.00 2410.00     0.00 82960.00    68.85     0.90    0.38    0.00    0.38   0.37  89.60
sde               0.00   866.00    0.00 2362.00     0.00 81412.00    68.93     0.94    0.40    0.00    0.40   0.39  92.00
sde               0.00   890.00    0.00 2424.00     0.00 81820.00    67.51     0.91    0.38    0.00    0.38   0.37  90.80
sde               0.00   866.00    0.00 2361.00     0.00 80392.00    68.10     0.90    0.38    0.00    0.38   0.38  90.00
sde               0.00   891.00    0.00 2435.00     0.00 84160.00    69.13     0.91    0.37    0.00    0.37   0.37  89.60
