sde               0.00     0.89    0.00    1.63     0.00   117.68   144.08     0.01    4.18    1.91    4.18   0.41   0.07
sde               0.00     1.00    0.00    4.00     0.00    20.00    10.00     0.00    0.00    0.00    0.00   0.00   0.00
sde               0.00   507.00    0.00 1367.00     0.00 47088.00    68.89     0.61    0.45    0.00    0.45   0.37  50.40
sde               0.00   893.00    0.00 2549.00     0.00 85632.00    67.19     1.07    0.42    0.00    0.42   0.35  90.00
sde               0.00   819.00    0.00 2369.00     0.00 77172.00    65.15     1.01    0.43    0.00    0.43   0.36  84.40
sde               0.00   869.00    0.00 2523.00     0.00 80372.00    63.71     1.01    0.40    0.00    0.40   0.34  85.60
sde               0.00   818.00    0.00 2271.00     0.00 78272.00    68.93     0.96    0.42    0.00    0.42   0.36  82.00
sde               0.00   834.00    0.00 2413.00     0.00 79268.00    65.70     0.90    0.37    0.00    0.37   0.33  78.80
sde               0.00   873.00    0.00 2491.00     0.00 80928.00    64.98     0.98    0.39    0.00    0.39   0.34  84.80
sde               0.00   928.00    0.00 2502.00     0.00 85272.00    68.16     1.02    0.41    0.00    0.41   0.35  87.20
sde               0.00   948.00    0.00 2417.00     0.00 79548.00    65.82     1.04    0.43    0.00    0.43   0.35  85.60
sde               0.00   990.00    0.00 2577.00     0.00 82820.00    64.28     1.06    0.41    0.00    0.41   0.34  87.60
sde               0.00   995.00    0.00 2586.00     0.00 81480.00    63.02     1.00    0.39    0.00    0.39   0.32  83.60
sde               0.00   985.00    0.00 2536.00     0.00 80616.00    63.58     1.02    0.40    0.00    0.40   0.35  88.00
sde               0.00   959.00    0.00 2460.00     0.00 79152.00    64.35     0.91    0.37    0.00    0.37   0.32  79.60
sde               0.00  1009.00    0.00 2620.00     0.00 83080.00    63.42     1.07    0.41    0.00    0.41   0.35  90.40
sde               0.00   961.00    0.00 2485.00     0.00 79784.00    64.21     1.07    0.43    0.00    0.43   0.36  88.40
sde               0.00  1009.00    0.00 2586.00     0.00 81336.00    62.90     0.97    0.37    0.00    0.37   0.33  85.60
sde               0.00   927.00    0.00 2445.00     0.00 77088.00    63.06     0.96    0.39    0.00    0.39   0.33  81.20
sde               0.00   977.00    0.00 2555.00     0.00 80768.00    63.22     1.04    0.41    0.00    0.41   0.34  88.00
sde               0.00   992.00    0.00 2558.00     0.00 80688.00    63.09     0.95    0.37    0.00    0.37   0.33  84.40
sde               0.00   960.00    0.00 2447.00     0.00 77640.00    63.46     0.95    0.39    0.00    0.39   0.33  81.20
sde               0.00   974.00    0.00 2521.00     0.00 81336.00    64.53     0.99    0.40    0.00    0.40   0.33  84.40
sde               0.00   986.00    0.00 2596.00     0.00 81564.00    62.84     1.06    0.41    0.00    0.41   0.34  87.20
sde               0.00  1008.00    0.00 2605.00     0.00 82704.00    63.50     1.13    0.43    0.00    0.43   0.35  90.00
sde               0.00   988.00    0.00 2505.00     0.00 81192.00    64.82     1.01    0.40    0.00    0.40   0.35  87.60
sde               0.00   988.00    0.00 2557.00     0.00 82184.00    64.28     0.95    0.37    0.00    0.37   0.32  82.80
sde               0.00  1027.00    0.00 2669.00     0.00 84352.00    63.21     1.06    0.40    0.00    0.40   0.33  89.20
sde               0.00   985.00    0.00 2541.00     0.00 79292.00    62.41     1.03    0.41    0.00    0.41   0.35  88.80
sde               0.00   968.00    0.00 2518.00     0.00 79864.00    63.43     1.04    0.41    0.00    0.41   0.34  86.80
sde               0.00   891.00    0.00 2356.00     0.00 74084.00    62.89     0.98    0.42    0.00    0.42   0.34  80.80
sde               0.00   977.00    0.00 2558.00     0.00 79996.00    62.55     1.08    0.42    0.00    0.42   0.36  91.20
sde               0.00   991.00    0.00 2464.00     0.00 78956.00    64.09     0.97    0.39    0.00    0.39   0.33  82.40
sde               0.00   951.00    0.00 2487.00     0.00 78568.00    63.18     0.96    0.38    0.00    0.38   0.33  82.40
sde               0.00   895.00    0.00 2338.00     0.00 74212.00    63.48     0.94    0.40    0.00    0.40   0.34  80.40
sde               0.00   976.00    0.00 2540.00     0.00 80444.00    63.34     1.00    0.39    0.00    0.39   0.34  85.60
sde               0.00   992.00    0.00 2542.00     0.00 80428.00    63.28     1.01    0.40    0.00    0.40   0.33  84.00
sde               0.00   913.00    0.00 2370.00     0.00 75576.00    63.78     0.92    0.39    0.00    0.39   0.34  79.60
sde               0.00   978.00    0.00 2518.00     0.00 81384.00    64.64     0.95    0.38    0.00    0.38   0.34  84.40
sde               0.00   992.00    0.00 2553.00     0.00 80592.00    63.14     1.00    0.39    0.00    0.39   0.33  84.40
sde               0.00   936.00    0.00 2360.00     0.00 76152.00    64.54     0.90    0.38    0.00    0.38   0.35  82.00
sde               0.00   969.00    0.00 2491.00     0.00 80680.00    64.78     1.03    0.41    0.00    0.41   0.35  88.40
sde               0.00   978.00    0.00 2502.00     0.00 80756.00    64.55     1.00    0.40    0.00    0.40   0.35  86.40
sde               0.00  1020.00    0.00 2611.00     0.00 84740.00    64.91     1.03    0.39    0.00    0.39   0.34  88.00
sde               0.00   999.00    0.00 2571.00     0.00 81364.00    63.29     1.04    0.40    0.00    0.40   0.33  85.60
sde               0.00   977.00    0.00 2545.00     0.00 81416.00    63.98     0.98    0.39    0.00    0.39   0.34  87.20
sde               0.00  1004.00    0.00 2643.00     0.00 82412.00    62.36     1.02    0.39    0.00    0.39   0.33  86.80
sde               0.00   991.00    0.00 2524.00     0.00 80396.00    63.71     1.03    0.41    0.00    0.41   0.35  89.60
sde               0.00   949.00    0.00 2453.00     0.00 78364.00    63.89     0.94    0.38    0.00    0.38   0.33  81.20
sde               0.00   991.00    0.00 2562.00     0.00 82192.00    64.16     1.02    0.40    0.00    0.40   0.35  88.40
sde               0.00   981.00    0.00 2565.00     0.00 81284.00    63.38     1.04    0.40    0.00    0.40   0.34  86.80
sde               0.00  1006.00    0.00 2572.00     0.00 80100.00    62.29     1.01    0.39    0.00    0.39   0.33  85.60
sde               0.00   902.00    0.00 2360.00     0.00 75304.00    63.82     0.96    0.41    0.00    0.41   0.34  80.40
sde               0.00   999.00    0.00 2610.00     0.00 82928.00    63.55     1.04    0.40    0.00    0.40   0.34  88.40
sde               0.00   978.00    0.00 2522.00     0.00 79156.00    62.77     0.98    0.39    0.00    0.39   0.33  83.20
sde               0.00  1006.00    0.00 2611.00     0.00 82708.00    63.35     1.06    0.40    0.00    0.40   0.34  87.60
sde               0.00  1000.00    0.00 2580.00     0.00 83560.00    64.78     1.02    0.40    0.00    0.40   0.34  87.20
sde               0.00   972.00    0.00 2538.00     0.00 80116.00    63.13     1.02    0.40    0.00    0.40   0.34  86.80
sde               0.00  1002.00    0.00 2576.00     0.00 81960.00    63.63     1.00    0.39    0.00    0.39   0.33  84.40
sde               0.00   990.00    0.00 2516.00     0.00 81232.00    64.57     0.98    0.39    0.00    0.39   0.34  86.00
sde               0.00   960.00    0.00 2544.00     0.00 79372.00    62.40     1.08    0.42    0.00    0.42   0.34  86.40
sde               0.00   978.00    0.00 2576.00     0.00 80820.00    62.75     1.00    0.39    0.00    0.39   0.33  85.20
sde               0.00  1034.00    0.00 2640.00     0.00 83536.00    63.28     1.06    0.40    0.00    0.40   0.33  86.40
sde               0.00  1000.00    0.00 2583.00     0.00 81964.00    63.46     1.04    0.41    0.00    0.41   0.33  84.80
sde               0.00   982.00    0.00 2543.00     0.00 81456.00    64.06     1.06    0.42    0.00    0.42   0.36  90.40
sde               0.00  1014.00    0.00 2644.00     0.00 82824.00    62.65     1.05    0.40    0.00    0.40   0.33  87.20
sde               0.00   983.00    0.00 2490.00     0.00 79712.00    64.03     1.02    0.41    0.00    0.41   0.33  83.20
sde               0.00   945.00    0.00 2480.00     0.00 78528.00    63.33     0.98    0.39    0.00    0.39   0.34  83.60
sde               0.00   967.00    0.00 2561.00     0.00 80676.00    63.00     1.15    0.45    0.00    0.45   0.36  91.60
sde               0.00  1028.00    0.00 2663.00     0.00 82884.00    62.25     1.14    0.43    0.00    0.43   0.34  90.40
sde               0.00   945.00    0.00 2445.00     0.00 78156.00    63.93     0.98    0.40    0.00    0.40   0.34  83.60
sde               0.00   966.00    0.00 2538.00     0.00 80032.00    63.07     0.97    0.38    0.00    0.38   0.33  82.80
sde               0.00   975.00    0.00 2540.00     0.00 81372.00    64.07     1.06    0.42    0.00    0.42   0.35  89.20
sde               0.00  1007.00    0.00 2592.00     0.00 82040.00    63.30     1.09    0.42    0.00    0.42   0.35  89.60
sde               0.00   981.00    0.00 2519.00     0.00 79872.00    63.42     1.02    0.40    0.00    0.40   0.34  86.00
sde               0.00   937.00    0.00 2463.00     0.00 78432.00    63.69     1.03    0.42    0.00    0.42   0.35  85.60
sde               0.00  1004.00    0.00 2641.00     0.00 82992.00    62.85     1.02    0.38    0.00    0.38   0.33  86.40
sde               0.00   983.00    0.00 2535.00     0.00 79892.00    63.03     1.05    0.41    0.00    0.41   0.36  90.00
sde               0.00   972.00    0.00 2504.00     0.00 79712.00    63.67     1.04    0.41    0.00    0.41   0.34  85.60
sde               0.00   995.00    0.00 2614.00     0.00 82280.00    62.95     1.02    0.39    0.00    0.39   0.32  84.80
sde               0.00   978.00    0.00 2579.00     0.00 80636.00    62.53     1.06    0.41    0.00    0.41   0.34  86.80
sde               0.00  1023.00    0.00 2602.00     0.00 83308.00    64.03     0.99    0.38    0.00    0.38   0.32  82.80
sde               0.00   954.00    0.00 2421.00     0.00 79812.00    65.93     0.97    0.40    0.00    0.40   0.34  82.80
sde               0.00   974.00    0.00 2567.00     0.00 80792.00    62.95     1.03    0.40    0.00    0.40   0.34  86.00
sde               0.00   952.00    0.00 2448.00     0.00 77596.00    63.40     0.97    0.40    0.00    0.40   0.34  84.00
sde               0.00   962.00    0.00 2498.00     0.00 78348.00    62.73     1.03    0.41    0.00    0.41   0.33  82.40
sde               0.00   944.00    0.00 2453.00     0.00 79096.00    64.49     0.93    0.38    0.00    0.38   0.33  81.20
sde               0.00   977.00    0.00 2564.00     0.00 81440.00    63.53     1.03    0.40    0.00    0.40   0.33  85.20
sde               0.00   968.00    0.00 2499.00     0.00 77784.00    62.25     1.00    0.40    0.00    0.40   0.34  86.00
sde               0.00  1000.00    0.00 2583.00     0.00 82028.00    63.51     1.00    0.39    0.00    0.39   0.33  86.00
sde               0.00   914.00    0.00 2388.00     0.00 75572.00    63.29     1.05    0.44    0.00    0.44   0.36  84.80
sde               0.00   985.00    0.00 2568.00     0.00 81496.00    63.47     1.08    0.42    0.00    0.42   0.35  88.80
sde               0.00  1011.00    0.00 2574.00     0.00 81992.00    63.71     1.02    0.40    0.00    0.40   0.33  86.00
sde               0.00   945.00    0.00 2393.00     0.00 76844.00    64.22     0.93    0.39    0.00    0.39   0.35  84.80
sde               0.00   985.00    0.00 2573.00     0.00 81508.00    63.36     1.01    0.39    0.00    0.39   0.33  86.00
sde               0.00   960.00    0.00 2536.00     0.00 79280.00    62.52     1.07    0.42    0.00    0.42   0.34  86.40
sde               0.00   968.00    0.00 2448.00     0.00 78848.00    64.42     0.98    0.40    0.00    0.40   0.35  86.00
sde               0.00   930.00    0.00 2409.00     0.00 75600.00    62.76     1.02    0.43    0.00    0.43   0.36  86.00
sde               0.00   947.00    0.00 2500.00     0.00 78604.00    62.88     1.01    0.40    0.00    0.40   0.34  84.80
sde               0.00   979.00    0.00 2552.00     0.00 79968.00    62.67     1.03    0.40    0.00    0.40   0.34  87.20
sde               0.00   903.00    0.00 2363.00     0.00 74032.00    62.66     1.00    0.42    0.00    0.42   0.35  83.60
sde               0.00   933.00    0.00 2392.00     0.00 76988.00    64.37     0.92    0.39    0.00    0.39   0.34  81.20
sde               0.00   940.00    0.00 2463.00     0.00 77564.00    62.98     1.04    0.42    0.00    0.42   0.35  86.00
sde               0.00  1012.00    0.00 2627.00     0.00 82884.00    63.10     1.02    0.39    0.00    0.39   0.33  86.40
sde               0.00   970.00    0.00 2509.00     0.00 79080.00    63.04     1.03    0.41    0.00    0.41   0.34  86.40
sde               0.00   930.00    0.00 2403.00     0.00 76272.00    63.48     0.97    0.40    0.00    0.40   0.35  83.20
sde               0.00   999.00    0.00 2601.00     0.00 83544.00    64.24     1.02    0.39    0.00    0.39   0.33  86.80
sde               0.00  1000.00    0.00 2590.00     0.00 82168.00    63.45     1.09    0.42    0.00    0.42   0.35  90.00
sde               0.00   989.00    0.00 2489.00     0.00 79764.00    64.09     0.96    0.39    0.00    0.39   0.35  86.40
sde               0.00   988.00    0.00 2545.00     0.00 82216.00    64.61     0.96    0.38    0.00    0.38   0.35  89.20
sde               0.00  1002.00    0.00 2640.00     0.00 83032.00    62.90     1.04    0.40    0.00    0.40   0.32  84.40
sde               0.00   975.00    0.00 2526.00     0.00 78496.00    62.15     1.08    0.43    0.00    0.43   0.36  90.00
sde               0.00   950.00    0.00 2452.00     0.00 77616.00    63.31     0.92    0.38    0.00    0.38   0.33  82.00
sde               0.00   997.00    0.00 2607.00     0.00 82920.00    63.61     1.06    0.41    0.00    0.41   0.34  89.60
sde               0.00   948.00    0.00 2506.00     0.00 78576.00    62.71     1.06    0.42    0.00    0.42   0.35  86.80
sde               0.00  1011.00    0.00 2578.00     0.00 82676.00    64.14     1.08    0.42    0.00    0.42   0.35  89.20
sde               0.00  1007.00    0.00 2592.00     0.00 82048.00    63.31     1.06    0.41    0.00    0.41   0.33  86.40
sde               0.00   911.00    0.00 2410.00     0.00 75592.00    62.73     0.94    0.39    0.00    0.39   0.34  81.20
sde               0.00  1011.00    0.00 2621.00     0.00 82268.00    62.78     1.01    0.38    0.00    0.38   0.33  85.60
sde               0.00   982.00    0.00 2561.00     0.00 80552.00    62.91     1.00    0.39    0.00    0.39   0.33  84.00
sde               0.00   941.00    0.00 2407.00     0.00 76908.00    63.90     0.99    0.41    0.00    0.41   0.35  85.20
sde               0.00   981.00    0.00 2589.00     0.00 80844.00    62.45     1.00    0.38    0.00    0.38   0.32  83.60
sde               0.00   953.00    0.00 2456.00     0.00 77064.00    62.76     1.08    0.44    0.00    0.44   0.35  86.80
sde               0.00  1005.00    0.00 2577.00     0.00 80584.00    62.54     1.00    0.39    0.00    0.39   0.34  86.80
sde               0.00   950.00    0.00 2509.00     0.00 79232.00    63.16     1.08    0.43    0.00    0.43   0.35  88.40
sde               0.00   947.00    0.00 2458.00     0.00 78408.00    63.80     1.05    0.43    0.00    0.43   0.34  84.00
sde               0.00   942.00    0.00 2451.00     0.00 78308.00    63.90     0.94    0.39    0.00    0.39   0.34  84.00
sde               0.00   981.00    0.00 2491.00     0.00 79616.00    63.92     0.98    0.39    0.00    0.39   0.34  84.80
sde               0.00   954.00    0.00 2462.00     0.00 79236.00    64.37     0.95    0.39    0.00    0.39   0.34  82.80
sde               0.00   993.00    0.00 2610.00     0.00 82848.00    63.49     1.05    0.40    0.00    0.40   0.33  85.60
sde               0.00   989.00    0.00 2550.00     0.00 81360.00    63.81     0.99    0.39    0.00    0.39   0.33  85.20
sde               0.00   988.00    0.00 2524.00     0.00 81016.00    64.20     0.98    0.39    0.00    0.39   0.32  81.60
sde               0.00   988.00    0.00 2597.00     0.00 81600.00    62.84     1.01    0.39    0.00    0.39   0.33  86.80
sde               0.00   974.00    0.00 2500.00     0.00 79908.00    63.93     1.05    0.42    0.00    0.42   0.36  88.80
sde               0.00   973.00    0.00 2505.00     0.00 79952.00    63.83     0.94    0.37    0.00    0.37   0.34  84.80
sde               0.00   929.00    0.00 2338.00     0.00 75356.00    64.46     0.92    0.39    0.00    0.39   0.35  82.40
sde               0.00  1009.00    0.00 2617.00     0.00 83668.00    63.94     0.98    0.38    0.00    0.38   0.33  85.20
sde               0.00   976.00    0.00 2515.00     0.00 80236.00    63.81     0.96    0.38    0.00    0.38   0.33  83.60
sde               0.00   951.00    0.00 2475.00     0.00 77544.00    62.66     1.01    0.41    0.00    0.41   0.35  86.00
sde               0.00   934.00    0.00 2411.00     0.00 76092.00    63.12     1.00    0.41    0.00    0.41   0.34  80.80
sde               0.00   941.00    0.00 2486.00     0.00 77816.00    62.60     1.03    0.42    0.00    0.42   0.34  85.20
sde               0.00   999.00    0.00 2566.00     0.00 81504.00    63.53     0.98    0.38    0.00    0.38   0.34  86.00
sde               0.00   981.00    0.00 2552.00     0.00 80000.00    62.70     1.01    0.40    0.00    0.40   0.34  86.80
sde               0.00  1008.00    0.00 2569.00     0.00 82736.00    64.41     1.02    0.40    0.00    0.40   0.35  88.80
sde               0.00   964.00    0.00 2531.00     0.00 80016.00    63.23     0.94    0.37    0.00    0.37   0.32  82.00
sde               0.00   947.00    0.00 2440.00     0.00 77720.00    63.70     0.97    0.40    0.00    0.40   0.35  84.80
sde               0.00   976.00    0.00 2476.00     0.00 78988.00    63.80     0.90    0.37    0.00    0.37   0.32  80.40
sde               0.00   991.00    0.00 2581.00     0.00 81668.00    63.28     0.98    0.38    0.00    0.38   0.33  84.80
sde               0.00   950.00    0.00 2501.00     0.00 77764.00    62.19     1.02    0.41    0.00    0.41   0.34  85.60
sde               0.00  1009.00    0.00 2653.00     0.00 83648.00    63.06     1.12    0.42    0.00    0.42   0.33  88.40
sde               0.00   976.00    0.00 2507.00     0.00 79616.00    63.51     1.04    0.41    0.00    0.41   0.35  87.60
sde               0.00  1008.00    0.00 2644.00     0.00 83040.00    62.81     1.06    0.40    0.00    0.40   0.33  87.20
sde               0.00   973.00    0.00 2464.00     0.00 79824.00    64.79     0.97    0.39    0.00    0.39   0.34  84.40
sde               0.00   988.00    0.00 2539.00     0.00 80692.00    63.56     1.03    0.41    0.00    0.41   0.35  88.40
sde               0.00   963.00    0.00 2487.00     0.00 78368.00    63.02     1.08    0.43    0.00    0.43   0.35  88.00
sde               0.00   991.00    0.00 2588.00     0.00 83448.00    64.49     1.03    0.40    0.00    0.40   0.33  86.00
sde               0.00   973.00    0.00 2509.00     0.00 79280.00    63.20     1.02    0.41    0.00    0.41   0.34  86.40
sde               0.00   420.00    0.00 1100.00     0.00 34808.00    63.29     1.54    0.37    0.00    0.37   0.81  89.60
sde               0.00     0.00    0.00    0.00     0.00     0.00     0.00     2.00    0.00    0.00    0.00   0.00 100.00
sde               0.00   642.00    0.00 1637.00     0.00 52432.00    64.06     1.25    2.68    0.00    2.68   0.53  87.20
sde               0.00  1010.00    0.00 2597.00     0.00 82060.00    63.20     1.08    0.41    0.00    0.41   0.34  88.00
sde               0.00   934.00    0.00 2455.00     0.00 77740.00    63.33     1.03    0.42    0.00    0.42   0.35  84.80
sde               0.00   959.00    0.00 2495.00     0.00 78448.00    62.88     0.94    0.38    0.00    0.38   0.32  80.40
sde               0.00   956.00    0.00 2423.00     0.00 77404.00    63.89     1.01    0.42    0.00    0.42   0.36  86.80
sde               0.00   977.00    0.00 2574.00     0.00 80840.00    62.81     1.13    0.44    0.00    0.44   0.35  91.20
sde               0.00   959.00    0.00 2501.00     0.00 79256.00    63.38     0.97    0.39    0.00    0.39   0.34  84.00
sde               0.00   965.00    0.00 2505.00     0.00 79224.00    63.25     1.02    0.41    0.00    0.41   0.36  89.20
sde               0.00  1019.00    0.00 2614.00     0.00 82032.00    62.76     1.01    0.39    0.00    0.39   0.33  86.80
sde               0.00   964.00    0.00 2548.00     0.00 80060.00    62.84     1.05    0.41    0.00    0.41   0.35  89.20
sde               0.00   977.00    0.00 2540.00     0.00 81156.00    63.90     0.98    0.39    0.00    0.39   0.33  84.80
sde               0.00   987.00    0.00 2540.00     0.00 80816.00    63.63     0.95    0.37    0.00    0.37   0.32  82.00
sde               0.00   948.00    0.00 2453.00     0.00 77416.00    63.12     0.97    0.39    0.00    0.39   0.34  84.40
sde               0.00  1002.00    0.00 2611.00     0.00 82924.00    63.52     1.05    0.40    0.00    0.40   0.34  88.40
sde               0.00   986.00    0.00 2551.00     0.00 81344.00    63.77     1.04    0.41    0.00    0.41   0.34  87.60
sde               0.00   962.00    0.00 2518.00     0.00 79160.00    62.88     0.99    0.40    0.00    0.40   0.33  83.20
sde               0.00   981.00    0.00 2518.00     0.00 79840.00    63.42     0.95    0.37    0.00    0.37   0.32  81.60
sde               0.00   937.00    0.00 2459.00     0.00 79028.00    64.28     1.04    0.43    0.00    0.43   0.35  85.60
sde               0.00  1020.00    0.00 2628.00     0.00 82964.00    63.14     1.02    0.39    0.00    0.39   0.34  89.20
sde               0.00   980.00    0.00 2541.00     0.00 80468.00    63.34     1.00    0.40    0.00    0.40   0.34  86.80
sde               0.00  1010.00    0.00 2614.00     0.00 83380.00    63.79     1.03    0.39    0.00    0.39   0.33  86.80
sde               0.00  1001.00    0.00 2607.00     0.00 82396.00    63.21     0.96    0.37    0.00    0.37   0.32  82.40
sde               0.00   953.00    0.00 2499.00     0.00 79096.00    63.30     1.11    0.44    0.00    0.44   0.35  87.60
sde               0.00   963.00    0.00 2394.00     0.00 76784.00    64.15     0.94    0.39    0.00    0.39   0.35  84.00
sde               0.00   977.00    0.00 2574.00     0.00 80820.00    62.80     1.02    0.40    0.00    0.40   0.32  83.20
sde               0.00   989.00    0.00 2559.00     0.00 81388.00    63.61     1.06    0.41    0.00    0.41   0.35  88.40
sde               0.00   989.00    0.00 2585.00     0.00 81564.00    63.11     1.08    0.42    0.00    0.42   0.35  89.20
sde               0.00   990.00    0.00 2529.00     0.00 79764.00    63.08     1.01    0.40    0.00    0.40   0.34  86.00
sde               0.00   998.00    0.00 2639.00     0.00 82316.00    62.38     1.04    0.40    0.00    0.40   0.33  88.40
sde               0.00   979.00    0.00 2532.00     0.00 80612.00    63.67     1.01    0.40    0.00    0.40   0.35  87.60
sde               0.00  1032.00    0.00 2651.00     0.00 85004.00    64.13     1.05    0.39    0.00    0.39   0.33  88.80
sde               0.00   965.00    0.00 2497.00     0.00 78424.00    62.81     1.04    0.42    0.00    0.42   0.34  85.60
sde               0.00   998.00    0.00 2622.00     0.00 82976.00    63.29     1.05    0.40    0.00    0.40   0.34  88.40
sde               0.00   981.00    0.00 2532.00     0.00 80604.00    63.67     0.98    0.39    0.00    0.39   0.32  82.00
sde               0.00   954.00    0.00 2456.00     0.00 79036.00    64.36     1.01    0.41    0.00    0.41   0.35  86.40
sde               0.00   967.00    0.00 2480.00     0.00 78408.00    63.23     0.96    0.39    0.00    0.39   0.34  83.20
sde               0.00   952.00    0.00 2487.00     0.00 79056.00    63.58     1.00    0.40    0.00    0.40   0.34  85.20
sde               0.00   957.00    0.00 2520.00     0.00 78680.00    62.44     1.02    0.40    0.00    0.40   0.34  86.00
sde               0.00  1013.00    0.00 2608.00     0.00 82708.00    63.43     0.97    0.38    0.00    0.38   0.31  81.20
sde               0.00   955.00    0.00 2471.00     0.00 79076.00    64.00     1.03    0.42    0.00    0.42   0.35  87.60
sde               0.00   999.00    0.00 2600.00     0.00 81516.00    62.70     1.01    0.39    0.00    0.39   0.34  88.00
sde               0.00   957.00    0.00 2509.00     0.00 79312.00    63.22     1.06    0.42    0.00    0.42   0.36  89.20
sde               0.00   992.00    0.00 2527.00     0.00 80424.00    63.65     1.07    0.43    0.00    0.43   0.35  88.40
sde               0.00   930.00    0.00 2387.00     0.00 77044.00    64.55     0.96    0.40    0.00    0.40   0.35  82.80
sde               0.00  1013.00    0.00 2621.00     0.00 84192.00    64.24     1.04    0.40    0.00    0.40   0.33  85.60
sde               0.00  1011.00    0.00 2613.00     0.00 82844.00    63.41     1.10    0.42    0.00    0.42   0.34  88.40
sde               0.00   947.00    0.00 2440.00     0.00 77596.00    63.60     0.94    0.39    0.00    0.39   0.35  84.80
sde               0.00   977.00    0.00 2558.00     0.00 80772.00    63.15     0.99    0.39    0.00    0.39   0.33  84.00
sde               0.00   957.00    0.00 2505.00     0.00 78480.00    62.66     1.01    0.41    0.00    0.41   0.35  86.80
sde               0.00   980.00    0.00 2564.00     0.00 81272.00    63.39     1.00    0.39    0.00    0.39   0.33  83.60
sde               0.00   974.00    0.00 2469.00     0.00 79128.00    64.10     0.94    0.38    0.00    0.38   0.34  84.80
sde               0.00  1004.00    0.00 2619.00     0.00 83628.00    63.86     1.04    0.40    0.00    0.40   0.33  86.80
sde               0.00   971.00    0.00 2546.00     0.00 79300.00    62.29     1.04    0.41    0.00    0.41   0.35  88.80
sde               0.00   969.00    0.00 2478.00     0.00 77712.00    62.72     0.98    0.39    0.00    0.39   0.33  82.00
sde               0.00   920.00    0.00 2375.00     0.00 75476.00    63.56     0.96    0.40    0.00    0.40   0.36  84.40
sde               0.00  1002.00    0.00 2605.00     0.00 81568.00    62.62     1.08    0.42    0.00    0.42   0.34  89.60
sde               0.00   953.00    0.00 2504.00     0.00 79212.00    63.27     1.08    0.43    0.00    0.43   0.36  89.20
sde               0.00   994.00    0.00 2558.00     0.00 81236.00    63.52     0.98    0.38    0.00    0.38   0.32  82.00
sde               0.00   952.00    0.00 2457.00     0.00 78396.00    63.81     1.06    0.43    0.00    0.43   0.36  88.40
sde               0.00   989.00    0.00 2591.00     0.00 80764.00    62.34     1.01    0.39    0.00    0.39   0.32  83.20
sde               0.00   968.00    0.00 2514.00     0.00 79832.00    63.51     1.03    0.41    0.00    0.41   0.34  85.60
sde               0.00   989.00    0.00 2534.00     0.00 81240.00    64.12     0.93    0.37    0.00    0.37   0.32  80.40
sde               0.00   968.00    0.00 2465.00     0.00 80584.00    65.38     0.95    0.39    0.00    0.39   0.35  85.60
sde               0.00   984.00    0.00 2578.00     0.00 80744.00    62.64     0.98    0.38    0.00    0.38   0.32  83.60
sde               0.00   943.00    0.00 2404.00     0.00 77576.00    64.54     1.00    0.42    0.00    0.42   0.35  84.80
sde               0.00   991.00    0.00 2530.00     0.00 81184.00    64.18     0.98    0.39    0.00    0.39   0.34  85.60
sde               0.00   919.00    0.00 2416.00     0.00 76316.00    63.18     1.00    0.41    0.00    0.41   0.35  83.60
sde               0.00   946.00    0.00 2476.00     0.00 77724.00    62.78     0.98    0.40    0.00    0.40   0.34  83.20
sde               0.00   921.00    0.00 2372.00     0.00 75508.00    63.67     0.96    0.41    0.00    0.41   0.36  84.80
sde               0.00   954.00    0.00 2463.00     0.00 76984.00    62.51     1.05    0.43    0.00    0.43   0.35  87.20
sde               0.00   983.00    0.00 2619.00     0.00 82176.00    62.75     1.10    0.42    0.00    0.42   0.34  88.00
sde               0.00   940.00    0.00 2427.00     0.00 76984.00    63.44     0.94    0.39    0.00    0.39   0.33  80.40
sde               0.00   994.00    0.00 2592.00     0.00 81456.00    62.85     1.06    0.41    0.00    0.41   0.33  85.60
sde               0.00   926.00    0.00 2404.00     0.00 75364.00    62.70     0.97    0.40    0.00    0.40   0.35  83.20
sde               0.00  1004.00    0.00 2631.00     0.00 82236.00    62.51     1.05    0.40    0.00    0.40   0.33  87.20
sde               0.00   962.00    0.00 2509.00     0.00 79316.00    63.23     1.08    0.43    0.00    0.43   0.36  89.20
sde               0.00   951.00    0.00 2456.00     0.00 78400.00    63.84     1.00    0.41    0.00    0.41   0.35  86.40
sde               0.00   950.00    0.00 2470.00     0.00 77608.00    62.84     0.96    0.39    0.00    0.39   0.34  84.80
sde               0.00   989.00    0.00 2583.00     0.00 80740.00    62.52     1.06    0.41    0.00    0.41   0.34  87.60
sde               0.00   922.00    0.00 2405.00     0.00 76968.00    64.01     1.04    0.43    0.00    0.43   0.36  87.60
sde               0.00   951.00    0.00 2447.00     0.00 76920.00    62.87     0.96    0.39    0.00    0.39   0.34  82.00
sde               0.00   911.00    0.00 2351.00     0.00 76008.00    64.66     0.94    0.40    0.00    0.40   0.35  83.20
sde               0.00   985.00    0.00 2574.00     0.00 80088.00    62.23     1.03    0.40    0.00    0.40   0.33  85.20
sde               0.00   993.00    0.00 2515.00     0.00 80668.00    64.15     1.04    0.41    0.00    0.41   0.35  89.20
sde               0.00  1002.00    0.00 2576.00     0.00 81556.00    63.32     0.98    0.38    0.00    0.38   0.33  84.00
sde               0.00   977.00    0.00 2516.00     0.00 79976.00    63.57     1.00    0.40    0.00    0.40   0.35  88.00
sde               0.00   969.00    0.00 2511.00     0.00 79900.00    63.64     0.98    0.39    0.00    0.39   0.34  84.40
sde               0.00   974.00    0.00 2496.00     0.00 79896.00    64.02     1.04    0.42    0.00    0.42   0.35  88.40
sde               0.00   992.00    0.00 2512.00     0.00 81988.00    65.28     0.98    0.39    0.00    0.39   0.34  85.60
sde               0.00   962.00    0.00 2522.00     0.00 79192.00    62.80     1.02    0.41    0.00    0.41   0.35  87.20
sde               0.00   967.00    0.00 2512.00     0.00 79192.00    63.05     1.00    0.40    0.00    0.40   0.33  82.40
sde               0.00   997.00    0.00 2592.00     0.00 82720.00    63.83     1.01    0.39    0.00    0.39   0.33  84.40
sde               0.00   928.00    0.00 2364.00     0.00 74760.00    63.25     0.95    0.40    0.00    0.40   0.35  83.60
sde               0.00   931.00    0.00 2447.00     0.00 77712.00    63.52     1.05    0.43    0.00    0.43   0.34  84.40
sde               0.00  1000.00    0.00 2618.00     0.00 81516.00    62.27     1.06    0.40    0.00    0.40   0.32  82.80
sde               0.00   930.00    0.00 2428.00     0.00 76852.00    63.30     1.00    0.42    0.00    0.42   0.34  82.40
sde               0.00   949.00    0.00 2438.00     0.00 76952.00    63.13     0.93    0.38    0.00    0.38   0.33  80.80
sde               0.00   939.00    0.00 2449.00     0.00 77772.00    63.51     0.95    0.39    0.00    0.39   0.33  81.20
sde               0.00  1005.00    0.00 2600.00     0.00 82836.00    63.72     1.03    0.40    0.00    0.40   0.34  87.20
sde               0.00   929.00    0.00 2402.00     0.00 76832.00    63.97     0.98    0.41    0.00    0.41   0.34  81.60
sde               0.00   983.00    0.00 2550.00     0.00 79932.00    62.69     0.98    0.38    0.00    0.38   0.33  84.40
sde               0.00   961.00    0.00 2532.00     0.00 79356.00    62.68     1.03    0.41    0.00    0.41   0.34  86.00
sde               0.00   989.00    0.00 2533.00     0.00 81192.00    64.11     1.06    0.42    0.00    0.42   0.34  86.80
sde               0.00   938.00    0.00 2409.00     0.00 76944.00    63.88     0.97    0.40    0.00    0.40   0.34  81.20
sde               0.00   950.00    0.00 2400.00     0.00 78324.00    65.27     0.93    0.39    0.00    0.39   0.34  82.00
sde               0.00   891.00    0.00 2333.00     0.00 73252.00    62.80     0.96    0.41    0.00    0.41   0.35  82.40
sde               0.00   934.00    0.00 2395.00     0.00 76864.00    64.19     0.90    0.38    0.00    0.38   0.33  78.00
sde               0.00   925.00    0.00 2394.00     0.00 76196.00    63.66     0.98    0.41    0.00    0.41   0.35  83.60
sde               0.00   945.00    0.00 2463.00     0.00 78328.00    63.60     0.95    0.38    0.00    0.38   0.32  80.00
sde               0.00   951.00    0.00 2456.00     0.00 77732.00    63.30     0.98    0.40    0.00    0.40   0.34  83.60
sde               0.00   993.00    0.00 2559.00     0.00 81444.00    63.65     1.02    0.40    0.00    0.40   0.35  88.80
sde               0.00   965.00    0.00 2467.00     0.00 79616.00    64.54     1.02    0.41    0.00    0.41   0.35  85.60
sde               0.00   950.00    0.00 2416.00     0.00 78552.00    65.03     0.90    0.37    0.00    0.37   0.34  81.60
sde               0.00   988.00    0.00 2492.00     0.00 78724.00    63.18     0.99    0.40    0.00    0.40   0.35  88.00
sde               0.00   971.00    0.00 2464.00     0.00 79872.00    64.83     0.90    0.37    0.00    0.37   0.33  80.80
sde               0.00   979.00    0.00 2499.00     0.00 81248.00    65.02     0.98    0.39    0.00    0.39   0.34  85.20
sde               0.00   984.00    0.00 2532.00     0.00 80664.00    63.72     1.04    0.41    0.00    0.41   0.33  84.40
sde               0.00   992.00    0.00 2558.00     0.00 81372.00    63.62     0.97    0.38    0.00    0.38   0.33  84.00
sde               0.00   960.00    0.00 2502.00     0.00 78580.00    62.81     1.02    0.41    0.00    0.41   0.34  84.40
sde               0.00   998.00    0.00 2575.00     0.00 81964.00    63.66     1.08    0.42    0.00    0.42   0.35  89.20
sde               0.00   959.00    0.00 2490.00     0.00 79232.00    63.64     1.04    0.42    0.00    0.42   0.34  85.60
sde               0.00   991.00    0.00 2548.00     0.00 81384.00    63.88     1.04    0.41    0.00    0.41   0.34  87.20
sde               0.00   956.00    0.00 2436.00     0.00 77612.00    63.72     0.92    0.38    0.00    0.38   0.34  82.40
sde               0.00   987.00    0.00 2540.00     0.00 81556.00    64.22     1.00    0.39    0.00    0.39   0.34  86.00
sde               0.00   919.00    0.00 2382.00     0.00 76640.00    64.35     0.93    0.39    0.00    0.39   0.34  81.60
sde               0.00  1008.00    0.00 2614.00     0.00 82176.00    62.87     1.02    0.39    0.00    0.39   0.33  85.60
sde               0.00   965.00    0.00 2513.00     0.00 79076.00    62.93     1.00    0.40    0.00    0.40   0.34  85.60
sde               0.00   992.00    0.00 2595.00     0.00 81440.00    62.77     0.99    0.38    0.00    0.38   0.32  84.00
sde               0.00   947.00    0.00 2466.00     0.00 77688.00    63.01     0.99    0.40    0.00    0.40   0.34  83.60
sde               0.00   981.00    0.00 2536.00     0.00 81256.00    64.08     0.99    0.39    0.00    0.39   0.32  82.40
sde               0.00   962.00    0.00 2508.00     0.00 79156.00    63.12     1.04    0.41    0.00    0.41   0.35  88.00
sde               0.00   972.00    0.00 2536.00     0.00 79948.00    63.05     1.04    0.41    0.00    0.41   0.35  87.60
sde               0.00   953.00    0.00 2483.00     0.00 78380.00    63.13     1.06    0.43    0.00    0.43   0.35  87.20
sde               0.00   965.00    0.00 2513.00     0.00 78600.00    62.55     0.98    0.39    0.00    0.39   0.33  82.40
sde               0.00   948.00    0.00 2480.00     0.00 78392.00    63.22     0.99    0.40    0.00    0.40   0.34  84.80
sde               0.00   988.00    0.00 2553.00     0.00 81308.00    63.70     1.00    0.39    0.00    0.39   0.33  83.60
sde               0.00   961.00    0.00 2487.00     0.00 78528.00    63.15     0.96    0.39    0.00    0.39   0.33  83.20
sde               0.00  1014.00    0.00 2628.00     0.00 83576.00    63.60     1.04    0.40    0.00    0.40   0.33  87.60
sde               0.00   944.00    0.00 2440.00     0.00 78292.00    64.17     0.96    0.39    0.00    0.39   0.33  81.60
sde               0.00   992.00    0.00 2553.00     0.00 82012.00    64.25     0.99    0.39    0.00    0.39   0.34  85.60
sde               0.00   924.00    0.00 2422.00     0.00 76224.00    62.94     0.97    0.40    0.00    0.40   0.36  86.00
sde               0.00  1001.98    0.00 2558.42     0.00 82586.14    64.56     0.96    0.38    0.00    0.38   0.33  85.15
