sde               0.00     1.03    0.00    1.98     0.00   132.43   133.69     0.01    3.52    1.91    3.52   0.40   0.08
sde               0.00     1.00    0.00    4.00     0.00    20.00    10.00     0.00    0.00    0.00    0.00   0.00   0.00
sde               0.00   520.00    0.00  971.00     0.00 122012.00   251.31     0.62    0.64    0.00    0.64   0.49  47.20
sde               0.00   750.00    0.00 1370.00     0.00 177048.00   258.46     1.05    0.77    0.00    0.77   0.58  79.60
sde               0.00   569.00    0.00 1038.00     0.00 135660.00   261.39     1.14    1.09    0.00    1.09   0.82  85.60
sde               0.00   632.00    0.00 1115.00     0.00 146392.00   262.59     1.22    1.10    0.00    1.10   0.74  82.40
sde               0.00   600.00    0.00  928.00     0.00 120172.00   258.99     1.37    1.47    0.00    1.47   0.94  86.80
sde               0.00   646.00    0.00  987.00     0.00 128720.00   260.83     1.35    1.38    0.00    1.38   0.88  87.20
sde               0.00   773.00    0.00 1156.00     0.00 152136.00   263.21     1.23    1.07    0.00    1.07   0.74  85.60
sde               0.00   785.00    0.00 1158.00     0.00 156396.00   270.11     1.14    0.99    0.00    0.99   0.72  82.80
sde               0.00   754.00    0.00 1081.00     0.00 151024.00   279.42     1.12    1.04    0.00    1.04   0.79  85.60
sde               0.00   586.00    0.00  841.00     0.00 113844.00   270.73     1.16    1.37    0.00    1.37   1.01  85.20
sde               0.00   779.00    0.00 1117.00     0.00 154280.00   276.24     1.15    1.03    0.00    1.03   0.79  88.00
sde               0.00   785.00    0.00 1126.00     0.00 156284.00   277.59     1.02    0.91    0.00    0.91   0.73  82.00
sde               0.00   518.00    0.00  750.00     0.00 103240.00   275.31     1.25    1.66    0.00    1.66   1.18  88.80
sde               0.00   616.00    0.00  897.00     0.00 122312.00   272.71     1.09    1.22    0.00    1.22   0.93  83.20
sde               0.00   779.00    0.00 1098.00     0.00 154276.00   281.01     1.05    0.96    0.00    0.96   0.75  82.40
sde               0.00   867.00    0.00 1216.00     0.00 172268.00   283.34     0.95    0.78    0.00    0.78   0.65  79.60
sde               0.00   879.00    0.00 1229.00     0.00 174500.00   283.97     1.09    0.89    0.00    0.89   0.69  85.20
sde               0.00   738.00    0.00 1032.00     0.00 145764.00   282.49     1.13    1.09    0.00    1.09   0.86  88.80
sde               0.00   352.00    0.00  507.00     0.00 70212.00   276.97     1.36    2.69    0.00    2.69   1.84  93.20
sde               0.00   314.00    0.00  457.00     0.00 62760.00   274.66     1.36    2.98    0.00    2.98   1.98  90.40
sde               0.00   310.00    0.00  436.00     0.00 61668.00   282.88     1.26    2.89    0.00    2.89   2.08  90.80
sde               0.00   324.00    0.00  465.00     0.00 63844.00   274.60     1.26    2.71    0.00    2.71   1.99  92.40
sde               0.00   399.00    0.00  566.00     0.00 78736.00   278.22     1.08    1.89    0.00    1.89   1.49  84.40
sde               0.00   324.00    0.00  459.00     0.00 63852.00   278.22     1.22    2.64    0.00    2.64   2.01  92.40
sde               0.00   330.00    0.00  472.00     0.00 64900.00   275.00     1.38    2.93    0.00    2.93   1.99  94.00
sde               0.00   384.00    0.00  547.00     0.00 75564.00   276.29     1.30    2.37    0.00    2.37   1.68  92.00
sde               0.00   402.00    0.00  574.00     0.00 78644.00   274.02     1.25    2.19    0.00    2.19   1.54  88.40
sde               0.00   607.00    0.00  864.00     0.00 121364.00   280.94     1.17    1.34    0.00    1.34   1.03  89.20
sde               0.00   594.00    0.00  837.00     0.00 115948.00   277.06     1.18    1.41    0.00    1.41   1.02  85.60
sde               0.00   314.00    0.00  439.00     0.00 61696.00   281.08     1.25    2.86    0.00    2.86   2.13  93.60
sde               0.00   386.00    0.00  493.00     0.00 69344.00   281.31     1.16    2.34    0.00    2.34   1.83  90.00
sde               0.00   295.00    0.00  385.00     0.00 57432.00   298.35     0.90    2.34    0.00    2.34   2.35  90.40
sde               0.00   493.00    0.00  642.00     0.00 96852.00   301.72     0.90    1.41    0.00    1.41   1.40  89.60
sde               0.00   635.00    0.00  845.00     0.00 126552.00   299.53     0.86    1.03    0.00    1.03   1.02  86.00
sde               0.00   602.00    0.00  847.00     0.00 118576.00   279.99     0.92    1.08    0.00    1.08   0.96  81.20
sde               0.00   671.00    0.00  891.00     0.00 131388.00   294.92     0.86    0.97    0.00    0.97   0.94  84.00
sde               0.00   645.00    0.00  841.00     0.00 125520.00   298.50     0.85    1.01    0.00    1.01   1.01  84.80
sde               0.00   603.00    0.00  808.00     0.00 120284.00   297.73     0.85    1.04    0.00    1.04   1.04  84.40
sde               0.00   979.00    0.00 1288.00     0.00 192500.00   298.91     0.82    0.63    0.00    0.63   0.62  80.00
sde               0.00   736.00    0.00  970.00     0.00 144680.00   298.31     0.83    0.85    0.00    0.85   0.85  82.40
sde               0.00   742.00    0.00  985.00     0.00 145748.00   295.94     0.90    0.91    0.00    0.91   0.89  87.60
sde               0.00   720.00    0.00  955.00     0.00 143600.00   300.73     0.88    0.92    0.00    0.92   0.90  86.40
sde               0.00   687.00    0.00  936.00     0.00 136132.00   290.88     0.88    0.95    0.00    0.95   0.87  81.20
sde               0.00   699.00    0.00  915.00     0.00 137080.00   299.63     0.86    0.94    0.00    0.94   0.94  85.60
sde               0.00   645.54    0.00  845.54     0.00 125493.07   296.83     0.84    0.99    0.00    0.99   0.98  82.77
sde               0.00   779.00    0.00 1028.00     0.00 154148.00   299.90     0.84    0.81    0.00    0.81   0.81  83.20
sde               0.00   736.00    0.00  964.00     0.00 144672.00   300.15     0.86    0.90    0.00    0.90   0.89  85.60
sde               0.00   741.00    0.00  968.00     0.00 144704.00   298.98     0.84    0.87    0.00    0.87   0.86  83.60
sde               0.00   547.00    0.00  721.00     0.00 108548.00   301.10     0.88    1.21    0.00    1.21   1.21  87.20
sde               0.00   652.00    0.00  863.00     0.00 129756.00   300.71     0.90    1.05    0.00    1.05   1.04  89.60
sde               0.00   616.00    0.00  824.00     0.00 121228.00   294.24     0.88    1.07    0.00    1.07   1.02  84.40
sde               0.00   703.00    0.00  936.00     0.00 138304.00   295.52     0.85    0.92    0.00    0.92   0.91  84.80
sde               0.00   629.00    0.00  825.00     0.00 123372.00   299.08     0.88    1.06    0.00    1.06   1.06  87.20
sde               0.00   750.00    0.00 1011.00     0.00 148980.00   294.72     0.88    0.87    0.00    0.87   0.87  88.00
sde               0.00   859.00    0.00 1130.00     0.00 168036.00   297.41     0.87    0.77    0.00    0.77   0.77  86.80
sde               0.00   780.00    0.00 1022.00     0.00 153220.00   299.84     0.89    0.87    0.00    0.87   0.87  89.20
sde               0.00   676.00    0.00  899.00     0.00 132988.00   295.86     0.88    0.98    0.00    0.98   0.97  87.20
sde               0.00   545.00    0.00  728.00     0.00 108568.00   298.26     0.92    1.27    0.00    1.27   1.26  92.00
sde               0.00   794.00    0.00 1042.00     0.00 155204.00   297.90     0.86    0.83    0.00    0.83   0.81  84.40
sde               0.00   700.00    0.00  926.00     0.00 137272.00   296.48     0.88    0.95    0.00    0.95   0.95  88.00
sde               0.00   571.00    0.00  719.00     0.00 106588.00   296.49     1.12    1.55    0.00    1.55   1.27  91.60
sde               0.00   573.00    0.00  762.00     0.00 113780.00   298.64     0.87    1.15    0.00    1.15   1.13  86.40
sde               0.00   691.00    0.00  913.00     0.00 135104.00   295.96     0.86    0.94    0.00    0.94   0.92  84.40
sde               0.00   696.00    0.00  915.00     0.00 137220.00   299.93     0.87    0.95    0.00    0.95   0.94  86.40
sde               0.00   824.00    0.00 1088.00     0.00 162780.00   299.23     0.86    0.79    0.00    0.79   0.79  86.00
sde               0.00   627.00    0.00  845.00     0.00 124432.00   294.51     0.92    1.10    0.00    1.10   1.06  89.20
sde               0.00   741.00    0.00  974.00     0.00 145736.00   299.25     0.88    0.90    0.00    0.90   0.90  88.00
sde               0.00  1015.00    0.00 1325.00     0.00 198920.00   300.26     0.80    0.60    0.00    0.60   0.60  79.20
sde               0.00  1020.00    0.00 1463.00     0.00 203140.00   277.70     0.90    0.62    0.00    0.62   0.52  76.40
sde               0.00  1019.00    0.00 1406.00     0.00 201032.00   285.96     0.86    0.61    0.00    0.61   0.55  77.60
sde               0.00   867.00    0.00 1135.00     0.00 169100.00   297.97     0.85    0.75    0.00    0.75   0.75  85.20
sde               0.00  1055.00    0.00 1450.00     0.00 209560.00   289.05     0.83    0.57    0.00    0.57   0.52  76.00
sde               0.00   968.00    0.00 1274.00     0.00 191532.00   300.68     0.82    0.64    0.00    0.64   0.64  82.00
sde               0.00  1074.00    0.00 1427.00     0.00 209484.00   293.60     0.81    0.57    0.00    0.57   0.55  78.00
sde               0.00   898.00    0.00 1186.00     0.00 179776.00   303.16     0.84    0.71    0.00    0.71   0.71  84.00
sde               0.00   850.00    0.00 1118.00     0.00 166424.00   297.72     0.81    0.73    0.00    0.73   0.73  81.20
sde               0.00  1077.00    0.00 1470.00     0.00 211200.00   287.35     0.87    0.59    0.00    0.59   0.54  79.20
sde               0.00  1046.00    0.00 1479.00     0.00 208508.00   281.96     0.86    0.58    0.00    0.58   0.51  75.60
sde               0.00  1049.00    0.00 1444.00     0.00 207428.00   287.30     0.88    0.61    0.00    0.61   0.56  80.40
sde               0.00  1085.00    0.00 1448.00     0.00 214904.00   296.83     0.80    0.56    0.00    0.56   0.55  79.60
sde               0.00  1084.00    0.00 1426.00     0.00 211736.00   296.96     0.84    0.59    0.00    0.59   0.58  82.40
sde               0.00  1096.00    0.00 1451.00     0.00 214908.00   296.22     0.84    0.58    0.00    0.58   0.56  81.20
sde               0.00  1085.00    0.00 1445.00     0.00 214912.00   297.46     0.82    0.57    0.00    0.57   0.56  81.20
sde               0.00  1102.00    0.00 1462.00     0.00 214816.00   293.87     0.81    0.56    0.00    0.56   0.54  78.80
sde               0.00  1058.00    0.00 1451.00     0.00 209580.00   288.88     0.87    0.60    0.00    0.60   0.55  80.40
sde               0.00  1119.00    0.00 1469.00     0.00 220216.00   299.82     0.85    0.58    0.00    0.58   0.58  84.80
sde               0.00  1155.00    0.00 1515.00     0.00 227660.00   300.54     0.80    0.53    0.00    0.53   0.53  80.00
sde               0.00  1019.00    0.00 1396.00     0.00 203152.00   291.05     0.79    0.57    0.00    0.57   0.54  74.80
sde               0.00  1030.00    0.00 1402.00     0.00 201128.00   286.92     0.84    0.60    0.00    0.60   0.55  76.80
sde               0.00  1000.00    0.00 1366.00     0.00 196792.00   288.13     0.86    0.63    0.00    0.63   0.58  79.20
sde               0.00  1089.00    0.00 1437.00     0.00 207632.00   288.98     0.86    0.60    0.00    0.60   0.54  78.00
sde               0.00  1034.00    0.00 1367.00     0.00 203176.00   297.26     0.80    0.59    0.00    0.59   0.56  76.80
sde               0.00  1066.00    0.00 1421.00     0.00 211672.00   297.92     0.82    0.58    0.00    0.58   0.55  78.40
sde               0.00  1050.00    0.00 1494.00     0.00 208488.00   279.10     1.00    0.67    0.00    0.67   0.52  78.00
sde               0.00  1074.00    0.00 1557.00     0.00 213828.00   274.67     1.05    0.68    0.00    0.68   0.50  78.00
sde               0.00  1064.00    0.00 1544.00     0.00 212752.00   275.59     1.02    0.66    0.00    0.66   0.51  78.40
sde               0.00  1001.00    0.00 1456.00     0.00 198904.00   273.22     1.04    0.71    0.00    0.71   0.51  74.80
sde               0.00  1032.00    0.00 1475.00     0.00 205308.00   278.38     1.02    0.69    0.00    0.69   0.53  77.60
sde               0.00  1047.00    0.00 1528.00     0.00 209532.00   274.26     1.07    0.70    0.00    0.70   0.51  78.40
sde               0.00  1023.00    0.00 1488.00     0.00 203200.00   273.12     1.03    0.69    0.00    0.69   0.51  76.40
sde               0.00  1042.00    0.00 1486.00     0.00 207424.00   279.17     0.98    0.66    0.00    0.66   0.50  74.80
sde               0.00   993.00    0.00 1447.00     0.00 196788.00   271.99     1.01    0.70    0.00    0.70   0.52  75.20
sde               0.00  1026.00    0.00 1461.00     0.00 203176.00   278.13     0.91    0.62    0.00    0.62   0.50  73.60
sde               0.00  1028.00    0.00 1455.00     0.00 205300.00   282.20     0.96    0.66    0.00    0.66   0.54  78.80
sde               0.00  1000.00    0.00 1313.00     0.00 195728.00   298.14     0.77    0.58    0.00    0.58   0.58  76.00
sde               0.00  1017.00    0.00 1339.00     0.00 198960.00   297.18     0.76    0.56    0.00    0.56   0.56  74.80
sde               0.00  1087.00    0.00 1441.00     0.00 214888.00   298.25     0.77    0.54    0.00    0.54   0.53  76.00
sde               0.00  1087.00    0.00 1426.00     0.00 213832.00   299.90     0.81    0.57    0.00    0.57   0.57  81.20
sde               0.00  1064.00    0.00 1413.00     0.00 210644.00   298.15     0.80    0.57    0.00    0.57   0.57  80.00
sde               0.00  1014.00    0.00 1337.00     0.00 198932.00   297.58     0.81    0.60    0.00    0.60   0.60  80.80
sde               0.00   988.00    0.00 1298.00     0.00 193596.00   298.30     0.74    0.57    0.00    0.57   0.57  73.60
sde               0.00  1010.00    0.00 1337.00     0.00 199968.00   299.13     0.76    0.57    0.00    0.57   0.56  75.20
sde               0.00   958.00    0.00 1260.00     0.00 187224.00   297.18     0.73    0.58    0.00    0.58   0.58  72.80
sde               0.00  1072.00    0.00 1416.00     0.00 211688.00   298.99     0.79    0.56    0.00    0.56   0.56  78.80
sde               0.00   969.00    0.00 1286.00     0.00 190416.00   296.14     0.73    0.57    0.00    0.57   0.57  72.80
sde               0.00  1023.00    0.00 1354.00     0.00 201060.00   296.99     0.75    0.55    0.00    0.55   0.55  74.40
sde               0.00   991.00    0.00 1315.00     0.00 194708.00   296.13     0.75    0.57    0.00    0.57   0.57  74.40
sde               0.00  1094.00    0.00 1445.00     0.00 214912.00   297.46     0.79    0.55    0.00    0.55   0.55  78.80
sde               0.00  1062.00    0.00 1400.00     0.00 208516.00   297.88     0.81    0.58    0.00    0.58   0.58  80.80
sde               0.00  1047.00    0.00 1390.00     0.00 207444.00   298.48     0.80    0.58    0.00    0.58   0.57  79.20
sde               0.00  1097.00    0.00 1408.00     0.00 207652.00   294.96     0.80    0.57    0.00    0.57   0.57  79.60
sde               0.00  1072.00    0.00 1407.00     0.00 210640.00   299.42     0.80    0.57    0.00    0.57   0.57  80.40
sde               0.00   980.00    0.00 1289.00     0.00 193556.00   300.32     0.77    0.60    0.00    0.60   0.60  77.20
sde               0.00  1053.00    0.00 1370.00     0.00 206344.00   301.23     0.78    0.57    0.00    0.57   0.57  77.60
sde               0.00  1016.00    0.00 1345.00     0.00 200028.00   297.44     0.76    0.57    0.00    0.57   0.56  75.20
sde               0.00  1039.00    0.00 1356.00     0.00 203180.00   299.68     0.77    0.57    0.00    0.57   0.57  76.80
sde               0.00  1068.00    0.00 1398.00     0.00 208520.00   298.31     0.78    0.56    0.00    0.56   0.56  78.00
sde               0.00  1071.00    0.00 1406.00     0.00 211696.00   301.13     0.80    0.57    0.00    0.57   0.57  80.40
sde               0.00  1049.00    0.00 1370.00     0.00 205304.00   299.71     0.80    0.58    0.00    0.58   0.58  79.60
sde               0.00  1072.00    0.00 1406.00     0.00 210644.00   299.64     0.78    0.55    0.00    0.55   0.55  77.60
sde               0.00   952.00    0.00 1260.00     0.00 189268.00   300.43     0.76    0.60    0.00    0.60   0.61  76.40
