sde               0.00     1.30    0.00    2.74     0.00   173.20   126.27     0.01    2.73    1.91    2.73   0.41   0.11
sde               0.00     1.00    0.00    4.00     0.00    20.00    10.00     0.00    0.00    0.00    0.00   0.00   0.00
sde               0.00   331.00    0.00 1196.00     0.00 43848.00    73.32     1.09    0.92    0.00    0.92   0.36  43.60
sde               0.00   612.00    0.00 2407.00     0.00 86012.00    71.47     2.38    0.99    0.00    0.99   0.36  85.60
sde               0.00   577.00    0.00 2293.00     0.00 85532.00    74.60     2.20    0.96    0.00    0.96   0.37  84.40
sde               0.00   587.00    0.00 2230.00     0.00 100140.00    89.81     2.52    1.13    0.00    1.13   0.38  84.40
sde               0.00   547.00    0.00 2177.00     0.00 92696.00    85.16     2.38    1.10    0.00    1.10   0.38  82.80
sde               0.00   564.00    0.00 2243.00     0.00 92968.00    82.90     2.38    1.06    0.00    1.06   0.38  85.60
sde               0.00   533.00    0.00 2031.00     0.00 84192.00    82.91     2.62    1.29    0.00    1.29   0.43  87.20
sde               0.00   546.00    0.00 2108.00     0.00 84720.00    80.38     2.68    1.27    0.00    1.27   0.42  88.40
sde               0.00   565.00    0.00 2229.00     0.00 77656.00    69.68     2.38    1.07    0.00    1.07   0.39  86.80
sde               0.00   539.00    0.00 2104.00     0.00 69544.00    66.11     2.32    1.10    0.00    1.10   0.42  88.40
sde               0.00   611.00    0.00 2325.00     0.00 77744.00    66.88     2.29    0.99    0.00    0.99   0.38  88.40
sde               0.00   588.00    0.00 2285.00     0.00 77792.00    68.09     2.16    0.95    0.00    0.95   0.37  84.00
sde               0.00   581.00    0.00 2265.00     0.00 77832.00    68.73     2.17    0.96    0.00    0.96   0.38  86.00
sde               0.00   611.00    0.00 2343.00     0.00 85560.00    73.03     2.22    0.95    0.00    0.95   0.36  85.20
sde               0.00   562.00    0.00 2145.00     0.00 69688.00    64.98     1.96    0.92    0.00    0.92   0.41  87.60
sde               0.00   586.00    0.00 2191.00     0.00 77548.00    70.79     2.04    0.93    0.00    0.93   0.39  84.80
sde               0.00   564.00    0.00 2190.00     0.00 77588.00    70.86     2.10    0.96    0.00    0.96   0.39  84.80
sde               0.00   558.00    0.00 2068.00     0.00 69332.00    67.05     2.01    0.97    0.00    0.97   0.42  86.80
sde               0.00   577.00    0.00 2204.00     0.00 77600.00    70.42     1.91    0.87    0.00    0.87   0.38  83.20
sde               0.00   583.00    0.00 2213.00     0.00 77644.00    70.17     1.96    0.89    0.00    0.89   0.39  86.00
sde               0.00   567.00    0.00 2133.00     0.00 77452.00    72.62     2.03    0.95    0.00    0.95   0.41  88.40
sde               0.00   557.00    0.00 2099.00     0.00 77048.00    73.41     2.12    0.99    0.00    0.99   0.41  86.80
sde               0.00   560.00    0.00 2108.00     0.00 69444.00    65.89     2.14    1.03    0.00    1.03   0.41  85.60
sde               0.00   533.00    0.00 2011.00     0.00 69316.00    68.94     2.26    1.13    0.00    1.13   0.45  89.60
sde               0.00   544.00    0.00 2050.00     0.00 72556.00    70.79     1.99    0.96    0.00    0.96   0.40  82.40
sde               0.00   601.00    0.00 2251.00     0.00 78228.00    69.51     1.71    0.73    0.00    0.73   0.36  81.60
sde               0.00   582.00    0.00 2187.00     0.00 74020.00    67.69     1.75    0.84    0.00    0.84   0.39  85.20
sde               0.00   586.00    0.00 2233.00     0.00 77760.00    69.65     1.70    0.76    0.00    0.76   0.39  86.00
sde               0.00   601.00    0.00 2238.00     0.00 77920.00    69.63     1.87    0.83    0.00    0.83   0.38  85.20
sde               0.00   587.00    0.00 2210.00     0.00 82640.00    74.79     1.88    0.83    0.00    0.83   0.38  84.40
sde               0.00   589.00    0.00 2140.00     0.00 72400.00    67.66     1.82    0.87    0.00    0.87   0.40  84.80
sde               0.00   547.00    0.00 2057.00     0.00 69492.00    67.57     2.14    1.02    0.00    1.02   0.40  83.20
sde               0.00   575.00    0.00 2149.00     0.00 77312.00    71.95     2.04    0.96    0.00    0.96   0.40  85.20
sde               0.00   563.00    0.00 2077.00     0.00 77048.00    74.19     1.93    0.93    0.00    0.93   0.41  85.20
sde               0.00   565.00    0.00 2146.00     0.00 69988.00    65.23     1.80    0.82    0.00    0.82   0.38  82.40
sde               0.00   575.00    0.00 2152.00     0.00 77320.00    71.86     1.98    0.93    0.00    0.93   0.39  84.80
sde               0.00   567.00    0.00 2123.00     0.00 77360.00    72.88     1.80    0.85    0.00    0.85   0.41  87.20
sde               0.00   597.00    0.00 2190.00     0.00 77504.00    70.78     1.83    0.84    0.00    0.84   0.38  83.60
sde               0.00   526.00    0.00 1994.00     0.00 69264.00    69.47     2.06    1.03    0.00    1.03   0.42  84.40
sde               0.00   493.00    0.00 1848.00     0.00 66960.00    72.47     2.48    1.29    0.00    1.29   0.47  87.60
sde               0.00   529.00    0.00 1993.00     0.00 70824.00    71.07     2.34    1.22    0.00    1.22   0.43  85.60
sde               0.00   522.00    0.00 1913.00     0.00 65160.00    68.12     2.27    1.11    0.00    1.11   0.46  87.60
sde               0.00   584.00    0.00 2199.00     0.00 77244.00    70.25     1.80    0.86    0.00    0.86   0.38  84.00
sde               0.00   592.00    0.00 2206.00     0.00 73984.00    67.08     1.75    0.82    0.00    0.82   0.39  85.60
sde               0.00   595.00    0.00 2235.00     0.00 77904.00    69.71     1.71    0.77    0.00    0.77   0.37  81.60
sde               0.00   591.00    0.00 2194.00     0.00 80080.00    73.00     1.73    0.76    0.00    0.76   0.38  82.80
sde               0.00   605.00    0.00 2284.00     0.00 83104.00    72.77     1.56    0.72    0.00    0.72   0.36  81.20
sde               0.00   590.00    0.00 2228.00     0.00 77708.00    69.76     1.79    0.80    0.00    0.80   0.38  84.00
sde               0.00   579.00    0.00 2150.00     0.00 77444.00    72.04     1.92    0.89    0.00    0.89   0.40  85.20
sde               0.00   614.00    0.00 2282.00     0.00 77952.00    68.32     1.46    0.64    0.00    0.64   0.36  81.60
sde               0.00   549.00    0.00 2081.00     0.00 74408.00    71.51     1.68    0.78    0.00    0.78   0.41  85.20
sde               0.00   604.00    0.00 2241.00     0.00 80832.00    72.14     1.48    0.68    0.00    0.68   0.39  87.60
sde               0.00   552.00    0.00 2054.00     0.00 69496.00    67.67     1.66    0.81    0.00    0.81   0.41  84.40
sde               0.00   536.00    0.00 1996.00     0.00 75380.00    75.53     1.63    0.79    0.00    0.79   0.41  82.00
sde               0.00   576.00    0.00 2180.00     0.00 71492.00    65.59     1.60    0.74    0.00    0.74   0.39  84.80
sde               0.00   586.00    0.00 2217.00     0.00 77892.00    70.27     1.57    0.72    0.00    0.72   0.39  86.40
sde               0.00   593.00    0.00 2207.00     0.00 78660.00    71.28     1.52    0.67    0.00    0.67   0.38  84.00
sde               0.00   570.00    0.00 2100.00     0.00 76212.00    72.58     1.56    0.77    0.00    0.77   0.41  85.20
sde               0.00   570.00    0.00 2154.00     0.00 77652.00    72.10     1.56    0.73    0.00    0.73   0.40  85.20
sde               0.00   581.00    0.00 2145.00     0.00 77532.00    72.29     1.54    0.72    0.00    0.72   0.40  85.20
sde               0.00   610.00    0.00 2198.00     0.00 77696.00    70.70     1.52    0.69    0.00    0.69   0.38  84.00
sde               0.00   610.00    0.00 2300.00     0.00 78120.00    67.93     1.49    0.65    0.00    0.65   0.37  84.80
sde               0.00   589.00    0.00 2215.00     0.00 77912.00    70.35     1.46    0.66    0.00    0.66   0.38  84.40
sde               0.00   606.00    0.00 2221.00     0.00 85388.00    76.89     1.48    0.67    0.00    0.67   0.38  83.60
sde               0.00   624.00    0.00 2307.00     0.00 78068.00    67.68     1.49    0.65    0.00    0.65   0.36  84.00
sde               0.00   584.00    0.00 2220.00     0.00 77896.00    70.18     1.54    0.69    0.00    0.69   0.38  84.80
sde               0.00   606.00    0.00 2267.00     0.00 78132.00    68.93     1.48    0.65    0.00    0.65   0.36  82.40
sde               0.00   585.00    0.00 2161.00     0.00 77476.00    71.70     1.53    0.71    0.00    0.71   0.40  85.60
sde               0.00   584.00    0.00 2204.00     0.00 77740.00    70.54     1.54    0.70    0.00    0.70   0.38  83.60
sde               0.00   513.00    0.00 1946.00     0.00 69012.00    70.93     1.90    0.98    0.00    0.98   0.43  83.20
sde               0.00   511.00    0.00 1914.00     0.00 69028.00    72.13     1.86    0.97    0.00    0.97   0.45  86.00
sde               0.00   545.00    0.00 1981.00     0.00 69116.00    69.78     1.82    0.92    0.00    0.92   0.43  84.40
sde               0.00   556.00    0.00 2078.00     0.00 77120.00    74.23     1.68    0.81    0.00    0.81   0.41  85.60
sde               0.00   493.00    0.00 1845.00     0.00 68756.00    74.53     1.94    1.05    0.00    1.05   0.47  86.80
sde               0.00   485.00    0.00 1837.00     0.00 61040.00    66.46     2.06    1.12    0.00    1.12   0.47  85.60
sde               0.00   518.00    0.00 1872.00     0.00 68556.00    73.24     1.80    0.96    0.00    0.96   0.46  86.80
sde               0.00   576.00    0.00 2199.00     0.00 77824.00    70.78     1.52    0.69    0.00    0.69   0.37  80.80
sde               0.00   527.00    0.00 2014.00     0.00 76044.00    75.52     1.75    0.85    0.00    0.85   0.40  81.20
sde               0.00   525.00    0.00 1942.00     0.00 65484.00    67.44     1.82    0.91    0.00    0.91   0.45  87.20
sde               0.00   554.00    0.00 2061.00     0.00 73980.00    71.79     1.68    0.86    0.00    0.86   0.41  84.40
sde               0.00   559.00    0.00 2102.00     0.00 77324.00    73.57     1.71    0.81    0.00    0.81   0.41  85.20
sde               0.00   548.00    0.00 2093.00     0.00 69732.00    66.63     1.56    0.75    0.00    0.75   0.42  88.40
sde               0.00   592.00    0.00 2217.00     0.00 83144.00    75.01     1.56    0.69    0.00    0.69   0.37  82.80
sde               0.00   569.00    0.00 2091.00     0.00 71840.00    68.71     1.57    0.77    0.00    0.77   0.41  85.20
sde               0.00   588.00    0.00 2239.00     0.00 80912.00    72.28     1.54    0.66    0.00    0.66   0.38  85.20
sde               0.00   578.00    0.00 2151.00     0.00 74500.00    69.27     1.48    0.71    0.00    0.71   0.40  85.20
sde               0.00   593.00    0.00 2198.00     0.00 77740.00    70.74     1.46    0.66    0.00    0.66   0.39  85.60
sde               0.00   588.00    0.00 2206.00     0.00 78764.00    71.41     1.50    0.67    0.00    0.67   0.38  84.80
sde               0.00   574.00    0.00 2181.00     0.00 76608.00    70.25     1.56    0.73    0.00    0.73   0.39  84.00
sde               0.00   592.00    0.00 2199.00     0.00 77760.00    70.72     1.55    0.70    0.00    0.70   0.38  84.40
sde               0.00   565.00    0.00 2018.00     0.00 69308.00    68.69     1.81    0.90    0.00    0.90   0.41  83.20
sde               0.00   513.00    0.00 1956.00     0.00 72604.00    74.24     1.68    0.84    0.00    0.84   0.44  85.60
sde               0.00   562.00    0.00 2094.00     0.00 74000.00    70.68     1.62    0.79    0.00    0.79   0.40  83.60
sde               0.00   548.00    0.00 2044.00     0.00 69460.00    67.96     1.68    0.82    0.00    0.82   0.41  84.80
sde               0.00   516.00    0.00 1895.00     0.00 69632.00    73.49     1.72    0.89    0.00    0.89   0.45  85.20
sde               0.00   562.00    0.00 2110.00     0.00 76460.00    72.47     1.66    0.80    0.00    0.80   0.41  86.40
sde               0.00   581.00    0.00 2183.00     0.00 77784.00    71.26     1.59    0.73    0.00    0.73   0.39  85.60
sde               0.00   562.00    0.00 2083.00     0.00 69496.00    66.73     1.58    0.76    0.00    0.76   0.41  84.80
sde               0.00   610.00    0.00 2245.00     0.00 85480.00    76.15     1.55    0.69    0.00    0.69   0.38  84.80
sde               0.00   547.00    0.00 2072.00     0.00 73608.00    71.05     1.56    0.74    0.00    0.74   0.40  82.40
sde               0.00   590.00    0.00 2204.00     0.00 78380.00    71.13     1.54    0.69    0.00    0.69   0.37  82.00
sde               0.00   597.00    0.00 2193.00     0.00 80688.00    73.59     1.54    0.73    0.00    0.73   0.37  80.40
sde               0.00   599.00    0.00 2231.00     0.00 77984.00    69.91     1.48    0.66    0.00    0.66   0.37  82.80
sde               0.00   552.48    0.00 2037.62     0.00 76419.80    75.01     1.53    0.75    0.00    0.75   0.42  85.54
sde               0.00   571.00    0.00 2163.00     0.00 69888.00    64.62     1.54    0.71    0.00    0.71   0.39  83.60
sde               0.00   578.00    0.00 2169.00     0.00 77720.00    71.66     1.62    0.73    0.00    0.73   0.39  84.40
sde               0.00   598.00    0.00 2189.00     0.00 77476.00    70.79     1.45    0.68    0.00    0.68   0.38  82.80
sde               0.00   574.00    0.00 2161.00     0.00 77560.00    71.78     1.57    0.73    0.00    0.73   0.39  83.20
sde               0.00   540.00    0.00 2059.00     0.00 77260.00    75.05     1.71    0.83    0.00    0.83   0.42  86.40
sde               0.00   558.00    0.00 2092.00     0.00 76392.00    73.03     1.66    0.77    0.00    0.77   0.41  85.20
sde               0.00   587.00    0.00 2136.00     0.00 70644.00    66.15     1.59    0.76    0.00    0.76   0.39  84.00
sde               0.00   560.00    0.00 2127.00     0.00 77412.00    72.79     1.54    0.72    0.00    0.72   0.39  83.60
sde               0.00   544.00    0.00 2070.00     0.00 72712.00    70.25     1.66    0.77    0.00    0.77   0.42  86.00
sde               0.00   589.00    0.00 2182.00     0.00 74604.00    68.38     1.54    0.73    0.00    0.73   0.38  84.00
sde               0.00   583.00    0.00 2159.00     0.00 83964.00    77.78     1.64    0.75    0.00    0.75   0.40  86.80
sde               0.00   578.00    0.00 2185.00     0.00 78800.00    72.13     1.59    0.74    0.00    0.74   0.38  84.00
sde               0.00   524.00    0.00 1984.00     0.00 66756.00    67.29     1.70    0.81    0.00    0.81   0.44  86.80
sde               0.00   560.00    0.00 2081.00     0.00 72160.00    69.35     1.68    0.85    0.00    0.85   0.42  87.60
sde               0.00   577.00    0.00 2158.00     0.00 77436.00    71.77     1.60    0.74    0.00    0.74   0.38  82.40
sde               0.00   594.00    0.00 2211.00     0.00 77776.00    70.35     1.56    0.71    0.00    0.71   0.38  84.80
sde               0.00   567.00    0.00 2071.00     0.00 69756.00    67.36     1.72    0.83    0.00    0.83   0.41  85.20
sde               0.00   606.00    0.00 2249.00     0.00 77828.00    69.21     1.48    0.66    0.00    0.66   0.37  82.80
sde               0.00   586.00    0.00 2203.00     0.00 84236.00    76.47     1.41    0.63    0.00    0.63   0.37  82.40
sde               0.00   626.00    0.00 2319.00     0.00 79404.00    68.48     1.46    0.64    0.00    0.64   0.39  89.60
sde               0.00   600.00    0.00 2260.00     0.00 77972.00    69.00     1.46    0.65    0.00    0.65   0.37  83.60
sde               0.00   592.00    0.00 2182.00     0.00 77676.00    71.20     1.45    0.65    0.00    0.65   0.38  84.00
sde               0.00   617.00    0.00 2280.00     0.00 85732.00    75.20     1.56    0.70    0.00    0.70   0.38  86.80
sde               0.00   589.00    0.00 2209.00     0.00 77780.00    70.42     1.49    0.67    0.00    0.67   0.40  88.40
sde               0.00   612.00    0.00 2299.00     0.00 78128.00    67.97     1.50    0.65    0.00    0.65   0.37  86.00
sde               0.00   551.00    0.00 2031.00     0.00 77064.00    75.89     1.66    0.82    0.00    0.82   0.43  86.80
sde               0.00   614.00    0.00 2283.00     0.00 77960.00    68.30     1.41    0.62    0.00    0.62   0.37  84.40
sde               0.00   537.00    0.00 1992.00     0.00 72320.00    72.61     1.88    0.90    0.00    0.90   0.43  86.00
sde               0.00   554.00    0.00 2105.00     0.00 74376.00    70.67     1.71    0.86    0.00    0.86   0.41  86.80
sde               0.00   591.00    0.00 2195.00     0.00 77724.00    70.82     1.47    0.67    0.00    0.67   0.38  82.40
sde               0.00   594.00    0.00 2196.00     0.00 77608.00    70.68     1.56    0.71    0.00    0.71   0.40  87.20
sde               0.00   588.00    0.00 2217.00     0.00 77780.00    70.17     1.63    0.74    0.00    0.74   0.39  85.60
sde               0.00   566.00    0.00 2118.00     0.00 77384.00    73.07     1.59    0.75    0.00    0.75   0.40  85.60
sde               0.00   579.00    0.00 2158.00     0.00 77700.00    72.01     1.51    0.70    0.00    0.70   0.40  86.80
sde               0.00   596.00    0.00 2216.00     0.00 77804.00    70.22     1.52    0.69    0.00    0.69   0.38  85.20
sde               0.00   574.00    0.00 2149.00     0.00 77392.00    72.03     1.59    0.74    0.00    0.74   0.40  85.20
sde               0.00   606.00    0.00 2252.00     0.00 77960.00    69.24     1.46    0.65    0.00    0.65   0.37  84.40
sde               0.00   569.00    0.00 2125.00     0.00 77424.00    72.87     1.54    0.72    0.00    0.72   0.42  89.60
sde               0.00   622.00    0.00 2326.00     0.00 78248.00    67.28     1.47    0.63    0.00    0.63   0.36  82.80
sde               0.00   574.00    0.00 2154.00     0.00 77544.00    72.00     1.45    0.68    0.00    0.68   0.39  83.20
sde               0.00   572.00    0.00 2111.00     0.00 77264.00    73.20     1.65    0.78    0.00    0.78   0.41  86.40
sde               0.00   502.00    0.00 1899.00     0.00 68944.00    72.61     2.00    1.06    0.00    1.06   0.45  85.60
sde               0.00   502.00    0.00 1910.00     0.00 66820.00    69.97     1.74    0.88    0.00    0.88   0.45  86.80
sde               0.00   519.00    0.00 1959.00     0.00 64624.00    65.98     1.79    0.91    0.00    0.91   0.44  86.40
sde               0.00   525.00    0.00 1943.00     0.00 67904.00    69.90     1.82    0.97    0.00    0.97   0.47  90.40
sde               0.00   520.00    0.00 1960.00     0.00 75200.00    76.73     1.76    0.87    0.00    0.87   0.44  86.80
sde               0.00   532.00    0.00 1911.00     0.00 66948.00    70.07     1.94    0.99    0.00    0.99   0.45  86.40
sde               0.00   520.00    0.00 1951.00     0.00 72772.00    74.60     1.75    0.95    0.00    0.95   0.44  86.80
sde               0.00   564.00    0.00 2086.00     0.00 69504.00    66.64     1.64    0.79    0.00    0.79   0.40  84.00
sde               0.00   467.00    0.00 1743.00     0.00 68332.00    78.41     2.09    1.20    0.00    1.20   0.50  88.00
sde               0.00   508.00    0.00 1912.00     0.00 61236.00    64.05     1.89    0.99    0.00    0.99   0.46  88.00
sde               0.00   507.00    0.00 1830.00     0.00 68500.00    74.86     1.94    1.06    0.00    1.06   0.47  86.40
sde               0.00   508.00    0.00 1871.00     0.00 68768.00    73.51     1.88    1.00    0.00    1.00   0.45  84.80
sde               0.00   513.00    0.00 1936.00     0.00 69112.00    71.40     1.76    0.91    0.00    0.91   0.45  87.60
sde               0.00   510.00    0.00 1910.00     0.00 69016.00    72.27     1.62    0.85    0.00    0.85   0.43  82.40
sde               0.00   578.00    0.00 2124.00     0.00 69804.00    65.73     1.60    0.75    0.00    0.75   0.40  84.00
sde               0.00   577.00    0.00 2122.00     0.00 77200.00    72.76     1.63    0.77    0.00    0.77   0.41  86.80
sde               0.00   509.00    0.00 1930.00     0.00 69068.00    71.57     1.78    0.92    0.00    0.92   0.46  88.00
sde               0.00   502.00    0.00 1877.00     0.00 68876.00    73.39     1.88    1.00    0.00    1.00   0.46  86.00
sde               0.00   548.00    0.00 2034.00     0.00 69416.00    68.26     1.67    0.82    0.00    0.82   0.41  82.40
sde               0.00   476.00    0.00 1760.00     0.00 64488.00    73.28     1.99    1.08    0.00    1.08   0.48  84.40
sde               0.00   517.00    0.00 1936.00     0.00 65036.00    67.19     1.85    1.01    0.00    1.01   0.44  86.00
sde               0.00   529.00    0.00 1988.00     0.00 69324.00    69.74     1.73    0.87    0.00    0.87   0.42  84.40
sde               0.00   535.00    0.00 1980.00     0.00 69196.00    69.89     1.66    0.84    0.00    0.84   0.42  83.20
sde               0.00   524.00    0.00 1931.00     0.00 76412.00    79.14     1.81    0.94    0.00    0.94   0.44  85.60
sde               0.00   593.00    0.00 2200.00     0.00 77880.00    70.80     1.42    0.65    0.00    0.65   0.37  80.80
sde               0.00   583.00    0.00 2178.00     0.00 77760.00    71.40     1.44    0.66    0.00    0.66   0.39  84.00
sde               0.00   565.00    0.00 2096.00     0.00 69544.00    66.36     1.65    0.79    0.00    0.79   0.41  86.80
sde               0.00   525.00    0.00 1987.00     0.00 73264.00    73.74     1.94    0.92    0.00    0.92   0.45  89.60
sde               0.00   556.00    0.00 2089.00     0.00 73188.00    70.07     1.54    0.79    0.00    0.79   0.40  84.00
sde               0.00   567.00    0.00 2097.00     0.00 69800.00    66.57     1.64    0.77    0.00    0.77   0.41  86.80
sde               0.00   580.00    0.00 2160.00     0.00 77580.00    71.83     1.56    0.73    0.00    0.73   0.41  87.60
sde               0.00   561.00    0.00 2108.00     0.00 77216.00    73.26     1.53    0.72    0.00    0.72   0.41  85.60
sde               0.00   569.00    0.00 2107.00     0.00 77372.00    73.44     1.58    0.75    0.00    0.75   0.39  81.20
sde               0.00   605.00    0.00 2257.00     0.00 77964.00    69.09     1.45    0.64    0.00    0.64   0.37  82.40
sde               0.00   506.00    0.00 1906.00     0.00 68868.00    72.26     1.80    0.95    0.00    0.95   0.46  87.20
sde               0.00   559.00    0.00 2032.00     0.00 73176.00    72.02     1.73    0.81    0.00    0.81   0.42  85.20
sde               0.00   585.00    0.00 2186.00     0.00 74108.00    67.80     1.56    0.75    0.00    0.75   0.39  84.80
sde               0.00   564.00    0.00 2071.00     0.00 77084.00    74.44     1.61    0.78    0.00    0.78   0.41  84.00
sde               0.00   576.00    0.00 2232.00     0.00 77652.00    69.58     2.05    0.92    0.00    0.92   0.37  82.80
sde               0.00   546.00    0.00 2123.00     0.00 77140.00    72.67     2.30    1.08    0.00    1.08   0.39  83.60
sde               0.00   558.00    0.00 2144.00     0.00 69628.00    64.95     2.35    1.10    0.00    1.10   0.40  84.80
sde               0.00   577.00    0.00 2249.00     0.00 77636.00    69.04     2.34    1.04    0.00    1.04   0.36  82.00
sde               0.00   589.00    0.00 2322.00     0.00 78032.00    67.21     2.04    0.88    0.00    0.88   0.35  81.20
sde               0.00   597.00    0.00 2268.00     0.00 78684.00    69.39     2.07    0.89    0.00    0.89   0.35  80.40
sde               0.00   573.00    0.00 2204.00     0.00 76344.00    69.28     2.19    1.02    0.00    1.02   0.38  83.20
sde               0.00   543.00    0.00 2137.00     0.00 77296.00    72.34     2.27    1.06    0.00    1.06   0.37  80.00
sde               0.00   554.00    0.00 2154.00     0.00 69756.00    64.77     2.32    1.08    0.00    1.08   0.39  84.80
sde               0.00   578.00    0.00 2225.00     0.00 77440.00    69.61     2.29    1.03    0.00    1.03   0.37  83.20
sde               0.00   580.00    0.00 2248.00     0.00 77512.00    68.96     2.24    1.00    0.00    1.00   0.38  84.40
sde               0.00   560.00    0.00 2181.00     0.00 77496.00    71.06     2.36    1.08    0.00    1.08   0.39  85.20
sde               0.00   533.00    0.00 2056.00     0.00 69264.00    67.38     2.49    1.21    0.00    1.21   0.42  85.60
sde               0.00   457.00    0.00 1743.00     0.00 65680.00    75.36     2.56    1.40    0.00    1.40   0.50  86.80
sde               0.00   536.00    0.00 2012.00     0.00 64004.00    63.62     1.96    1.03    0.00    1.03   0.43  86.00
sde               0.00   571.00    0.00 2150.00     0.00 77368.00    71.97     2.11    0.98    0.00    0.98   0.39  84.40
sde               0.00   523.00    0.00 1962.00     0.00 76780.00    78.27     2.14    1.09    0.00    1.09   0.43  85.20
sde               0.00   467.00    0.00 1779.00     0.00 60600.00    68.13     2.61    1.47    0.00    1.47   0.48  85.20
sde               0.00   480.00    0.00 1780.00     0.00 60488.00    67.96     2.70    1.52    0.00    1.52   0.46  82.00
sde               0.00   477.00    0.00 1815.00     0.00 62740.00    69.13     2.61    1.41    0.00    1.41   0.47  85.60
sde               0.00   477.00    0.00 1785.00     0.00 66356.00    74.35     2.81    1.60    0.00    1.60   0.48  85.20
sde               0.00   490.00    0.00 1861.00     0.00 61912.00    66.54     2.42    1.27    0.00    1.27   0.46  85.20
sde               0.00   517.00    0.00 1995.00     0.00 74340.00    74.53     2.26    1.14    0.00    1.14   0.42  82.80
sde               0.00   546.00    0.00 2010.00     0.00 70516.00    70.17     2.16    1.09    0.00    1.09   0.43  85.60
sde               0.00   535.00    0.00 2038.00     0.00 69396.00    68.10     1.92    0.94    0.00    0.94   0.40  82.00
sde               0.00   553.00    0.00 2090.00     0.00 69544.00    66.55     1.78    0.85    0.00    0.85   0.40  83.20
sde               0.00   579.00    0.00 2214.00     0.00 77784.00    70.27     1.69    0.76    0.00    0.76   0.38  83.20
sde               0.00   607.00    0.00 2141.00     0.00 84900.00    79.31     1.94    0.90    0.00    0.90   0.38  81.60
sde               0.00   582.00    0.00 2212.00     0.00 77624.00    70.18     1.82    0.82    0.00    0.82   0.37  82.80
sde               0.00   567.00    0.00 2177.00     0.00 69964.00    64.28     1.72    0.79    0.00    0.79   0.38  82.80
sde               0.00   603.00    0.00 2244.00     0.00 85324.00    76.05     1.96    0.87    0.00    0.87   0.38  86.00
sde               0.00   578.00    0.00 2156.00     0.00 77416.00    71.81     1.86    0.86    0.00    0.86   0.38  81.60
sde               0.00   578.00    0.00 2198.00     0.00 77676.00    70.68     1.84    0.84    0.00    0.84   0.36  80.00
sde               0.00   589.00    0.00 2230.00     0.00 77740.00    69.72     1.81    0.81    0.00    0.81   0.39  86.40
sde               0.00   616.00    0.00 2277.00     0.00 77712.00    68.26     1.78    0.78    0.00    0.78   0.37  83.20
sde               0.00   565.00    0.00 2180.00     0.00 77644.00    71.23     1.69    0.77    0.00    0.77   0.39  84.40
sde               0.00   611.00    0.00 2309.00     0.00 78136.00    67.68     1.76    0.76    0.00    0.76   0.37  84.40
sde               0.00   582.00    0.00 2175.00     0.00 77524.00    71.29     1.86    0.85    0.00    0.85   0.40  86.40
sde               0.00   610.00    0.00 2264.00     0.00 77612.00    68.56     1.85    0.82    0.00    0.82   0.38  86.00
sde               0.00   571.00    0.00 2186.00     0.00 77600.00    71.00     1.86    0.85    0.00    0.85   0.37  81.60
sde               0.00   600.00    0.00 2277.00     0.00 77996.00    68.51     1.80    0.79    0.00    0.79   0.35  80.80
sde               0.00   604.00    0.00 2219.00     0.00 77612.00    69.95     1.85    0.83    0.00    0.83   0.38  84.40
sde               0.00   588.00    0.00 2243.00     0.00 78756.00    70.22     1.80    0.79    0.00    0.79   0.37  83.20
sde               0.00   577.00    0.00 2200.00     0.00 76572.00    69.61     1.69    0.78    0.00    0.78   0.37  82.40
sde               0.00   600.00    0.00 2236.00     0.00 77732.00    69.53     1.91    0.84    0.00    0.84   0.37  83.20
sde               0.00   586.00    0.00 2253.00     0.00 83972.00    74.54     2.10    0.89    0.00    0.89   0.38  86.40
sde               0.00   573.00    0.00 2139.00     0.00 71228.00    66.60     1.55    0.78    0.00    0.78   0.39  83.60
sde               0.00   565.00    0.00 2114.00     0.00 77380.00    73.21     1.56    0.74    0.00    0.74   0.39  83.20
sde               0.00   585.00    0.00 2145.00     0.00 77432.00    72.20     1.49    0.70    0.00    0.70   0.38  81.20
sde               0.00   539.00    0.00 2023.00     0.00 69344.00    68.56     1.68    0.83    0.00    0.83   0.42  85.60
sde               0.00   554.00    0.00 2089.00     0.00 76100.00    72.86     1.52    0.72    0.00    0.72   0.40  83.20
sde               0.00   605.00    0.00 2247.00     0.00 79352.00    70.63     1.40    0.63    0.00    0.63   0.36  81.20
sde               0.00   624.00    0.00 2282.00     0.00 77852.00    68.23     1.44    0.63    0.00    0.63   0.36  82.80
sde               0.00   586.00    0.00 2188.00     0.00 77676.00    71.00     1.52    0.69    0.00    0.69   0.38  82.80
sde               0.00   597.00    0.00 2258.00     0.00 78060.00    69.14     1.46    0.64    0.00    0.64   0.38  85.60
sde               0.00   582.00    0.00 2168.00     0.00 77728.00    71.70     1.35    0.63    0.00    0.63   0.37  79.20
sde               0.00   610.00    0.00 2210.00     0.00 77584.00    70.21     1.52    0.69    0.00    0.69   0.38  83.60
sde               0.00   592.00    0.00 2145.00     0.00 77584.00    72.34     1.58    0.74    0.00    0.74   0.39  83.20
sde               0.00   604.00    0.00 2261.00     0.00 78100.00    69.08     1.42    0.63    0.00    0.63   0.36  80.40
sde               0.00   585.00    0.00 2168.00     0.00 77608.00    71.59     1.44    0.67    0.00    0.67   0.38  82.80
sde               0.00   607.00    0.00 2219.00     0.00 78620.00    70.86     1.47    0.64    0.00    0.64   0.37  82.40
sde               0.00   588.00    0.00 2224.00     0.00 76896.00    69.15     1.46    0.68    0.00    0.68   0.39  87.20
sde               0.00   590.00    0.00 2197.00     0.00 78860.00    71.79     1.48    0.65    0.00    0.65   0.37  81.20
sde               0.00   603.00    0.00 2219.00     0.00 76708.00    69.14     1.34    0.62    0.00    0.62   0.36  79.20
sde               0.00   606.00    0.00 2247.00     0.00 85480.00    76.08     1.51    0.67    0.00    0.67   0.37  84.00
sde               0.00   601.00    0.00 2263.00     0.00 78076.00    69.00     1.40    0.62    0.00    0.62   0.36  80.40
sde               0.00   581.00    0.00 2153.00     0.00 77692.00    72.17     1.40    0.65    0.00    0.65   0.39  84.00
sde               0.00   601.00    0.00 2231.00     0.00 77752.00    69.70     1.44    0.64    0.00    0.64   0.37  82.40
sde               0.00   596.00    0.00 2216.00     0.00 85340.00    77.02     1.46    0.66    0.00    0.66   0.37  82.40
sde               0.00   594.00    0.00 2211.00     0.00 77912.00    70.48     1.46    0.66    0.00    0.66   0.38  83.20
sde               0.00   609.00    0.00 2272.00     0.00 77900.00    68.57     1.38    0.61    0.00    0.61   0.36  81.60
sde               0.00   613.00    0.00 2269.00     0.00 78052.00    68.80     1.44    0.63    0.00    0.63   0.37  84.40
sde               0.00   541.00    0.00 2014.00     0.00 76968.00    76.43     1.65    0.82    0.00    0.82   0.43  86.80
sde               0.00   531.00    0.00 1983.00     0.00 75184.00    75.83     1.66    0.82    0.00    0.82   0.42  82.80
sde               0.00   591.00    0.00 2192.00     0.00 72732.00    66.36     1.54    0.70    0.00    0.70   0.39  86.00
sde               0.00   508.00    0.00 1915.00     0.00 73628.00    76.90     1.68    0.87    0.00    0.87   0.44  84.80
sde               0.00   585.00    0.00 2184.00     0.00 71936.00    65.88     1.51    0.71    0.00    0.71   0.37  81.60
sde               0.00   588.00    0.00 2161.00     0.00 77600.00    71.82     1.50    0.70    0.00    0.70   0.39  83.60
sde               0.00   542.00    0.00 2049.00     0.00 69564.00    67.90     1.62    0.78    0.00    0.78   0.40  82.40
sde               0.00   598.00    0.00 2221.00     0.00 85348.00    76.86     1.52    0.70    0.00    0.70   0.38  83.60
sde               0.00   579.00    0.00 2208.00     0.00 75420.00    68.32     1.50    0.66    0.00    0.66   0.36  78.80
sde               0.00   616.00    0.00 2244.00     0.00 80272.00    71.54     1.43    0.65    0.00    0.65   0.37  83.20
sde               0.00   576.00    0.00 2154.00     0.00 73456.00    68.20     1.50    0.66    0.00    0.66   0.40  85.20
sde               0.00   573.00    0.00 2157.00     0.00 73972.00    68.59     1.52    0.74    0.00    0.74   0.39  85.20
sde               0.00   579.00    0.00 2183.00     0.00 77760.00    71.24     1.47    0.67    0.00    0.67   0.36  78.80
sde               0.00   614.00    0.00 2265.00     0.00 77904.00    68.79     1.38    0.61    0.00    0.61   0.35  80.40
sde               0.00   593.00    0.00 2216.00     0.00 85328.00    77.01     1.51    0.68    0.00    0.68   0.37  81.60
sde               0.00   596.00    0.00 2187.00     0.00 77860.00    71.20     1.59    0.72    0.00    0.72   0.38  83.60
sde               0.00   611.00    0.00 2281.00     0.00 78192.00    68.56     1.44    0.64    0.00    0.64   0.36  81.20
sde               0.00   591.00    0.00 2169.00     0.00 77396.00    71.37     1.54    0.71    0.00    0.71   0.39  85.20
sde               0.00   585.00    0.00 2198.00     0.00 85380.00    77.69     1.51    0.69    0.00    0.69   0.38  83.60
sde               0.00   589.00    0.00 2193.00     0.00 77836.00    70.99     1.47    0.67    0.00    0.67   0.38  82.40
sde               0.00   616.00    0.00 2273.00     0.00 77936.00    68.58     1.45    0.64    0.00    0.64   0.37  83.60
sde               0.00   602.00    0.00 2266.00     0.00 77992.00    68.84     1.46    0.64    0.00    0.64   0.37  83.20
sde               0.00   562.00    0.00 2130.00     0.00 77556.00    72.82     1.51    0.71    0.00    0.71   0.38  81.60
sde               0.00   607.00    0.00 2246.00     0.00 77820.00    69.30     1.44    0.64    0.00    0.64   0.37  83.60
sde               0.00   572.00    0.00 2129.00     0.00 77456.00    72.76     1.43    0.67    0.00    0.67   0.40  84.40
sde               0.00   595.00    0.00 2221.00     0.00 85484.00    76.98     1.52    0.68    0.00    0.68   0.36  80.40
sde               0.00   578.00    0.00 2174.00     0.00 77620.00    71.41     1.53    0.70    0.00    0.70   0.38  83.20
sde               0.00   600.00    0.00 2245.00     0.00 77912.00    69.41     1.44    0.64    0.00    0.64   0.37  84.00
sde               0.00   586.00    0.00 2164.00     0.00 77616.00    71.73     1.44    0.66    0.00    0.66   0.38  82.00
sde               0.00   590.00    0.00 2237.00     0.00 77860.00    69.61     1.46    0.66    0.00    0.66   0.37  82.40
sde               0.00   581.00    0.00 2173.00     0.00 77628.00    71.45     1.49    0.69    0.00    0.69   0.39  84.40
sde               0.00   613.00    0.00 2276.00     0.00 78052.00    68.59     1.43    0.63    0.00    0.63   0.37  84.00
sde               0.00   594.00    0.00 2171.00     0.00 85200.00    78.49     1.49    0.69    0.00    0.69   0.38  82.00
sde               0.00   559.00    0.00 2156.00     0.00 77624.00    72.01     1.59    0.74    0.00    0.74   0.40  85.60
sde               0.00   631.00    0.00 2352.00     0.00 78348.00    66.62     1.45    0.62    0.00    0.62   0.36  85.60
sde               0.00   592.00    0.00 2195.00     0.00 77604.00    70.71     1.50    0.68    0.00    0.68   0.37  81.60
sde               0.00   591.00    0.00 2213.00     0.00 77792.00    70.30     1.44    0.65    0.00    0.65   0.38  83.20
sde               0.00   571.00    0.00 2164.00     0.00 77564.00    71.69     1.54    0.71    0.00    0.71   0.40  87.60
sde               0.00   589.00    0.00 2197.00     0.00 77848.00    70.87     1.49    0.68    0.00    0.68   0.38  82.40
sde               0.00   584.00    0.00 2144.00     0.00 77284.00    72.09     1.53    0.71    0.00    0.71   0.39  84.00
sde               0.00   583.00    0.00 2242.00     0.00 77972.00    69.56     1.44    0.64    0.00    0.64   0.36  81.20
sde               0.00   586.00    0.00 2220.00     0.00 77912.00    70.19     1.49    0.67    0.00    0.67   0.39  86.00
sde               0.00   592.00    0.00 2215.00     0.00 80468.00    72.66     1.54    0.68    0.00    0.68   0.37  82.80
sde               0.00   590.00    0.00 2170.00     0.00 74712.00    68.86     1.45    0.69    0.00    0.69   0.39  84.80
sde               0.00   575.00    0.00 2196.00     0.00 85468.00    77.84     1.64    0.75    0.00    0.75   0.39  84.80
sde               0.00   607.00    0.00 2207.00     0.00 77844.00    70.54     1.43    0.65    0.00    0.65   0.37  82.40
sde               0.00   597.00    0.00 2208.00     0.00 77656.00    70.34     1.47    0.67    0.00    0.67   0.38  83.20
sde               0.00   595.00    0.00 2251.00     0.00 77916.00    69.23     1.46    0.65    0.00    0.65   0.36  81.60
sde               0.00   567.00    0.00 2176.00     0.00 77716.00    71.43     1.45    0.67    0.00    0.67   0.39  84.00
