sde               0.00     1.01    0.00    1.92     0.00   130.27   135.89     0.01    3.62    1.90    3.62   0.40   0.08
sde               0.00     1.00    0.00    4.00     0.00    20.00    10.00     0.00    0.00    0.00    0.00   0.00   0.00
sde               0.00   434.00    0.00 1295.00     0.00 41612.00    64.27     0.58    0.45    0.00    0.45   0.36  46.00
sde               0.00   821.00    0.00 2508.00     0.00 86596.00    69.06     1.07    0.43    0.00    0.43   0.36  91.20
sde               0.00   818.00    0.00 2552.00     0.00 84932.00    66.56     1.00    0.39    0.00    0.39   0.33  85.20
sde               0.00   824.00    0.00 2457.00     0.00 89752.00    73.06     1.07    0.43    0.00    0.43   0.36  87.60
sde               0.00   793.00    0.00 2409.00     0.00 83256.00    69.12     0.97    0.40    0.00    0.40   0.35  84.00
sde               0.00   799.00    0.00 2385.00     0.00 86136.00    72.23     1.01    0.42    0.00    0.42   0.37  87.20
sde               0.00   833.00    0.00 2442.00     0.00 89896.00    73.62     1.03    0.42    0.00    0.42   0.36  87.60
sde               0.00   863.00    0.00 2349.00     0.00 90380.00    76.95     1.01    0.43    0.00    0.43   0.37  86.40
sde               0.00   906.00    0.00 2595.00     0.00 86228.00    66.46     1.07    0.41    0.00    0.41   0.34  89.20
sde               0.00   860.00    0.00 2465.00     0.00 81184.00    65.87     1.04    0.42    0.00    0.42   0.36  89.20
sde               0.00   914.00    0.00 2559.00     0.00 84136.00    65.76     1.01    0.40    0.00    0.40   0.34  86.00
sde               0.00   898.00    0.00 2531.00     0.00 83968.00    66.35     1.12    0.44    0.00    0.44   0.34  87.20
sde               0.00   893.00    0.00 2562.00     0.00 84312.00    65.82     1.01    0.40    0.00    0.40   0.34  86.00
sde               0.00   880.00    0.00 2483.00     0.00 82120.00    66.15     1.05    0.42    0.00    0.42   0.36  90.00
sde               0.00   917.00    0.00 2540.00     0.00 83964.00    66.11     1.02    0.40    0.00    0.40   0.34  86.00
sde               0.00   902.00    0.00 2508.00     0.00 85300.00    68.02     0.96    0.38    0.00    0.38   0.36  90.80
sde               0.00   887.00    0.00 2453.00     0.00 82376.00    67.16     0.97    0.40    0.00    0.40   0.37  91.20
sde               0.00   925.00    0.00 2512.00     0.00 86140.00    68.58     0.98    0.39    0.00    0.39   0.36  89.20
sde               0.00   884.00    0.00 2407.00     0.00 80896.00    67.22     0.95    0.40    0.00    0.40   0.37  88.80
sde               0.00   904.00    0.00 2510.00     0.00 84372.00    67.23     0.97    0.39    0.00    0.39   0.36  90.80
sde               0.00   914.00    0.00 2501.00     0.00 85184.00    68.12     0.95    0.38    0.00    0.38   0.36  88.80
sde               0.00   887.00    0.00 2416.00     0.00 81964.00    67.85     0.95    0.39    0.00    0.39   0.37  88.80
sde               0.00   904.00    0.00 2544.00     0.00 84288.00    66.26     0.99    0.39    0.00    0.39   0.36  91.60
sde               0.00   897.00    0.00 2488.00     0.00 83388.00    67.03     0.99    0.40    0.00    0.40   0.36  90.40
sde               0.00   879.00    0.00 2418.00     0.00 81156.00    67.13     0.95    0.39    0.00    0.39   0.36  87.20
sde               0.00   885.00    0.00 2403.00     0.00 81800.00    68.08     0.94    0.39    0.00    0.39   0.36  86.80
sde               0.00   913.00    0.00 2524.00     0.00 85368.00    67.65     0.98    0.39    0.00    0.39   0.36  91.20
sde               0.00   871.00    0.00 2436.00     0.00 81320.00    66.77     1.04    0.43    0.00    0.43   0.38  91.60
sde               0.00   912.00    0.00 2510.00     0.00 84252.00    67.13     0.95    0.38    0.00    0.38   0.34  86.40
sde               0.00   850.00    0.00 2335.00     0.00 77948.00    66.76     1.01    0.43    0.00    0.43   0.38  88.80
sde               0.00   907.00    0.00 2486.00     0.00 84176.00    67.72     0.92    0.37    0.00    0.37   0.34  84.80
sde               0.00   883.00    0.00 2402.00     0.00 82072.00    68.34     0.93    0.39    0.00    0.39   0.36  86.40
sde               0.00   930.00    0.00 2498.00     0.00 84084.00    67.32     0.96    0.39    0.00    0.39   0.36  90.00
sde               0.00   880.00    0.00 2446.00     0.00 83176.00    68.01     0.96    0.39    0.00    0.39   0.36  88.80
sde               0.00   880.00    0.00 2440.00     0.00 82288.00    67.45     0.90    0.37    0.00    0.37   0.34  84.00
sde               0.00   916.00    0.00 2494.00     0.00 85192.00    68.32     0.93    0.37    0.00    0.37   0.36  89.60
sde               0.00   891.00    0.00 2416.00     0.00 81844.00    67.75     0.93    0.39    0.00    0.39   0.36  87.60
sde               0.00   862.00    0.00 2385.00     0.00 81136.00    68.04     0.96    0.40    0.00    0.40   0.38  90.40
sde               0.00   883.00    0.00 2423.00     0.00 83140.00    68.63     0.96    0.40    0.00    0.40   0.37  89.60
sde               0.00   822.00    0.00 2292.00     0.00 75904.00    66.23     0.98    0.43    0.00    0.43   0.37  85.60
sde               0.00   911.00    0.00 2480.00     0.00 84032.00    67.77     0.92    0.37    0.00    0.37   0.34  84.80
sde               0.00   906.00    0.00 2518.00     0.00 85308.00    67.76     0.97    0.39    0.00    0.39   0.35  88.40
sde               0.00   883.00    0.00 2413.00     0.00 81204.00    67.31     0.88    0.36    0.00    0.36   0.34  82.40
sde               0.00   895.00    0.00 2448.00     0.00 81968.00    66.97     0.97    0.40    0.00    0.40   0.36  89.20
sde               0.00   858.00    0.00 2394.00     0.00 79352.00    66.29     0.94    0.39    0.00    0.39   0.36  86.80
sde               0.00   864.00    0.00 2399.00     0.00 81168.00    67.67     0.97    0.41    0.00    0.41   0.37  88.80
sde               0.00   898.00    0.00 2459.00     0.00 84028.00    68.34     0.94    0.38    0.00    0.38   0.36  88.00
sde               0.00   885.00    0.00 2397.00     0.00 80860.00    67.47     0.99    0.41    0.00    0.41   0.37  89.60
sde               0.00   906.00    0.00 2529.00     0.00 84436.00    66.77     0.93    0.37    0.00    0.37   0.35  87.60
sde               0.00   887.00    0.00 2448.00     0.00 83236.00    68.00     0.96    0.40    0.00    0.40   0.37  90.40
sde               0.00   906.00    0.00 2489.00     0.00 83148.00    66.81     0.99    0.40    0.00    0.40   0.36  89.60
sde               0.00   885.00    0.00 2449.00     0.00 81996.00    66.96     0.95    0.39    0.00    0.39   0.35  85.20
sde               0.00   870.00    0.00 2434.00     0.00 81352.00    66.85     0.96    0.39    0.00    0.39   0.36  88.80
sde               0.00   919.00    0.00 2484.00     0.00 85188.00    68.59     0.93    0.37    0.00    0.37   0.36  90.00
sde               0.00   904.00    0.00 2470.00     0.00 82916.00    67.14     0.98    0.40    0.00    0.40   0.35  86.40
sde               0.00   827.00    0.00 2319.00     0.00 78128.00    67.38     0.94    0.41    0.00    0.41   0.37  85.60
sde               0.00   888.00    0.00 2451.00     0.00 83256.00    67.94     0.91    0.37    0.00    0.37   0.35  86.40
sde               0.00   915.00    0.00 2495.00     0.00 85140.00    68.25     0.98    0.39    0.00    0.39   0.36  89.20
sde               0.00   884.00    0.00 2402.00     0.00 80880.00    67.34     0.98    0.41    0.00    0.41   0.37  89.20
sde               0.00   904.00    0.00 2515.00     0.00 85292.00    67.83     0.98    0.39    0.00    0.39   0.36  91.20
sde               0.00   904.00    0.00 2438.00     0.00 81396.00    66.77     0.94    0.38    0.00    0.38   0.36  88.40
sde               0.00   840.00    0.00 2322.00     0.00 78000.00    67.18     0.88    0.38    0.00    0.38   0.34  79.60
sde               0.00   875.00    0.00 2398.00     0.00 80064.00    66.78     0.89    0.37    0.00    0.37   0.34  81.60
sde               0.00   867.00    0.00 2433.00     0.00 81272.00    66.81     1.03    0.42    0.00    0.42   0.37  90.80
sde               0.00   908.00    0.00 2487.00     0.00 85056.00    68.40     0.93    0.37    0.00    0.37   0.34  84.00
sde               0.00   861.00    0.00 2345.00     0.00 78068.00    66.58     0.94    0.40    0.00    0.40   0.37  86.40
sde               0.00   885.00    0.00 2454.00     0.00 83056.00    67.69     0.97    0.39    0.00    0.39   0.36  88.00
sde               0.00   879.00    0.00 2410.00     0.00 82232.00    68.24     0.96    0.40    0.00    0.40   0.37  90.00
sde               0.00   885.00    0.00 2444.00     0.00 82168.00    67.24     1.01    0.41    0.00    0.41   0.37  90.40
sde               0.00   893.00    0.00 2405.00     0.00 81872.00    68.08     1.00    0.42    0.00    0.42   0.39  93.20
sde               0.00   903.00    0.00 2499.00     0.00 85224.00    68.21     0.98    0.39    0.00    0.39   0.35  87.60
sde               0.00   879.00    0.00 2424.00     0.00 82980.00    68.47     0.87    0.36    0.00    0.36   0.33  79.20
sde               0.00   888.00    0.00 2414.00     0.00 82120.00    68.04     1.02    0.42    0.00    0.42   0.38  91.20
sde               0.00   907.00    0.00 2495.00     0.00 83172.00    66.67     0.93    0.37    0.00    0.37   0.35  87.60
sde               0.00   880.00    0.00 2428.00     0.00 83152.00    68.49     0.99    0.41    0.00    0.41   0.37  90.00
sde               0.00   921.00    0.00 2512.00     0.00 85240.00    67.87     0.91    0.36    0.00    0.36   0.34  85.60
sde               0.00   850.00    0.00 2323.00     0.00 77416.00    66.65     0.95    0.41    0.00    0.41   0.36  84.40
sde               0.00   871.00    0.00 2445.00     0.00 81728.00    66.85     0.91    0.37    0.00    0.37   0.35  84.80
sde               0.00   912.00    0.00 2516.00     0.00 85312.00    67.82     0.97    0.39    0.00    0.39   0.35  89.20
sde               0.00   851.00    0.00 2339.00     0.00 79076.00    67.62     0.94    0.40    0.00    0.40   0.37  85.60
sde               0.00   912.00    0.00 2506.00     0.00 83948.00    67.00     1.00    0.40    0.00    0.40   0.36  89.60
sde               0.00   918.00    0.00 2547.00     0.00 86328.00    67.79     0.95    0.38    0.00    0.38   0.34  87.60
sde               0.00   877.00    0.00 2436.00     0.00 81388.00    66.82     0.92    0.38    0.00    0.38   0.37  89.20
sde               0.00   887.00    0.00 2431.00     0.00 81132.00    66.75     0.95    0.39    0.00    0.39   0.36  87.20
sde               0.00   894.00    0.00 2453.00     0.00 83016.00    67.69     0.98    0.40    0.00    0.40   0.37  89.60
sde               0.00   869.00    0.00 2405.00     0.00 82128.00    68.30     0.94    0.39    0.00    0.39   0.36  86.80
sde               0.00   845.00    0.00 2350.00     0.00 78972.00    67.21     0.94    0.40    0.00    0.40   0.34  80.80
sde               0.00   896.00    0.00 2454.00     0.00 81204.00    66.18     0.94    0.38    0.00    0.38   0.36  87.60
sde               0.00   866.00    0.00 2420.00     0.00 81992.00    67.76     0.96    0.40    0.00    0.40   0.35  85.60
sde               0.00   886.00    0.00 2507.00     0.00 83284.00    66.44     1.03    0.41    0.00    0.41   0.34  85.20
sde               0.00   895.00    0.00 2443.00     0.00 80328.00    65.76     0.97    0.40    0.00    0.40   0.35  84.80
sde               0.00   875.00    0.00 2423.00     0.00 81784.00    67.51     1.05    0.43    0.00    0.43   0.37  90.80
sde               0.00   889.00    0.00 2461.00     0.00 84128.00    68.37     0.98    0.40    0.00    0.40   0.36  89.20
sde               0.00   910.00    0.00 2521.00     0.00 85264.00    67.64     0.98    0.39    0.00    0.39   0.35  87.20
sde               0.00   880.00    0.00 2420.00     0.00 81052.00    66.99     0.94    0.39    0.00    0.39   0.35  85.60
sde               0.00   907.00    0.00 2475.00     0.00 83140.00    67.18     0.95    0.38    0.00    0.38   0.36  88.80
sde               0.00   893.00    0.00 2489.00     0.00 83356.00    66.98     0.92    0.37    0.00    0.37   0.35  86.40
sde               0.00   889.00    0.00 2421.00     0.00 83028.00    68.59     0.91    0.38    0.00    0.38   0.35  84.80
sde               0.00   900.00    0.00 2457.00     0.00 81968.00    66.72     0.94    0.38    0.00    0.38   0.34  84.40
sde               0.00   895.00    0.00 2491.00     0.00 84276.00    67.66     0.98    0.39    0.00    0.39   0.37  91.60
sde               0.00   882.00    0.00 2423.00     0.00 83156.00    68.64     0.94    0.39    0.00    0.39   0.35  86.00
sde               0.00   912.00    0.00 2470.00     0.00 84076.00    68.08     0.96    0.39    0.00    0.39   0.36  88.40
sde               0.00   895.00    0.00 2436.00     0.00 83820.00    68.82     0.97    0.40    0.00    0.40   0.35  86.40
sde               0.00   867.00    0.00 2431.00     0.00 81308.00    66.89     1.01    0.42    0.00    0.42   0.37  90.80
sde               0.00   911.00    0.00 2522.00     0.00 84476.00    66.99     0.96    0.38    0.00    0.38   0.35  88.80
sde               0.00   924.00    0.00 2491.00     0.00 84916.00    68.18     0.89    0.36    0.00    0.36   0.34  84.00
sde               0.00   869.00    0.00 2423.00     0.00 81132.00    66.97     1.00    0.42    0.00    0.42   0.37  90.00
sde               0.00   910.00    0.00 2523.00     0.00 84448.00    66.94     1.04    0.41    0.00    0.41   0.36  90.40
sde               0.00   927.00    0.00 2528.00     0.00 85132.00    67.35     0.96    0.38    0.00    0.38   0.36  91.60
sde               0.00   873.00    0.00 2380.00     0.00 80936.00    68.01     0.92    0.39    0.00    0.39   0.36  86.40
sde               0.00   887.00    0.00 2474.00     0.00 84184.00    68.05     0.91    0.37    0.00    0.37   0.34  84.00
sde               0.00   917.00    0.00 2529.00     0.00 85416.00    67.55     0.95    0.37    0.00    0.37   0.36  90.00
sde               0.00   886.00    0.00 2429.00     0.00 82004.00    67.52     0.93    0.38    0.00    0.38   0.35  85.60
sde               0.00   893.00    0.00 2454.00     0.00 82108.00    66.92     0.98    0.40    0.00    0.40   0.37  90.80
sde               0.00   888.00    0.00 2452.00     0.00 84132.00    68.62     0.96    0.39    0.00    0.39   0.35  86.00
sde               0.00   892.00    0.00 2476.00     0.00 82248.00    66.44     0.96    0.39    0.00    0.39   0.36  88.00
sde               0.00   881.00    0.00 2385.00     0.00 79908.00    67.01     0.93    0.39    0.00    0.39   0.36  86.40
sde               0.00   898.00    0.00 2514.00     0.00 84344.00    67.10     0.92    0.37    0.00    0.37   0.34  86.00
sde               0.00   881.00    0.00 2437.00     0.00 82272.00    67.52     1.00    0.41    0.00    0.41   0.37  90.00
sde               0.00   917.00    0.00 2511.00     0.00 84140.00    67.02     0.97    0.39    0.00    0.39   0.35  88.00
sde               0.00   914.00    0.00 2471.00     0.00 83128.00    67.28     0.99    0.40    0.00    0.40   0.37  90.40
sde               0.00   886.00    0.00 2475.00     0.00 82384.00    66.57     1.02    0.42    0.00    0.42   0.37  90.40
sde               0.00   889.00    0.00 2443.00     0.00 83224.00    68.13     0.92    0.38    0.00    0.38   0.35  85.60
sde               0.00   912.00    0.00 2478.00     0.00 84088.00    67.87     0.96    0.39    0.00    0.39   0.36  88.80
sde               0.00   906.00    0.00 2502.00     0.00 83208.00    66.51     1.01    0.40    0.00    0.40   0.36  91.20
sde               0.00   882.00    0.00 2448.00     0.00 82316.00    67.25     1.00    0.41    0.00    0.41   0.38  93.60
sde               0.00   919.00    0.00 2502.00     0.00 86964.00    69.52     0.90    0.36    0.00    0.36   0.34  86.00
sde               0.00   881.00    0.00 2395.00     0.00 79992.00    66.80     0.96    0.40    0.00    0.40   0.38  90.40
sde               0.00   905.00    0.00 2516.00     0.00 85268.00    67.78     0.97    0.39    0.00    0.39   0.35  88.80
sde               0.00   915.00    0.00 2533.00     0.00 85368.00    67.40     0.95    0.38    0.00    0.38   0.34  87.20
sde               0.00   882.00    0.00 2410.00     0.00 81064.00    67.27     0.98    0.40    0.00    0.40   0.36  87.60
sde               0.00   926.00    0.00 2501.00     0.00 85100.00    68.05     0.96    0.39    0.00    0.39   0.36  90.40
sde               0.00   910.00    0.00 2506.00     0.00 85316.00    68.09     0.94    0.37    0.00    0.37   0.35  87.20
sde               0.00   884.00    0.00 2418.00     0.00 82252.00    68.03     0.96    0.40    0.00    0.40   0.37  89.60
sde               0.00   892.00    0.00 2397.00     0.00 80828.00    67.44     0.90    0.38    0.00    0.38   0.36  86.00
sde               0.00   845.00    0.00 2347.00     0.00 79212.00    67.50     0.92    0.39    0.00    0.39   0.37  87.60
sde               0.00   904.00    0.00 2510.00     0.00 85248.00    67.93     0.93    0.37    0.00    0.37   0.35  88.00
sde               0.00   891.00    0.00 2437.00     0.00 81348.00    66.76     0.92    0.38    0.00    0.38   0.36  86.80
sde               0.00   899.00    0.00 2437.00     0.00 82868.00    68.01     0.99    0.41    0.00    0.41   0.37  89.60
sde               0.00   894.00    0.00 2495.00     0.00 84276.00    67.56     0.94    0.38    0.00    0.38   0.35  88.40
sde               0.00   870.00    0.00 2404.00     0.00 81248.00    67.59     0.93    0.39    0.00    0.39   0.36  86.40
sde               0.00   898.00    0.00 2449.00     0.00 83032.00    67.81     0.92    0.38    0.00    0.38   0.36  88.00
sde               0.00   849.00    0.00 2314.00     0.00 78092.00    67.50     0.93    0.40    0.00    0.40   0.37  85.60
sde               0.00   852.00    0.00 2348.00     0.00 79988.00    68.13     0.89    0.38    0.00    0.38   0.36  83.60
sde               0.00   835.00    0.00 2308.00     0.00 78152.00    67.72     0.93    0.40    0.00    0.40   0.37  86.00
sde               0.00   908.00    0.00 2420.00     0.00 81832.00    67.63     0.92    0.38    0.00    0.38   0.36  87.20
sde               0.00   885.00    0.00 2498.00     0.00 82460.00    66.02     0.97    0.38    0.00    0.38   0.36  89.60
sde               0.00   869.00    0.00 2411.00     0.00 82116.00    68.12     0.93    0.39    0.00    0.39   0.34  82.80
sde               0.00   874.00    0.00 2375.00     0.00 80156.00    67.50     0.91    0.38    0.00    0.38   0.36  84.80
sde               0.00   850.00    0.00 2303.00     0.00 77820.00    67.58     0.96    0.42    0.00    0.42   0.39  89.60
sde               0.00   894.00    0.00 2415.00     0.00 82328.00    68.18     0.90    0.37    0.00    0.37   0.35  83.60
sde               0.00   882.00    0.00 2446.00     0.00 82300.00    67.29     1.02    0.42    0.00    0.42   0.37  90.80
sde               0.00   912.00    0.00 2478.00     0.00 85080.00    68.67     0.96    0.39    0.00    0.39   0.35  86.80
sde               0.00   903.00    0.00 2436.00     0.00 82888.00    68.05     0.92    0.38    0.00    0.38   0.35  86.00
sde               0.00   847.00    0.00 2365.00     0.00 79240.00    67.01     0.93    0.39    0.00    0.39   0.37  86.80
sde               0.00   903.00    0.00 2485.00     0.00 85204.00    68.57     0.96    0.38    0.00    0.38   0.36  88.40
sde               0.00   889.00    0.00 2379.00     0.00 79852.00    67.13     0.98    0.41    0.00    0.41   0.38  89.60
sde               0.00   891.00    0.00 2485.00     0.00 84192.00    67.76     1.02    0.41    0.00    0.41   0.37  91.20
sde               0.00   899.00    0.00 2513.00     0.00 84356.00    67.14     0.96    0.38    0.00    0.38   0.36  89.60
sde               0.00   899.00    0.00 2452.00     0.00 83164.00    67.83     0.98    0.40    0.00    0.40   0.38  92.80
sde               0.00   921.00    0.00 2484.00     0.00 84004.00    67.64     0.98    0.39    0.00    0.39   0.37  90.80
sde               0.00   862.00    0.00 2414.00     0.00 81200.00    67.27     1.01    0.42    0.00    0.42   0.37  89.60
sde               0.00   917.00    0.00 2527.00     0.00 86236.00    68.25     1.00    0.40    0.00    0.40   0.36  90.40
sde               0.00   872.00    0.00 2398.00     0.00 80104.00    66.81     0.93    0.39    0.00    0.39   0.37  89.60
sde               0.00   840.00    0.00 2288.00     0.00 76968.00    67.28     0.88    0.38    0.00    0.38   0.36  81.60
sde               0.00   866.00    0.00 2386.00     0.00 82084.00    68.80     0.88    0.37    0.00    0.37   0.35  83.60
sde               0.00   899.00    0.00 2484.00     0.00 84272.00    67.85     0.98    0.39    0.00    0.39   0.36  89.60
sde               0.00   900.00    0.00 2429.00     0.00 80872.00    66.59     1.05    0.43    0.00    0.43   0.37  89.60
sde               0.00   889.00    0.00 2474.00     0.00 83356.00    67.39     0.92    0.37    0.00    0.37   0.36  88.80
sde               0.00   867.00    0.00 2415.00     0.00 82128.00    68.01     0.96    0.40    0.00    0.40   0.36  87.20
sde               0.00   898.00    0.00 2460.00     0.00 82272.00    66.89     1.04    0.42    0.00    0.42   0.37  90.00
sde               0.00   864.00    0.00 2356.00     0.00 78928.00    67.00     0.92    0.39    0.00    0.39   0.37  86.00
sde               0.00   910.00    0.00 2512.00     0.00 85336.00    67.94     0.98    0.39    0.00    0.39   0.36  89.60
sde               0.00   886.00    0.00 2420.00     0.00 83196.00    68.76     0.95    0.39    0.00    0.39   0.37  89.20
sde               0.00   898.00    0.00 2467.00     0.00 83220.00    67.47     0.94    0.38    0.00    0.38   0.36  87.60
sde               0.00   925.00    0.00 2521.00     0.00 84980.00    67.42     0.97    0.38    0.00    0.38   0.34  86.00
sde               0.00   886.00    0.00 2442.00     0.00 83220.00    68.16     0.94    0.39    0.00    0.39   0.36  88.80
sde               0.00   901.00    0.00 2496.00     0.00 83444.00    66.86     0.96    0.38    0.00    0.38   0.36  90.00
sde               0.00   909.00    0.00 2434.00     0.00 82784.00    68.02     0.98    0.40    0.00    0.40   0.37  89.20
sde               0.00   904.00    0.00 2516.00     0.00 84392.00    67.08     1.00    0.40    0.00    0.40   0.36  91.20
sde               0.00   916.00    0.00 2496.00     0.00 85252.00    68.31     0.98    0.39    0.00    0.39   0.36  90.00
sde               0.00   861.00    0.00 2351.00     0.00 80044.00    68.09     0.94    0.40    0.00    0.40   0.38  89.60
sde               0.00   867.00    0.00 2363.00     0.00 78024.00    66.04     0.93    0.40    0.00    0.40   0.36  85.20
sde               0.00   910.00    0.00 2487.00     0.00 86184.00    69.31     0.95    0.38    0.00    0.38   0.37  90.80
sde               0.00   861.00    0.00 2394.00     0.00 81184.00    67.82     0.96    0.40    0.00    0.40   0.37  89.20
sde               0.00   926.00    0.00 2477.00     0.00 84024.00    67.84     0.97    0.39    0.00    0.39   0.37  91.20
sde               0.00   866.00    0.00 2388.00     0.00 80192.00    67.16     0.94    0.40    0.00    0.40   0.37  87.20
sde               0.00   892.00    0.00 2483.00     0.00 84232.00    67.85     0.93    0.37    0.00    0.37   0.35  87.20
sde               0.00   843.00    0.00 2296.00     0.00 78032.00    67.97     0.88    0.39    0.00    0.39   0.37  84.80
sde               0.00   908.00    0.00 2455.00     0.00 82968.00    67.59     0.95    0.39    0.00    0.39   0.35  85.60
sde               0.00   875.00    0.00 2444.00     0.00 81500.00    66.69     1.00    0.41    0.00    0.41   0.37  91.20
sde               0.00   892.00    0.00 2451.00     0.00 84052.00    68.59     0.96    0.39    0.00    0.39   0.36  88.80
sde               0.00   871.00    0.00 2386.00     0.00 81072.00    67.96     0.96    0.40    0.00    0.40   0.38  90.80
sde               0.00   901.00    0.00 2454.00     0.00 82016.00    66.84     0.98    0.40    0.00    0.40   0.36  89.20
sde               0.00   905.00    0.00 2518.00     0.00 84380.00    67.02     0.97    0.38    0.00    0.38   0.36  91.20
sde               0.00   861.00    0.00 2385.00     0.00 81156.00    68.06     0.90    0.38    0.00    0.38   0.36  85.20
sde               0.00   921.00    0.00 2488.00     0.00 83948.00    67.48     0.94    0.38    0.00    0.38   0.33  83.20
sde               0.00   829.00    0.00 2277.00     0.00 77024.00    67.65     0.91    0.40    0.00    0.40   0.38  87.20
sde               0.00   839.00    0.00 2324.00     0.00 79120.00    68.09     0.89    0.38    0.00    0.38   0.37  85.20
sde               0.00   884.00    0.00 2406.00     0.00 82064.00    68.22     0.95    0.39    0.00    0.39   0.37  89.60
sde               0.00   906.00    0.00 2507.00     0.00 83180.00    66.36     0.96    0.38    0.00    0.38   0.36  89.20
sde               0.00   854.00    0.00 2340.00     0.00 79112.00    67.62     0.87    0.37    0.00    0.37   0.36  85.20
sde               0.00   883.00    0.00 2451.00     0.00 83200.00    67.89     0.94    0.39    0.00    0.39   0.35  86.80
sde               0.00   873.00    0.00 2374.00     0.00 81088.00    68.31     0.94    0.40    0.00    0.40   0.38  90.00
sde               0.00   923.00    0.00 2484.00     0.00 84016.00    67.65     0.95    0.38    0.00    0.38   0.36  90.40
sde               0.00   861.00    0.00 2401.00     0.00 81208.00    67.65     0.96    0.40    0.00    0.40   0.38  90.80
sde               0.00   890.00    0.00 2458.00     0.00 84132.00    68.46     1.01    0.41    0.00    0.41   0.37  91.20
sde               0.00   856.00    0.00 2317.00     0.00 78024.00    67.35     0.89    0.38    0.00    0.38   0.36  82.80
sde               0.00   862.38    0.00 2366.34     0.00 80174.26    67.76     0.88    0.37    0.00    0.37   0.36  84.75
sde               0.00   869.00    0.00 2432.00     0.00 82172.00    67.58     0.99    0.41    0.00    0.41   0.36  87.60
sde               0.00   913.00    0.00 2420.00     0.00 82200.00    67.93     1.01    0.42    0.00    0.42   0.38  92.00
sde               0.00   909.00    0.00 2460.00     0.00 83148.00    67.60     0.92    0.38    0.00    0.38   0.36  88.00
sde               0.00   871.00    0.00 2382.00     0.00 81108.00    68.10     0.91    0.38    0.00    0.38   0.36  85.60
sde               0.00   875.00    0.00 2427.00     0.00 82216.00    67.75     0.91    0.38    0.00    0.38   0.35  84.80
sde               0.00   896.00    0.00 2456.00     0.00 83176.00    67.73     0.94    0.38    0.00    0.38   0.36  87.60
sde               0.00   868.00    0.00 2327.00     0.00 78860.00    67.78     0.88    0.38    0.00    0.38   0.36  83.20
sde               0.00   880.00    0.00 2437.00     0.00 83196.00    68.28     0.90    0.37    0.00    0.37   0.35  86.00
sde               0.00   889.00    0.00 2469.00     0.00 82376.00    66.73     0.96    0.39    0.00    0.39   0.36  88.80
sde               0.00   899.00    0.00 2486.00     0.00 83224.00    66.95     0.97    0.39    0.00    0.39   0.35  87.60
sde               0.00   881.00    0.00 2387.00     0.00 80844.00    67.74     0.96    0.40    0.00    0.40   0.37  87.20
sde               0.00   900.00    0.00 2478.00     0.00 85164.00    68.74     1.01    0.41    0.00    0.41   0.37  92.00
sde               0.00   880.00    0.00 2404.00     0.00 82088.00    68.29     0.97    0.40    0.00    0.40   0.37  89.60
sde               0.00   890.00    0.00 2368.00     0.00 80004.00    67.57     0.86    0.36    0.00    0.36   0.35  83.60
sde               0.00   866.00    0.00 2421.00     0.00 81268.00    67.14     0.93    0.38    0.00    0.38   0.37  88.40
sde               0.00   895.00    0.00 2494.00     0.00 84296.00    67.60     0.95    0.38    0.00    0.38   0.36  90.00
sde               0.00   888.00    0.00 2410.00     0.00 82092.00    68.13     0.94    0.39    0.00    0.39   0.36  86.80
sde               0.00   858.00    0.00 2328.00     0.00 78804.00    67.70     0.93    0.40    0.00    0.40   0.36  84.00
sde               0.00   840.00    0.00 2348.00     0.00 78256.00    66.66     0.88    0.38    0.00    0.38   0.35  82.00
sde               0.00   871.00    0.00 2388.00     0.00 81232.00    68.03     0.90    0.38    0.00    0.38   0.35  83.60
sde               0.00   846.00    0.00 2324.00     0.00 78960.00    67.95     0.91    0.39    0.00    0.39   0.35  82.40
sde               0.00   886.00    0.00 2407.00     0.00 80960.00    67.27     0.94    0.39    0.00    0.39   0.36  87.60
sde               0.00   874.00    0.00 2435.00     0.00 81316.00    66.79     1.02    0.42    0.00    0.42   0.38  92.00
sde               0.00   898.00    0.00 2495.00     0.00 84308.00    67.58     0.94    0.38    0.00    0.38   0.35  86.40
sde               0.00   879.00    0.00 2375.00     0.00 79920.00    67.30     0.94    0.40    0.00    0.40   0.37  86.80
sde               0.00   850.00    0.00 2363.00     0.00 79124.00    66.97     0.89    0.38    0.00    0.38   0.35  82.80
sde               0.00   857.00    0.00 2373.00     0.00 80236.00    67.62     0.94    0.40    0.00    0.40   0.38  90.00
sde               0.00   894.00    0.00 2439.00     0.00 82232.00    67.43     0.89    0.36    0.00    0.36   0.35  85.20
sde               0.00   909.00    0.00 2470.00     0.00 82972.00    67.18     1.01    0.41    0.00    0.41   0.37  92.00
sde               0.00   866.00    0.00 2433.00     0.00 81276.00    66.81     0.96    0.40    0.00    0.40   0.37  90.00
sde               0.00   898.00    0.00 2472.00     0.00 84256.00    68.17     0.92    0.37    0.00    0.37   0.35  87.20
sde               0.00   906.00    0.00 2448.00     0.00 81400.00    66.50     0.94    0.39    0.00    0.39   0.36  89.20
sde               0.00   863.00    0.00 2322.00     0.00 78836.00    67.90     0.91    0.39    0.00    0.39   0.37  86.00
sde               0.00   888.00    0.00 2457.00     0.00 83288.00    67.80     0.98    0.40    0.00    0.40   0.37  91.60
sde               0.00   870.00    0.00 2405.00     0.00 81260.00    67.58     0.93    0.39    0.00    0.39   0.36  87.20
sde               0.00   847.00    0.00 2272.00     0.00 76784.00    67.59     0.89    0.39    0.00    0.39   0.36  81.60
sde               0.00   840.00    0.00 2319.00     0.00 77204.00    66.58     0.85    0.37    0.00    0.37   0.35  82.00
sde               0.00   838.00    0.00 2325.00     0.00 78180.00    67.25     0.89    0.38    0.00    0.38   0.37  86.40
sde               0.00   901.00    0.00 2478.00     0.00 84132.00    67.90     0.91    0.37    0.00    0.37   0.34  83.20
sde               0.00   890.00    0.00 2422.00     0.00 81056.00    66.93     0.97    0.40    0.00    0.40   0.36  86.80
sde               0.00   906.00    0.00 2479.00     0.00 84200.00    67.93     0.92    0.37    0.00    0.37   0.35  87.20
sde               0.00   863.00    0.00 2389.00     0.00 81296.00    68.06     0.97    0.41    0.00    0.41   0.37  88.40
sde               0.00   897.00    0.00 2425.00     0.00 82976.00    68.43     0.91    0.38    0.00    0.38   0.35  85.60
sde               0.00   908.00    0.00 2440.00     0.00 83824.00    68.71     0.86    0.35    0.00    0.35   0.34  82.00
sde               0.00   877.00    0.00 2446.00     0.00 83148.00    67.99     0.93    0.38    0.00    0.38   0.35  86.40
sde               0.00   860.00    0.00 2390.00     0.00 80260.00    67.16     0.96    0.40    0.00    0.40   0.37  88.00
sde               0.00   861.00    0.00 2342.00     0.00 80028.00    68.34     0.86    0.37    0.00    0.37   0.35  82.00
sde               0.00   851.00    0.00 2313.00     0.00 78716.00    68.06     0.87    0.37    0.00    0.37   0.36  83.20
sde               0.00   873.00    0.00 2407.00     0.00 81280.00    67.54     0.87    0.36    0.00    0.36   0.35  83.60
sde               0.00   870.00    0.00 2415.00     0.00 81260.00    67.30     1.03    0.43    0.00    0.43   0.39  93.20
sde               0.00   919.00    0.00 2469.00     0.00 84868.00    68.75     0.94    0.38    0.00    0.38   0.35  87.20
sde               0.00   843.00    0.00 2316.00     0.00 78944.00    68.17     0.86    0.37    0.00    0.37   0.35  81.60
sde               0.00   902.00    0.00 2499.00     0.00 84360.00    67.52     0.96    0.38    0.00    0.38   0.35  87.20
sde               0.00   836.00    0.00 2267.00     0.00 77924.00    68.75     0.84    0.37    0.00    0.37   0.36  81.20
sde               0.00   911.00    0.00 2465.00     0.00 82156.00    66.66     0.92    0.37    0.00    0.37   0.35  86.80
sde               0.00   832.00    0.00 2302.00     0.00 78124.00    67.87     0.94    0.41    0.00    0.41   0.38  87.60
sde               0.00   891.00    0.00 2463.00     0.00 83316.00    67.65     0.95    0.39    0.00    0.39   0.36  89.60
sde               0.00   865.00    0.00 2327.00     0.00 78956.00    67.86     0.90    0.38    0.00    0.38   0.35  82.40
sde               0.00   880.00    0.00 2402.00     0.00 81960.00    68.24     0.89    0.37    0.00    0.37   0.36  86.00
sde               0.00   856.00    0.00 2357.00     0.00 80184.00    68.04     0.92    0.39    0.00    0.39   0.37  87.20
sde               0.00   876.00    0.00 2432.00     0.00 82204.00    67.60     0.94    0.39    0.00    0.39   0.36  87.60
sde               0.00   863.00    0.00 2277.00     0.00 78844.00    69.25     0.84    0.37    0.00    0.37   0.35  80.00
sde               0.00   885.00    0.00 2391.00     0.00 81924.00    68.53     0.89    0.37    0.00    0.37   0.36  85.20
sde               0.00   847.00    0.00 2352.00     0.00 80104.00    68.12     0.95    0.40    0.00    0.40   0.36  85.60
sde               0.00   896.00    0.00 2445.00     0.00 83156.00    68.02     0.95    0.39    0.00    0.39   0.36  88.40
sde               0.00   857.00    0.00 2336.00     0.00 78952.00    67.60     0.90    0.38    0.00    0.38   0.36  84.80
sde               0.00   873.00    0.00 2394.00     0.00 81132.00    67.78     0.88    0.37    0.00    0.37   0.34  81.60
sde               0.00   872.00    0.00 2394.00     0.00 82128.00    68.61     0.96    0.40    0.00    0.40   0.36  86.80
sde               0.00   902.00    0.00 2453.00     0.00 83052.00    67.71     0.86    0.35    0.00    0.35   0.33  82.00
sde               0.00   858.00    0.00 2337.00     0.00 78968.00    67.58     0.92    0.39    0.00    0.39   0.37  86.40
sde               0.00   895.00    0.00 2461.00     0.00 84224.00    68.45     0.93    0.38    0.00    0.38   0.36  87.60
sde               0.00   823.00    0.00 2267.00     0.00 77092.00    68.01     0.90    0.40    0.00    0.40   0.37  83.60
sde               0.00   872.00    0.00 2366.00     0.00 79980.00    67.61     0.89    0.38    0.00    0.38   0.35  83.20
sde               0.00   869.00    0.00 2344.00     0.00 80840.00    68.98     0.89    0.38    0.00    0.38   0.37  86.40
sde               0.00   858.00    0.00 2391.00     0.00 81168.00    67.89     0.88    0.37    0.00    0.37   0.35  83.60
sde               0.00   842.00    0.00 2317.00     0.00 78064.00    67.38     0.90    0.39    0.00    0.39   0.37  85.20
sde               0.00   857.00    0.00 2356.00     0.00 80160.00    68.05     0.90    0.38    0.00    0.38   0.36  84.80
