sde               0.00     0.82    0.00    1.48     0.00   111.32   150.17     0.01    4.56    1.91    4.56   0.41   0.06
sde               0.00     7.00    0.00    9.00     0.00    64.00    14.22     0.00    0.00    0.00    0.00   0.00   0.00
sde               0.00   487.00    0.00 1287.00     0.00 39548.00    61.46     0.46    0.36    0.00    0.36   0.34  44.40
sde               0.00   978.00    0.00 2526.00     0.00 83452.00    66.07     0.92    0.36    0.00    0.36   0.35  89.60
sde               0.00   892.00    0.00 2357.00     0.00 75452.00    64.02     0.83    0.35    0.00    0.35   0.34  80.80
sde               0.00   936.00    0.00 2424.00     0.00 79936.00    65.95     0.85    0.35    0.00    0.35   0.34  83.20
sde               0.00   983.00    0.00 2444.00     0.00 79656.00    65.18     0.84    0.34    0.00    0.34   0.34  82.80
sde               0.00   898.00    0.00 2330.00     0.00 73888.00    63.42     0.76    0.32    0.00    0.32   0.32  75.60
sde               0.00  1055.00    0.00 2499.00     0.00 79640.00    63.74     0.85    0.34    0.00    0.34   0.34  84.80
sde               0.00  1075.00    0.00 2418.00     0.00 79864.00    66.06     0.86    0.36    0.00    0.36   0.36  86.00
sde               0.00  1038.00    0.00 2292.00     0.00 78544.00    68.54     0.81    0.36    0.00    0.36   0.35  80.80
sde               0.00   963.00    0.00 2259.00     0.00 71380.00    63.20     0.79    0.35    0.00    0.35   0.35  78.00
sde               0.00   969.00    0.00 2241.00     0.00 70860.00    63.24     0.77    0.34    0.00    0.34   0.34  77.20
sde               0.00  1022.00    0.00 2424.00     0.00 75940.00    62.66     0.84    0.35    0.00    0.35   0.34  81.60
sde               0.00  1084.00    0.00 2560.00     0.00 78708.00    61.49     0.91    0.36    0.00    0.36   0.33  83.60
sde               0.00  1014.00    0.00 2383.00     0.00 75028.00    62.97     0.77    0.32    0.00    0.32   0.32  76.40
sde               0.00  1047.00    0.00 2446.00     0.00 76388.00    62.46     0.88    0.36    0.00    0.36   0.36  87.60
sde               0.00  1058.00    0.00 2497.00     0.00 78348.00    62.75     0.89    0.36    0.00    0.36   0.34  84.00
sde               0.00  1104.00    0.00 2569.00     0.00 79492.00    61.89     0.96    0.38    0.00    0.38   0.35  90.00
sde               0.00  1013.00    0.00 2371.00     0.00 74996.00    63.26     0.82    0.35    0.00    0.35   0.34  80.40
sde               0.00  1004.00    0.00 2337.00     0.00 73336.00    62.76     0.80    0.34    0.00    0.34   0.34  79.60
sde               0.00   977.00    0.00 2281.00     0.00 71852.00    63.00     0.83    0.36    0.00    0.36   0.36  81.60
sde               0.00  1038.00    0.00 2414.00     0.00 75188.00    62.29     0.82    0.34    0.00    0.34   0.32  77.60
sde               0.00  1024.00    0.00 2402.00     0.00 75628.00    62.97     0.76    0.32    0.00    0.32   0.31  74.40
sde               0.00  1034.00    0.00 2409.00     0.00 75720.00    62.86     0.83    0.35    0.00    0.35   0.34  82.80
sde               0.00  1098.00    0.00 2566.00     0.00 80856.00    63.02     0.92    0.36    0.00    0.36   0.35  90.00
sde               0.00  1094.00    0.00 2537.00     0.00 79408.00    62.60     0.88    0.35    0.00    0.35   0.33  84.00
sde               0.00  1051.00    0.00 2462.00     0.00 77472.00    62.93     0.88    0.36    0.00    0.36   0.36  87.60
sde               0.00  1069.00    0.00 2497.00     0.00 78684.00    63.02     0.87    0.35    0.00    0.35   0.35  86.80
sde               0.00  1069.00    0.00 2496.00     0.00 78996.00    63.30     0.90    0.36    0.00    0.36   0.35  87.20
sde               0.00  1052.00    0.00 2418.00     0.00 75884.00    62.77     0.84    0.35    0.00    0.35   0.33  80.00
sde               0.00   996.00    0.00 2336.00     0.00 73304.00    62.76     0.86    0.37    0.00    0.37   0.36  85.20
sde               0.00  1095.00    0.00 2523.00     0.00 79376.00    62.92     0.85    0.34    0.00    0.34   0.34  84.80
sde               0.00   991.00    0.00 2294.00     0.00 72508.00    63.22     0.83    0.36    0.00    0.36   0.36  82.00
sde               0.00  1082.00    0.00 2491.00     0.00 77768.00    62.44     0.84    0.34    0.00    0.34   0.33  82.40
sde               0.00  1004.00    0.00 2345.00     0.00 73876.00    63.01     0.82    0.35    0.00    0.35   0.35  82.00
sde               0.00   973.00    0.00 2264.00     0.00 71472.00    63.14     0.81    0.36    0.00    0.36   0.36  81.20
sde               0.00  1008.00    0.00 2336.00     0.00 73716.00    63.11     0.82    0.35    0.00    0.35   0.35  81.60
sde               0.00  1081.00    0.00 2489.00     0.00 78392.00    62.99     0.81    0.32    0.00    0.32   0.32  79.20
sde               0.00  1012.00    0.00 2358.00     0.00 74316.00    63.03     0.79    0.34    0.00    0.34   0.33  78.00
sde               0.00  1014.00    0.00 2359.00     0.00 74468.00    63.14     0.80    0.34    0.00    0.34   0.34  80.40
sde               0.00  1038.00    0.00 2424.00     0.00 76284.00    62.94     0.80    0.33    0.00    0.33   0.33  79.60
sde               0.00  1048.00    0.00 2421.00     0.00 76364.00    63.08     0.86    0.36    0.00    0.36   0.34  82.40
sde               0.00   986.00    0.00 2276.00     0.00 71904.00    63.18     0.84    0.37    0.00    0.37   0.36  81.20
sde               0.00  1079.00    0.00 2529.00     0.00 79808.00    63.11     0.83    0.33    0.00    0.33   0.33  82.40
sde               0.00  1053.00    0.00 2452.00     0.00 76968.00    62.78     0.87    0.36    0.00    0.36   0.36  87.20
sde               0.00  1070.30    0.00 2488.12     0.00 78170.30    62.83     0.88    0.35    0.00    0.35   0.34  85.54
sde               0.00  1046.00    0.00 2407.00     0.00 76008.00    63.16     0.81    0.34    0.00    0.34   0.33  80.40
sde               0.00  1048.00    0.00 2457.00     0.00 76932.00    62.62     0.86    0.35    0.00    0.35   0.35  86.00
sde               0.00  1048.00    0.00 2446.00     0.00 76900.00    62.88     0.85    0.35    0.00    0.35   0.35  85.20
sde               0.00  1027.00    0.00 2378.00     0.00 74784.00    62.90     0.86    0.36    0.00    0.36   0.35  84.40
sde               0.00   990.00    0.00 2281.00     0.00 71792.00    62.95     0.81    0.36    0.00    0.36   0.35  79.60
sde               0.00  1016.00    0.00 2378.00     0.00 75052.00    63.12     0.78    0.33    0.00    0.33   0.33  78.00
sde               0.00   976.00    0.00 2278.00     0.00 71512.00    62.78     0.82    0.36    0.00    0.36   0.36  81.60
sde               0.00   997.00    0.00 2301.00     0.00 72388.00    62.92     0.76    0.33    0.00    0.33   0.32  74.40
sde               0.00  1004.00    0.00 2307.00     0.00 72972.00    63.26     0.84    0.36    0.00    0.36   0.36  82.40
sde               0.00  1042.00    0.00 2437.00     0.00 76852.00    63.07     0.83    0.34    0.00    0.34   0.34  82.40
sde               0.00  1029.00    0.00 2405.00     0.00 75684.00    62.94     0.85    0.35    0.00    0.35   0.35  84.80
sde               0.00  1046.00    0.00 2415.00     0.00 75496.00    62.52     0.87    0.36    0.00    0.36   0.35  85.20
sde               0.00  1040.00    0.00 2398.00     0.00 75428.00    62.91     0.80    0.34    0.00    0.34   0.33  79.20
sde               0.00   999.00    0.00 2332.00     0.00 73816.00    63.31     0.87    0.37    0.00    0.37   0.37  86.80
sde               0.00  1060.00    0.00 2481.00     0.00 77576.00    62.54     0.85    0.34    0.00    0.34   0.34  84.80
sde               0.00  1113.00    0.00 2552.00     0.00 80276.00    62.91     0.85    0.33    0.00    0.33   0.33  84.00
sde               0.00  1045.00    0.00 2405.00     0.00 75984.00    63.19     0.87    0.36    0.00    0.36   0.36  86.40
sde               0.00  1022.00    0.00 2389.00     0.00 75112.00    62.88     0.84    0.35    0.00    0.35   0.35  83.60
sde               0.00  1078.00    0.00 2496.00     0.00 79216.00    63.47     0.86    0.34    0.00    0.34   0.34  86.00
sde               0.00  1031.00    0.00 2383.00     0.00 74840.00    62.81     0.84    0.35    0.00    0.35   0.34  82.00
sde               0.00  1035.00    0.00 2390.00     0.00 75360.00    63.06     0.80    0.33    0.00    0.33   0.33  78.00
sde               0.00  1028.00    0.00 2400.00     0.00 76176.00    63.48     0.83    0.34    0.00    0.34   0.34  82.80
sde               0.00  1040.00    0.00 2416.00     0.00 75768.00    62.72     0.86    0.35    0.00    0.35   0.35  85.20
sde               0.00  1062.00    0.00 2461.00     0.00 77196.00    62.74     0.82    0.34    0.00    0.34   0.32  79.60
sde               0.00  1032.00    0.00 2376.00     0.00 74840.00    63.00     0.81    0.34    0.00    0.34   0.34  80.40
sde               0.00   964.00    0.00 2259.00     0.00 70904.00    62.77     0.85    0.38    0.00    0.38   0.38  85.20
sde               0.00  1006.00    0.00 2342.00     0.00 73872.00    63.08     0.80    0.34    0.00    0.34   0.34  79.20
sde               0.00  1009.00    0.00 2327.00     0.00 73556.00    63.22     0.83    0.36    0.00    0.36   0.36  82.80
sde               0.00  1038.00    0.00 2381.00     0.00 75372.00    63.31     0.86    0.36    0.00    0.36   0.36  84.80
sde               0.00  1048.00    0.00 2447.00     0.00 77428.00    63.28     0.82    0.34    0.00    0.34   0.34  82.40
sde               0.00  1052.00    0.00 2452.00     0.00 76936.00    62.75     0.86    0.35    0.00    0.35   0.35  86.00
sde               0.00  1083.00    0.00 2517.00     0.00 79004.00    62.78     0.86    0.34    0.00    0.34   0.33  84.00
sde               0.00  1075.00    0.00 2476.00     0.00 77836.00    62.87     0.88    0.35    0.00    0.35   0.35  85.60
sde               0.00  1061.00    0.00 2476.00     0.00 78576.00    63.47     0.88    0.36    0.00    0.36   0.36  88.00
sde               0.00  1085.00    0.00 2536.00     0.00 79372.00    62.60     0.88    0.35    0.00    0.35   0.35  87.60
sde               0.00   991.00    0.00 2306.00     0.00 71832.00    62.30     0.83    0.36    0.00    0.36   0.35  79.60
sde               0.00  1040.00    0.00 2382.00     0.00 75384.00    63.29     0.82    0.35    0.00    0.35   0.35  82.40
sde               0.00  1077.00    0.00 2528.00     0.00 79312.00    62.75     0.86    0.34    0.00    0.34   0.34  85.20
sde               0.00  1014.00    0.00 2353.00     0.00 74452.00    63.28     0.86    0.36    0.00    0.36   0.36  85.20
sde               0.00  1063.00    0.00 2456.00     0.00 77716.00    63.29     0.86    0.35    0.00    0.35   0.34  84.00
sde               0.00  1032.00    0.00 2367.00     0.00 74308.00    62.79     0.80    0.34    0.00    0.34   0.33  78.40
sde               0.00  1012.00    0.00 2371.00     0.00 74496.00    62.84     0.80    0.34    0.00    0.34   0.34  79.60
sde               0.00  1023.00    0.00 2376.00     0.00 75060.00    63.18     0.81    0.34    0.00    0.34   0.34  80.80
sde               0.00  1018.00    0.00 2377.00     0.00 74204.00    62.44     0.80    0.34    0.00    0.34   0.33  79.20
sde               0.00  1077.00    0.00 2474.00     0.00 78376.00    63.36     0.86    0.35    0.00    0.35   0.34  85.20
sde               0.00  1100.00    0.00 2550.00     0.00 79996.00    62.74     0.87    0.34    0.00    0.34   0.34  87.20
sde               0.00  1006.00    0.00 2338.00     0.00 73860.00    63.18     0.81    0.35    0.00    0.35   0.35  81.20
sde               0.00  1057.00    0.00 2432.00     0.00 76628.00    63.02     0.82    0.34    0.00    0.34   0.33  80.40
sde               0.00  1051.00    0.00 2412.00     0.00 76036.00    63.05     0.86    0.35    0.00    0.35   0.35  85.60
sde               0.00  1054.00    0.00 2470.00     0.00 77496.00    62.75     0.89    0.36    0.00    0.36   0.36  88.40
sde               0.00  1039.00    0.00 2417.00     0.00 76276.00    63.12     0.84    0.35    0.00    0.35   0.35  84.00
sde               0.00  1055.00    0.00 2423.00     0.00 76600.00    63.23     0.79    0.33    0.00    0.33   0.32  78.00
sde               0.00  1099.00    0.00 2522.00     0.00 79636.00    63.15     0.86    0.34    0.00    0.34   0.34  85.60
sde               0.00  1025.00    0.00 2395.00     0.00 75648.00    63.17     0.86    0.36    0.00    0.36   0.36  85.60
sde               0.00  1068.00    0.00 2483.00     0.00 78124.00    62.93     0.84    0.34    0.00    0.34   0.34  84.40
sde               0.00  1084.00    0.00 2491.00     0.00 78972.00    63.41     0.82    0.33    0.00    0.33   0.33  81.20
sde               0.00  1079.00    0.00 2476.00     0.00 77868.00    62.90     0.91    0.37    0.00    0.37   0.37  91.20
sde               0.00  1083.00    0.00 2545.00     0.00 79876.00    62.77     0.88    0.35    0.00    0.35   0.34  87.60
sde               0.00  1083.00    0.00 2523.00     0.00 79324.00    62.88     0.85    0.34    0.00    0.34   0.34  84.80
sde               0.00   986.00    0.00 2277.00     0.00 71800.00    63.07     0.76    0.33    0.00    0.33   0.33  75.20
sde               0.00  1095.00    0.00 2519.00     0.00 79092.00    62.80     0.82    0.33    0.00    0.33   0.33  82.00
sde               0.00  1070.00    0.00 2510.00     0.00 78716.00    62.72     0.86    0.34    0.00    0.34   0.34  86.00
sde               0.00  1033.00    0.00 2401.00     0.00 75696.00    63.05     0.82    0.34    0.00    0.34   0.34  81.60
sde               0.00  1087.00    0.00 2517.00     0.00 79056.00    62.82     0.90    0.36    0.00    0.36   0.36  90.00
sde               0.00  1057.00    0.00 2426.00     0.00 76104.00    62.74     0.83    0.34    0.00    0.34   0.34  82.40
sde               0.00   984.00    0.00 2301.00     0.00 72644.00    63.14     0.78    0.34    0.00    0.34   0.34  77.60
sde               0.00   995.00    0.00 2316.00     0.00 72728.00    62.80     0.77    0.33    0.00    0.33   0.33  76.80
sde               0.00  1068.00    0.00 2465.00     0.00 77808.00    63.13     0.83    0.34    0.00    0.34   0.34  82.80
sde               0.00  1036.00    0.00 2375.00     0.00 74856.00    63.04     0.87    0.37    0.00    0.37   0.37  86.80
sde               0.00  1055.00    0.00 2470.00     0.00 77520.00    62.77     0.84    0.34    0.00    0.34   0.34  83.60
sde               0.00   993.00    0.00 2319.00     0.00 73244.00    63.17     0.80    0.35    0.00    0.35   0.35  80.40
sde               0.00  1050.00    0.00 2432.00     0.00 76596.00    62.99     0.82    0.34    0.00    0.34   0.33  80.80
sde               0.00  1065.00    0.00 2443.00     0.00 76680.00    62.78     0.85    0.35    0.00    0.35   0.35  84.40
sde               0.00  1032.00    0.00 2419.00     0.00 76236.00    63.03     0.86    0.35    0.00    0.35   0.35  85.60
sde               0.00  1077.00    0.00 2503.00     0.00 78728.00    62.91     0.84    0.34    0.00    0.34   0.34  84.00
sde               0.00  1052.00    0.00 2432.00     0.00 76244.00    62.70     0.89    0.37    0.00    0.37   0.36  88.00
sde               0.00  1097.00    0.00 2491.00     0.00 78880.00    63.33     0.84    0.34    0.00    0.34   0.33  83.20
sde               0.00  1085.00    0.00 2543.00     0.00 79900.00    62.84     0.86    0.34    0.00    0.34   0.34  86.00
sde               0.00  1047.00    0.00 2426.00     0.00 76856.00    63.36     0.89    0.37    0.00    0.37   0.37  89.20
sde               0.00  1031.00    0.00 2387.00     0.00 74856.00    62.72     0.84    0.35    0.00    0.35   0.35  83.20
sde               0.00  1093.00    0.00 2503.00     0.00 79044.00    63.16     0.86    0.35    0.00    0.35   0.34  86.00
sde               0.00  1023.00    0.00 2385.00     0.00 75604.00    63.40     0.84    0.35    0.00    0.35   0.35  84.00
sde               0.00  1025.00    0.00 2376.00     0.00 75076.00    63.20     0.85    0.36    0.00    0.36   0.36  84.80
sde               0.00   956.00    0.00 2225.00     0.00 70124.00    63.03     0.83    0.37    0.00    0.37   0.37  82.80
sde               0.00   991.00    0.00 2301.00     0.00 72548.00    63.06     0.77    0.34    0.00    0.34   0.34  77.20
sde               0.00  1010.00    0.00 2317.00     0.00 73036.00    63.04     0.78    0.34    0.00    0.34   0.34  78.00
sde               0.00  1040.00    0.00 2441.00     0.00 76348.00    62.55     0.87    0.36    0.00    0.36   0.35  86.40
sde               0.00  1027.00    0.00 2382.00     0.00 74936.00    62.92     0.86    0.36    0.00    0.36   0.36  86.40
sde               0.00  1067.00    0.00 2486.00     0.00 77992.00    62.74     0.86    0.35    0.00    0.35   0.35  86.00
sde               0.00  1041.00    0.00 2383.00     0.00 75388.00    63.27     0.84    0.35    0.00    0.35   0.35  84.00
sde               0.00  1053.00    0.00 2468.00     0.00 77508.00    62.81     0.82    0.33    0.00    0.33   0.33  82.40
sde               0.00  1096.00    0.00 2539.00     0.00 79788.00    62.85     0.87    0.34    0.00    0.34   0.34  86.40
sde               0.00  1037.00    0.00 2407.00     0.00 76108.00    63.24     0.86    0.36    0.00    0.36   0.36  85.60
sde               0.00  1094.00    0.00 2532.00     0.00 79116.00    62.49     0.89    0.35    0.00    0.35   0.35  89.20
sde               0.00  1075.00    0.00 2513.00     0.00 79264.00    63.08     0.87    0.35    0.00    0.35   0.35  87.20
sde               0.00  1052.00    0.00 2439.00     0.00 76728.00    62.92     0.86    0.35    0.00    0.35   0.34  84.00
sde               0.00  1040.00    0.00 2420.00     0.00 76148.00    62.93     0.88    0.37    0.00    0.37   0.36  86.80
sde               0.00  1059.00    0.00 2442.00     0.00 76668.00    62.79     0.84    0.35    0.00    0.35   0.34  84.00
sde               0.00  1069.00    0.00 2496.00     0.00 78676.00    63.04     0.84    0.34    0.00    0.34   0.34  84.40
sde               0.00  1040.00    0.00 2431.00     0.00 76136.00    62.64     0.84    0.35    0.00    0.35   0.34  83.20
sde               0.00   986.00    0.00 2284.00     0.00 71964.00    63.02     0.78    0.35    0.00    0.35   0.34  78.00
sde               0.00  1106.00    0.00 2544.00     0.00 80216.00    63.06     0.89    0.35    0.00    0.35   0.34  86.40
sde               0.00  1090.00    0.00 2543.00     0.00 79920.00    62.85     0.86    0.34    0.00    0.34   0.34  86.40
sde               0.00  1051.00    0.00 2461.00     0.00 76784.00    62.40     0.87    0.35    0.00    0.35   0.34  84.80
sde               0.00  1081.00    0.00 2511.00     0.00 79132.00    63.03     0.85    0.34    0.00    0.34   0.33  83.20
sde               0.00  1067.00    0.00 2435.00     0.00 76192.00    62.58     0.86    0.35    0.00    0.35   0.35  86.00
sde               0.00  1055.00    0.00 2454.00     0.00 77468.00    63.14     0.84    0.34    0.00    0.34   0.34  83.20
sde               0.00  1062.00    0.00 2468.00     0.00 77904.00    63.13     0.88    0.36    0.00    0.36   0.35  87.60
sde               0.00  1037.00    0.00 2407.00     0.00 76080.00    63.22     0.84    0.35    0.00    0.35   0.34  82.80
sde               0.00  1079.00    0.00 2492.00     0.00 78424.00    62.94     0.85    0.34    0.00    0.34   0.34  84.40
sde               0.00  1021.00    0.00 2372.00     0.00 75044.00    63.27     0.88    0.37    0.00    0.37   0.37  87.60
sde               0.00  1017.00    0.00 2366.00     0.00 74356.00    62.85     0.86    0.36    0.00    0.36   0.35  83.60
sde               0.00  1049.00    0.00 2449.00     0.00 76776.00    62.70     0.87    0.36    0.00    0.36   0.36  87.20
sde               0.00  1069.00    0.00 2460.00     0.00 77264.00    62.82     0.87    0.35    0.00    0.35   0.34  84.80
sde               0.00   955.00    0.00 2224.00     0.00 70248.00    63.17     0.79    0.35    0.00    0.35   0.35  78.80
sde               0.00  1072.00    0.00 2482.00     0.00 78004.00    62.86     0.86    0.34    0.00    0.34   0.34  85.60
sde               0.00  1066.00    0.00 2478.00     0.00 77948.00    62.91     0.92    0.37    0.00    0.37   0.36  90.00
sde               0.00  1075.00    0.00 2464.00     0.00 77832.00    63.18     0.86    0.35    0.00    0.35   0.35  86.00
sde               0.00  1071.00    0.00 2501.00     0.00 78696.00    62.93     0.84    0.33    0.00    0.33   0.33  83.60
sde               0.00  1029.00    0.00 2385.00     0.00 74984.00    62.88     0.86    0.36    0.00    0.36   0.36  85.60
sde               0.00  1087.00    0.00 2534.00     0.00 79756.00    62.95     0.86    0.34    0.00    0.34   0.34  85.60
sde               0.00  1038.00    0.00 2380.00     0.00 74876.00    62.92     0.85    0.36    0.00    0.36   0.36  85.20
sde               0.00  1063.00    0.00 2493.00     0.00 78128.00    62.68     0.84    0.34    0.00    0.34   0.34  83.60
sde               0.00  1087.00    0.00 2515.00     0.00 79196.00    62.98     0.90    0.36    0.00    0.36   0.35  89.20
sde               0.00  1054.00    0.00 2437.00     0.00 76776.00    63.01     0.86    0.35    0.00    0.35   0.35  86.00
sde               0.00  1080.00    0.00 2497.00     0.00 78460.00    62.84     0.90    0.36    0.00    0.36   0.36  90.40
sde               0.00  1046.00    0.00 2438.00     0.00 76880.00    63.07     0.87    0.36    0.00    0.36   0.35  86.40
sde               0.00  1057.00    0.00 2467.00     0.00 77380.00    62.73     0.84    0.34    0.00    0.34   0.34  83.20
sde               0.00  1100.00    0.00 2546.00     0.00 79684.00    62.60     0.89    0.35    0.00    0.35   0.34  86.80
sde               0.00  1025.00    0.00 2388.00     0.00 74968.00    62.79     0.86    0.36    0.00    0.36   0.36  85.60
sde               0.00  1055.00    0.00 2454.00     0.00 77476.00    63.14     0.86    0.35    0.00    0.35   0.35  85.60
sde               0.00  1015.00    0.00 2362.00     0.00 74340.00    62.95     0.89    0.38    0.00    0.38   0.37  86.40
sde               0.00  1061.00    0.00 2441.00     0.00 76684.00    62.83     0.85    0.35    0.00    0.35   0.35  84.80
sde               0.00  1008.00    0.00 2349.00     0.00 73756.00    62.80     0.90    0.38    0.00    0.38   0.37  88.00
sde               0.00  1027.00    0.00 2393.00     0.00 75640.00    63.22     0.83    0.35    0.00    0.35   0.35  82.80
sde               0.00  1034.00    0.00 2381.00     0.00 74484.00    62.57     0.83    0.35    0.00    0.35   0.35  82.40
sde               0.00  1024.00    0.00 2382.00     0.00 74944.00    62.93     0.87    0.37    0.00    0.37   0.36  86.80
sde               0.00  1043.00    0.00 2397.00     0.00 75428.00    62.94     0.86    0.36    0.00    0.36   0.35  84.80
sde               0.00  1072.00    0.00 2500.00     0.00 79204.00    63.36     0.84    0.34    0.00    0.34   0.34  84.00
sde               0.00  1043.00    0.00 2408.00     0.00 75620.00    62.81     0.80    0.33    0.00    0.33   0.33  79.60
sde               0.00  1060.00    0.00 2470.00     0.00 77892.00    63.07     0.84    0.34    0.00    0.34   0.34  83.20
sde               0.00  1005.00    0.00 2313.00     0.00 72956.00    63.08     0.85    0.37    0.00    0.37   0.36  84.00
sde               0.00  1035.00    0.00 2427.00     0.00 76296.00    62.87     0.82    0.34    0.00    0.34   0.34  81.60
sde               0.00  1024.00    0.00 2367.00     0.00 74380.00    62.85     0.88    0.37    0.00    0.37   0.37  87.60
sde               0.00  1084.00    0.00 2541.00     0.00 80236.00    63.15     0.86    0.34    0.00    0.34   0.33  84.00
sde               0.00  1034.00    0.00 2378.00     0.00 74824.00    62.93     0.87    0.36    0.00    0.36   0.35  84.00
sde               0.00  1052.00    0.00 2474.00     0.00 77516.00    62.66     0.86    0.35    0.00    0.35   0.35  86.40
sde               0.00  1069.00    0.00 2474.00     0.00 77448.00    62.61     0.81    0.33    0.00    0.33   0.33  80.80
sde               0.00  1051.00    0.00 2448.00     0.00 77308.00    63.16     0.89    0.36    0.00    0.36   0.36  88.80
sde               0.00  1102.00    0.00 2537.00     0.00 79640.00    62.78     0.87    0.34    0.00    0.34   0.33  84.40
sde               0.00  1049.00    0.00 2457.00     0.00 77448.00    63.04     0.86    0.35    0.00    0.35   0.35  86.40
sde               0.00   994.00    0.00 2309.00     0.00 72040.00    62.40     0.87    0.37    0.00    0.37   0.37  85.60
sde               0.00  1065.00    0.00 2480.00     0.00 78472.00    63.28     0.88    0.36    0.00    0.36   0.35  86.00
sde               0.00  1069.00    0.00 2465.00     0.00 77280.00    62.70     0.91    0.37    0.00    0.37   0.36  88.80
sde               0.00  1075.00    0.00 2519.00     0.00 79272.00    62.94     0.84    0.34    0.00    0.34   0.34  84.40
sde               0.00  1081.00    0.00 2503.00     0.00 78612.00    62.81     0.87    0.35    0.00    0.35   0.34  85.20
sde               0.00  1069.00    0.00 2468.00     0.00 77968.00    63.18     0.88    0.35    0.00    0.35   0.35  87.20
sde               0.00  1009.00    0.00 2342.00     0.00 73604.00    62.86     0.86    0.36    0.00    0.36   0.36  84.00
sde               0.00  1041.00    0.00 2442.00     0.00 76864.00    62.95     0.86    0.35    0.00    0.35   0.35  85.20
sde               0.00  1057.00    0.00 2447.00     0.00 76800.00    62.77     0.90    0.37    0.00    0.37   0.37  90.00
sde               0.00  1032.00    0.00 2402.00     0.00 76072.00    63.34     0.83    0.35    0.00    0.35   0.34  82.80
sde               0.00  1076.00    0.00 2481.00     0.00 77364.00    62.37     0.81    0.33    0.00    0.33   0.32  80.40
sde               0.00  1048.00    0.00 2455.00     0.00 77448.00    63.09     0.86    0.35    0.00    0.35   0.35  86.40
sde               0.00  1033.00    0.00 2378.00     0.00 74980.00    63.06     0.84    0.35    0.00    0.35   0.35  84.40
sde               0.00  1044.00    0.00 2435.00     0.00 76740.00    63.03     0.85    0.35    0.00    0.35   0.34  84.00
sde               0.00  1115.00    0.00 2540.00     0.00 79212.00    62.37     0.90    0.36    0.00    0.36   0.34  86.80
sde               0.00  1043.00    0.00 2443.00     0.00 76880.00    62.94     0.83    0.34    0.00    0.34   0.34  82.80
sde               0.00  1090.00    0.00 2513.00     0.00 79200.00    63.03     0.84    0.34    0.00    0.34   0.34  84.40
sde               0.00  1054.00    0.00 2438.00     0.00 77292.00    63.41     0.81    0.33    0.00    0.33   0.33  80.80
sde               0.00  1083.00    0.00 2504.00     0.00 78476.00    62.68     0.85    0.34    0.00    0.34   0.34  84.40
sde               0.00  1063.00    0.00 2474.00     0.00 78076.00    63.12     0.84    0.34    0.00    0.34   0.34  83.60
sde               0.00  1044.00    0.00 2420.00     0.00 76176.00    62.96     0.86    0.35    0.00    0.35   0.35  84.40
sde               0.00  1022.00    0.00 2373.00     0.00 74900.00    63.13     0.83    0.35    0.00    0.35   0.34  80.80
sde               0.00   981.00    0.00 2269.00     0.00 71220.00    62.78     0.80    0.36    0.00    0.36   0.35  79.20
sde               0.00   973.00    0.00 2282.00     0.00 71520.00    62.68     0.79    0.35    0.00    0.35   0.34  78.40
sde               0.00   976.00    0.00 2252.00     0.00 71448.00    63.45     0.84    0.37    0.00    0.37   0.37  83.60
sde               0.00  1030.00    0.00 2389.00     0.00 74884.00    62.69     0.77    0.32    0.00    0.32   0.32  77.20
sde               0.00  1042.00    0.00 2399.00     0.00 75460.00    62.91     0.84    0.35    0.00    0.35   0.35  83.60
sde               0.00  1035.00    0.00 2406.00     0.00 76228.00    63.36     0.86    0.36    0.00    0.36   0.36  85.60
sde               0.00  1055.00    0.00 2456.00     0.00 76964.00    62.67     0.85    0.35    0.00    0.35   0.35  85.20
sde               0.00   999.00    0.00 2316.00     0.00 73000.00    63.04     0.84    0.36    0.00    0.36   0.36  83.20
sde               0.00  1037.00    0.00 2396.00     0.00 74916.00    62.53     0.83    0.35    0.00    0.35   0.35  82.80
sde               0.00  1039.00    0.00 2423.00     0.00 76284.00    62.97     0.87    0.36    0.00    0.36   0.35  85.20
sde               0.00  1017.00    0.00 2395.00     0.00 75084.00    62.70     0.86    0.36    0.00    0.36   0.36  85.20
sde               0.00  1031.00    0.00 2365.00     0.00 74808.00    63.26     0.86    0.36    0.00    0.36   0.36  86.00
sde               0.00  1041.00    0.00 2417.00     0.00 75496.00    62.47     0.74    0.30    0.00    0.30   0.30  72.00
sde               0.00   998.00    0.00 2322.00     0.00 73272.00    63.11     0.84    0.36    0.00    0.36   0.36  84.40
sde               0.00  1078.00    0.00 2524.00     0.00 79304.00    62.84     0.88    0.35    0.00    0.35   0.35  88.40
sde               0.00  1037.00    0.00 2381.00     0.00 75372.00    63.31     0.83    0.35    0.00    0.35   0.34  82.00
sde               0.00  1033.00    0.00 2402.00     0.00 74916.00    62.38     0.84    0.35    0.00    0.35   0.35  83.60
sde               0.00  1014.00    0.00 2365.00     0.00 74488.00    62.99     0.83    0.36    0.00    0.36   0.35  82.80
sde               0.00  1076.00    0.00 2522.00     0.00 79284.00    62.87     0.83    0.33    0.00    0.33   0.33  82.80
sde               0.00  1055.00    0.00 2433.00     0.00 76624.00    62.99     0.89    0.36    0.00    0.36   0.36  86.80
sde               0.00  1018.00    0.00 2350.00     0.00 74148.00    63.10     0.87    0.37    0.00    0.37   0.36  84.80
sde               0.00  1040.00    0.00 2429.00     0.00 76320.00    62.84     0.83    0.34    0.00    0.34   0.34  82.40
sde               0.00  1067.00    0.00 2462.00     0.00 77548.00    63.00     0.81    0.33    0.00    0.33   0.33  80.40
sde               0.00  1075.00    0.00 2477.00     0.00 77872.00    62.88     0.86    0.35    0.00    0.35   0.34  83.20
sde               0.00  1057.00    0.00 2442.00     0.00 76656.00    62.78     0.85    0.35    0.00    0.35   0.34  84.00
sde               0.00  1058.00    0.00 2458.00     0.00 77496.00    63.06     0.81    0.33    0.00    0.33   0.33  80.80
sde               0.00   991.00    0.00 2317.00     0.00 73232.00    63.21     0.84    0.36    0.00    0.36   0.36  84.00
sde               0.00  1058.00    0.00 2445.00     0.00 77204.00    63.15     0.77    0.31    0.00    0.31   0.31  76.80
sde               0.00  1008.00    0.00 2308.00     0.00 72480.00    62.81     0.86    0.38    0.00    0.38   0.37  85.20
sde               0.00  1016.00    0.00 2370.00     0.00 75024.00    63.31     0.82    0.35    0.00    0.35   0.35  82.00
sde               0.00   977.00    0.00 2264.00     0.00 71484.00    63.15     0.85    0.37    0.00    0.37   0.37  84.80
sde               0.00  1034.00    0.00 2405.00     0.00 76108.00    63.29     0.83    0.34    0.00    0.34   0.34  82.80
sde               0.00  1049.00    0.00 2398.00     0.00 75300.00    62.80     0.90    0.37    0.00    0.37   0.37  88.00
sde               0.00  1010.00    0.00 2369.00     0.00 74476.00    62.88     0.83    0.35    0.00    0.35   0.35  82.40
sde               0.00   978.00    0.00 2269.00     0.00 71508.00    63.03     0.72    0.32    0.00    0.32   0.31  71.20
sde               0.00  1007.00    0.00 2346.00     0.00 73776.00    62.90     0.79    0.34    0.00    0.34   0.34  79.20
sde               0.00  1078.00    0.00 2476.00     0.00 77744.00    62.80     0.85    0.34    0.00    0.34   0.34  84.40
sde               0.00   954.00    0.00 2218.00     0.00 70224.00    63.32     0.77    0.35    0.00    0.35   0.34  76.40
sde               0.00  1001.00    0.00 2343.00     0.00 73856.00    63.04     0.79    0.34    0.00    0.34   0.34  78.80
sde               0.00  1005.00    0.00 2325.00     0.00 73160.00    62.93     0.84    0.36    0.00    0.36   0.36  82.80
sde               0.00  1041.00    0.00 2426.00     0.00 76700.00    63.23     0.83    0.34    0.00    0.34   0.34  82.80
sde               0.00   997.00    0.00 2293.00     0.00 71856.00    62.67     0.80    0.35    0.00    0.35   0.35  79.20
sde               0.00   953.00    0.00 2242.00     0.00 70272.00    62.69     0.80    0.36    0.00    0.36   0.36  79.60
sde               0.00  1081.00    0.00 2511.00     0.00 78600.00    62.60     0.87    0.35    0.00    0.35   0.34  85.60
sde               0.00  1022.00    0.00 2377.00     0.00 74960.00    63.07     0.86    0.36    0.00    0.36   0.36  85.60
sde               0.00  1036.00    0.00 2382.00     0.00 75372.00    63.28     0.80    0.34    0.00    0.34   0.34  80.00
sde               0.00  1078.00    0.00 2531.00     0.00 79312.00    62.67     0.85    0.34    0.00    0.34   0.33  84.00
sde               0.00  1095.00    0.00 2540.00     0.00 79772.00    62.81     0.87    0.34    0.00    0.34   0.34  85.20
sde               0.00  1023.00    0.00 2381.00     0.00 75472.00    63.40     0.84    0.35    0.00    0.35   0.35  84.00
sde               0.00  1066.00    0.00 2458.00     0.00 77264.00    62.87     0.87    0.35    0.00    0.35   0.35  86.00
sde               0.00   998.00    0.00 2345.00     0.00 73316.00    62.53     0.82    0.35    0.00    0.35   0.34  80.00
sde               0.00  1023.00    0.00 2381.00     0.00 74916.00    62.93     0.82    0.35    0.00    0.35   0.35  82.40
sde               0.00  1060.00    0.00 2439.00     0.00 76304.00    62.57     0.85    0.35    0.00    0.35   0.34  82.40
sde               0.00  1068.00    0.00 2454.00     0.00 77752.00    63.37     0.84    0.34    0.00    0.34   0.34  83.20
sde               0.00  1007.00    0.00 2346.00     0.00 73896.00    63.00     0.82    0.35    0.00    0.35   0.35  82.40
sde               0.00   965.00    0.00 2233.00     0.00 70192.00    62.87     0.81    0.36    0.00    0.36   0.36  81.20
sde               0.00   989.00    0.00 2297.00     0.00 72520.00    63.14     0.78    0.34    0.00    0.34   0.34  78.40
sde               0.00  1038.00    0.00 2394.00     0.00 75424.00    63.01     0.78    0.33    0.00    0.33   0.33  78.00
sde               0.00  1001.00    0.00 2319.00     0.00 73276.00    63.20     0.82    0.35    0.00    0.35   0.35  81.60
sde               0.00  1010.00    0.00 2365.00     0.00 74464.00    62.97     0.81    0.34    0.00    0.34   0.34  80.80
sde               0.00   994.00    0.00 2318.00     0.00 73104.00    63.08     0.76    0.33    0.00    0.33   0.33  76.40
sde               0.00  1061.00    0.00 2422.00     0.00 76472.00    63.15     0.83    0.34    0.00    0.34   0.34  81.20
sde               0.00  1006.00    0.00 2353.00     0.00 73908.00    62.82     0.84    0.36    0.00    0.36   0.36  84.40
sde               0.00  1061.00    0.00 2469.00     0.00 78048.00    63.22     0.84    0.34    0.00    0.34   0.34  83.60
sde               0.00  1017.00    0.00 2378.00     0.00 74420.00    62.59     0.78    0.33    0.00    0.33   0.32  77.20
sde               0.00  1079.00    0.00 2462.00     0.00 77708.00    63.13     0.86    0.35    0.00    0.35   0.34  84.80
sde               0.00   994.00    0.00 2323.00     0.00 73264.00    63.08     0.84    0.36    0.00    0.36   0.36  84.40
sde               0.00  1054.00    0.00 2453.00     0.00 77464.00    63.16     0.84    0.34    0.00    0.34   0.34  84.00
sde               0.00  1029.00    0.00 2410.00     0.00 75568.00    62.71     0.88    0.37    0.00    0.37   0.36  87.20
sde               0.00  1082.00    0.00 2476.00     0.00 77760.00    62.81     0.88    0.36    0.00    0.36   0.35  86.40
sde               0.00   982.00    0.00 2296.00     0.00 72616.00    63.25     0.83    0.36    0.00    0.36   0.36  82.80
sde               0.00  1051.00    0.00 2443.00     0.00 76912.00    62.97     0.83    0.34    0.00    0.34   0.34  82.80
sde               0.00  1064.00    0.00 2483.00     0.00 77992.00    62.82     0.83    0.33    0.00    0.33   0.33  82.00
sde               0.00  1058.00    0.00 2426.00     0.00 75948.00    62.61     0.88    0.36    0.00    0.36   0.35  85.20
sde               0.00  1042.00    0.00 2435.00     0.00 76848.00    63.12     0.85    0.35    0.00    0.35   0.35  84.80
sde               0.00  1020.00    0.00 2378.00     0.00 74552.00    62.70     0.88    0.37    0.00    0.37   0.37  88.40
sde               0.00  1061.00    0.00 2484.00     0.00 77968.00    62.78     0.84    0.34    0.00    0.34   0.33  83.20
sde               0.00  1050.00    0.00 2394.00     0.00 74828.00    62.51     0.84    0.35    0.00    0.35   0.35  83.60
sde               0.00  1064.00    0.00 2493.00     0.00 78648.00    63.10     0.85    0.34    0.00    0.34   0.34  85.20
sde               0.00  1003.00    0.00 2330.00     0.00 73320.00    62.94     0.86    0.37    0.00    0.37   0.37  85.60
sde               0.00   997.00    0.00 2323.00     0.00 73156.00    62.98     0.78    0.34    0.00    0.34   0.34  78.40
sde               0.00   987.00    0.00 2290.00     0.00 72492.00    63.31     0.79    0.34    0.00    0.34   0.34  78.80
sde               0.00  1076.00    0.00 2456.00     0.00 76788.00    62.53     0.83    0.34    0.00    0.34   0.34  82.40
sde               0.00  1036.00    0.00 2422.00     0.00 76284.00    62.99     0.88    0.36    0.00    0.36   0.36  87.20
sde               0.00  1028.00    0.00 2373.00     0.00 74956.00    63.17     0.84    0.35    0.00    0.35   0.35  83.60
sde               0.00  1026.00    0.00 2390.00     0.00 75012.00    62.77     0.84    0.35    0.00    0.35   0.35  83.20
sde               0.00   977.00    0.00 2228.00     0.00 71100.00    63.82     0.80    0.36    0.00    0.36   0.36  79.60
sde               0.00  1005.00    0.00 2351.00     0.00 73900.00    62.87     0.89    0.38    0.00    0.38   0.38  88.80
sde               0.00  1044.00    0.00 2406.00     0.00 75624.00    62.86     0.86    0.36    0.00    0.36   0.36  86.40
sde               0.00  1036.00    0.00 2414.00     0.00 76136.00    63.08     0.89    0.37    0.00    0.37   0.37  88.40
sde               0.00   957.00    0.00 2192.00     0.00 69376.00    63.30     0.78    0.35    0.00    0.35   0.35  77.60
sde               0.00   965.00    0.00 2249.00     0.00 70884.00    63.04     0.81    0.36    0.00    0.36   0.36  80.80
sde               0.00   983.00    0.00 2293.00     0.00 71956.00    62.76     0.85    0.37    0.00    0.37   0.37  84.40
sde               0.00  1022.00    0.00 2362.00     0.00 74396.00    62.99     0.82    0.35    0.00    0.35   0.35  82.00
sde               0.00   973.00    0.00 2253.00     0.00 70640.00    62.71     0.84    0.37    0.00    0.37   0.37  82.40
sde               0.00  1042.00    0.00 2422.00     0.00 76304.00    63.01     0.80    0.33    0.00    0.33   0.33  78.80
sde               0.00  1034.00    0.00 2419.00     0.00 76260.00    63.05     0.80    0.33    0.00    0.33   0.33  80.40
sde               0.00  1006.00    0.00 2348.00     0.00 73612.00    62.70     0.79    0.34    0.00    0.34   0.33  78.00
sde               0.00  1017.00    0.00 2374.00     0.00 74768.00    62.99     0.86    0.37    0.00    0.37   0.36  86.40
