sde               0.00     1.04    0.00    1.99     0.00   134.39   134.75     0.01    3.50    1.91    3.50   0.40   0.08
sde               0.00     1.00    0.00    4.00     0.00    20.00    10.00     0.00    0.00    0.00    0.00   0.00   0.00
sde               0.00   493.00    0.00 1415.00     0.00 52220.00    73.81     0.57    0.40    0.00    0.40   0.36  50.40
sde               0.00   843.00    0.00 2427.00     0.00 108284.00    89.23     1.03    0.43    0.00    0.43   0.37  88.80
sde               0.00   812.00    0.00 2543.00     0.00 91932.00    72.30     1.06    0.42    0.00    0.42   0.36  90.40
sde               0.00   792.00    0.00 2388.00     0.00 97232.00    81.43     1.08    0.46    0.00    0.46   0.38  90.40
sde               0.00   779.00    0.00 2326.00     0.00 98660.00    84.83     1.07    0.46    0.00    0.46   0.38  87.60
sde               0.00   788.00    0.00 2327.00     0.00 95144.00    81.77     1.00    0.43    0.00    0.43   0.38  89.20
sde               0.00   885.00    0.00 2292.00     0.00 112620.00    98.27     1.07    0.47    0.00    0.47   0.39  90.00
sde               0.00   883.00    0.00 2481.00     0.00 92432.00    74.51     1.02    0.41    0.00    0.41   0.36  88.40
sde               0.00   884.00    0.00 2495.00     0.00 90272.00    72.36     1.09    0.44    0.00    0.44   0.37  92.00
sde               0.00   862.00    0.00 2483.00     0.00 88384.00    71.19     1.09    0.44    0.00    0.44   0.37  90.80
sde               0.00   855.00    0.00 2398.00     0.00 88876.00    74.13     1.08    0.45    0.00    0.45   0.39  93.20
sde               0.00   894.00    0.00 2516.00     0.00 93540.00    74.36     1.06    0.42    0.00    0.42   0.35  87.60
sde               0.00   871.00    0.00 2444.00     0.00 88164.00    72.15     1.02    0.42    0.00    0.42   0.37  90.00
sde               0.00   876.00    0.00 2427.00     0.00 91044.00    75.03     1.04    0.43    0.00    0.43   0.37  89.60
sde               0.00   877.00    0.00 2513.00     0.00 90588.00    72.10     1.03    0.41    0.00    0.41   0.35  88.40
sde               0.00   879.00    0.00 2433.00     0.00 90184.00    74.13     0.95    0.39    0.00    0.39   0.36  87.60
sde               0.00   871.00    0.00 2415.00     0.00 88048.00    72.92     1.05    0.44    0.00    0.44   0.38  92.80
sde               0.00   871.00    0.00 2457.00     0.00 89480.00    72.84     1.01    0.41    0.00    0.41   0.37  90.40
sde               0.00   854.00    0.00 2364.00     0.00 86816.00    73.45     0.98    0.41    0.00    0.41   0.37  87.20
sde               0.00   875.00    0.00 2498.00     0.00 89576.00    71.72     1.07    0.43    0.00    0.43   0.37  93.20
sde               0.00   892.00    0.00 2466.00     0.00 91380.00    74.11     1.05    0.42    0.00    0.42   0.37  92.40
sde               0.00   871.00    0.00 2417.00     0.00 89088.00    73.72     1.02    0.42    0.00    0.42   0.38  91.60
sde               0.00   889.00    0.00 2467.00     0.00 94700.00    76.77     0.96    0.39    0.00    0.39   0.36  88.40
sde               0.00   872.00    0.00 2402.00     0.00 87044.00    72.48     1.00    0.42    0.00    0.42   0.39  92.80
sde               0.00   872.00    0.00 2455.00     0.00 88456.00    72.06     0.98    0.40    0.00    0.40   0.35  86.80
sde               0.00   890.00    0.00 2468.00     0.00 89352.00    72.41     1.01    0.41    0.00    0.41   0.38  92.80
sde               0.00   858.00    0.00 2346.00     0.00 87800.00    74.85     0.98    0.42    0.00    0.42   0.38  88.00
sde               0.00   856.00    0.00 2456.00     0.00 86360.00    70.33     0.94    0.38    0.00    0.38   0.35  86.80
sde               0.00   860.00    0.00 2370.00     0.00 87924.00    74.20     0.97    0.41    0.00    0.41   0.37  88.80
sde               0.00   858.00    0.00 2430.00     0.00 87308.00    71.86     0.99    0.41    0.00    0.41   0.38  91.20
sde               0.00   895.00    0.00 2457.00     0.00 88832.00    72.31     0.98    0.40    0.00    0.40   0.36  89.60
sde               0.00   893.00    0.00 2430.00     0.00 89776.00    73.89     1.00    0.41    0.00    0.41   0.38  92.00
sde               0.00   817.00    0.00 2310.00     0.00 83668.00    72.44     1.00    0.43    0.00    0.43   0.39  90.40
sde               0.00   881.00    0.00 2417.00     0.00 89144.00    73.76     0.96    0.40    0.00    0.40   0.36  88.00
sde               0.00   841.00    0.00 2402.00     0.00 85136.00    70.89     1.00    0.41    0.00    0.41   0.37  89.20
sde               0.00   879.00    0.00 2436.00     0.00 89200.00    73.23     1.00    0.41    0.00    0.41   0.37  90.00
sde               0.00   880.00    0.00 2483.00     0.00 88576.00    71.35     0.97    0.39    0.00    0.39   0.36  90.00
sde               0.00   860.00    0.00 2385.00     0.00 86920.00    72.89     0.96    0.40    0.00    0.40   0.36  86.80
sde               0.00   892.00    0.00 2486.00     0.00 89388.00    71.91     1.03    0.41    0.00    0.41   0.36  90.40
sde               0.00   864.00    0.00 2445.00     0.00 87372.00    71.47     1.03    0.42    0.00    0.42   0.38  92.80
sde               0.00   889.00    0.00 2438.00     0.00 90324.00    74.10     0.93    0.38    0.00    0.38   0.36  88.80
sde               0.00   858.00    0.00 2428.00     0.00 87336.00    71.94     1.00    0.41    0.00    0.41   0.38  92.00
sde               0.00   890.00    0.00 2459.00     0.00 90324.00    73.46     0.99    0.41    0.00    0.41   0.37  90.40
sde               0.00   848.00    0.00 2346.00     0.00 85732.00    73.09     0.96    0.41    0.00    0.41   0.37  86.40
sde               0.00   877.00    0.00 2486.00     0.00 87584.00    70.46     1.01    0.41    0.00    0.41   0.37  92.40
sde               0.00   858.00    0.00 2392.00     0.00 85916.00    71.84     0.99    0.41    0.00    0.41   0.37  89.20
sde               0.00   892.00    0.00 2457.00     0.00 89676.00    73.00     0.89    0.36    0.00    0.36   0.36  89.20
sde               0.00   876.00    0.00 2411.00     0.00 89208.00    74.00     0.89    0.37    0.00    0.37   0.36  86.80
sde               0.00   858.00    0.00 2344.00     0.00 86928.00    74.17     0.88    0.38    0.00    0.38   0.37  87.60
sde               0.00   892.00    0.00 2452.00     0.00 89664.00    73.14     0.87    0.35    0.00    0.35   0.35  86.80
sde               0.00   815.00    0.00 2228.00     0.00 81232.00    72.92     0.89    0.40    0.00    0.40   0.39  86.80
sde               0.00   843.00    0.00 2348.00     0.00 85036.00    72.43     0.90    0.39    0.00    0.39   0.38  88.80
sde               0.00   857.00    0.00 2345.00     0.00 84788.00    72.31     0.93    0.40    0.00    0.40   0.38  90.00
sde               0.00   896.00    0.00 2445.00     0.00 91704.00    75.01     0.93    0.38    0.00    0.38   0.38  92.40
sde               0.00   866.00    0.00 2376.00     0.00 90100.00    75.84     0.90    0.38    0.00    0.38   0.37  88.80
sde               0.00   902.00    0.00 2421.00     0.00 92432.00    76.36     0.88    0.37    0.00    0.37   0.36  87.60
sde               0.00   882.00    0.00 2436.00     0.00 88552.00    72.70     0.87    0.36    0.00    0.36   0.35  86.40
sde               0.00   852.00    0.00 2324.00     0.00 85756.00    73.80     0.97    0.42    0.00    0.42   0.40  93.60
sde               0.00   864.00    0.00 2356.00     0.00 87084.00    73.93     0.90    0.38    0.00    0.38   0.38  89.20
sde               0.00   886.00    0.00 2445.00     0.00 89416.00    73.14     0.91    0.37    0.00    0.37   0.36  88.40
sde               0.00   922.00    0.00 2428.00     0.00 91480.00    75.35     0.92    0.38    0.00    0.38   0.37  90.40
sde               0.00   855.00    0.00 2387.00     0.00 87312.00    73.16     0.95    0.40    0.00    0.40   0.40  94.40
sde               0.00   894.00    0.00 2392.00     0.00 92276.00    77.15     0.88    0.37    0.00    0.37   0.36  86.40
sde               0.00   883.00    0.00 2408.00     0.00 88348.00    73.38     0.85    0.36    0.00    0.36   0.35  85.20
sde               0.00   855.00    0.00 2312.00     0.00 87936.00    76.07     0.94    0.40    0.00    0.40   0.40  92.40
sde               0.00   853.00    0.00 2294.00     0.00 85692.00    74.71     0.91    0.40    0.00    0.40   0.39  89.60
sde               0.00   881.00    0.00 2436.00     0.00 88552.00    72.70     0.90    0.37    0.00    0.37   0.37  90.40
sde               0.00   845.00    0.00 2263.00     0.00 86616.00    76.55     0.92    0.41    0.00    0.41   0.41  92.00
sde               0.00   845.00    0.00 2344.00     0.00 85992.00    73.37     0.92    0.39    0.00    0.39   0.39  92.00
sde               0.00   871.00    0.00 2353.00     0.00 89136.00    75.76     0.89    0.38    0.00    0.38   0.38  88.40
sde               0.00   875.00    0.00 2319.00     0.00 89956.00    77.58     0.90    0.39    0.00    0.39   0.38  89.20
sde               0.00   871.00    0.00 2385.00     0.00 89380.00    74.95     0.93    0.39    0.00    0.39   0.39  92.80
sde               0.00   848.00    0.00 2278.00     0.00 85624.00    75.17     0.92    0.40    0.00    0.40   0.40  90.40
sde               0.00   847.00    0.00 2338.00     0.00 86076.00    73.63     0.89    0.38    0.00    0.38   0.38  88.80
sde               0.00   840.00    0.00 2296.00     0.00 85632.00    74.59     0.87    0.38    0.00    0.38   0.37  85.20
sde               0.00   827.00    0.00 2322.00     0.00 82768.00    71.29     0.88    0.38    0.00    0.38   0.38  88.00
sde               0.00   855.00    0.00 2322.00     0.00 86944.00    74.89     0.88    0.37    0.00    0.37   0.38  87.60
sde               0.00   896.00    0.00 2431.00     0.00 89356.00    73.51     0.90    0.38    0.00    0.38   0.37  90.40
sde               0.00   834.00    0.00 2307.00     0.00 83864.00    72.70     0.93    0.40    0.00    0.40   0.40  92.40
sde               0.00   891.00    0.00 2427.00     0.00 89300.00    73.59     0.93    0.38    0.00    0.38   0.37  90.80
sde               0.00   875.00    0.00 2424.00     0.00 87464.00    72.17     0.89    0.37    0.00    0.37   0.37  89.20
sde               0.00   835.00    0.00 2341.00     0.00 83616.00    71.44     1.01    0.43    0.00    0.43   0.39  91.60
sde               0.00   868.00    0.00 2365.00     0.00 87032.00    73.60     0.85    0.36    0.00    0.36   0.36  85.20
sde               0.00   822.00    0.00 2306.00     0.00 81776.00    70.92     0.87    0.38    0.00    0.38   0.37  86.00
sde               0.00   896.00    0.00 2446.00     0.00 90368.00    73.89     0.90    0.37    0.00    0.37   0.35  86.80
sde               0.00   845.00    0.00 2308.00     0.00 87000.00    75.39     0.86    0.37    0.00    0.37   0.37  86.40
sde               0.00   821.00    0.00 2219.00     0.00 83284.00    75.06     0.87    0.40    0.00    0.40   0.39  85.60
sde               0.00   827.00    0.00 2277.00     0.00 83764.00    73.57     0.88    0.39    0.00    0.39   0.38  87.60
sde               0.00   878.00    0.00 2388.00     0.00 91228.00    76.41     0.93    0.39    0.00    0.39   0.39  92.80
sde               0.00   857.00    0.00 2334.00     0.00 85852.00    73.57     0.93    0.40    0.00    0.40   0.39  90.40
sde               0.00   878.00    0.00 2378.00     0.00 86308.00    72.59     0.90    0.38    0.00    0.38   0.38  89.60
sde               0.00   897.00    0.00 2404.00     0.00 91320.00    75.97     0.90    0.38    0.00    0.38   0.37  89.60
sde               0.00   879.00    0.00 2452.00     0.00 87564.00    71.42     0.87    0.35    0.00    0.35   0.35  86.80
sde               0.00   859.00    0.00 2329.00     0.00 85788.00    73.67     0.96    0.41    0.00    0.41   0.40  92.80
sde               0.00   895.00    0.00 2411.00     0.00 89284.00    74.06     0.92    0.38    0.00    0.38   0.38  91.20
sde               0.00   850.00    0.00 2391.00     0.00 86256.00    72.15     0.93    0.39    0.00    0.39   0.38  92.00
sde               0.00   898.00    0.00 2435.00     0.00 90420.00    74.27     0.90    0.37    0.00    0.37   0.37  89.60
sde               0.00   882.00    0.00 2432.00     0.00 89568.00    73.66     0.93    0.38    0.00    0.38   0.38  92.00
sde               0.00   865.00    0.00 2346.00     0.00 86892.00    74.08     0.90    0.39    0.00    0.39   0.37  87.60
sde               0.00   902.00    0.00 2451.00     0.00 89432.00    72.98     0.91    0.37    0.00    0.37   0.37  90.00
sde               0.00   892.00    0.00 2457.00     0.00 90704.00    73.83     0.87    0.36    0.00    0.36   0.35  86.80
sde               0.00   858.00    0.00 2316.00     0.00 86820.00    74.97     0.89    0.39    0.00    0.39   0.38  88.80
sde               0.00   882.00    0.00 2437.00     0.00 92684.00    76.06     0.89    0.37    0.00    0.37   0.37  89.20
sde               0.00   858.00    0.00 2337.00     0.00 85864.00    73.48     0.90    0.39    0.00    0.39   0.39  90.00
sde               0.00   900.00    0.00 2425.00     0.00 91388.00    75.37     0.95    0.39    0.00    0.39   0.39  94.00
sde               0.00   867.00    0.00 2400.00     0.00 87360.00    72.80     0.92    0.38    0.00    0.38   0.38  91.20
sde               0.00   882.00    0.00 2385.00     0.00 88144.00    73.92     0.91    0.38    0.00    0.38   0.38  90.80
sde               0.00   900.00    0.00 2460.00     0.00 91760.00    74.60     0.92    0.38    0.00    0.38   0.38  92.40
sde               0.00   894.00    0.00 2469.00     0.00 89488.00    72.49     0.91    0.37    0.00    0.37   0.37  90.80
sde               0.00   864.00    0.00 2370.00     0.00 88040.00    74.30     0.90    0.38    0.00    0.38   0.38  90.40
sde               0.00   897.00    0.00 2468.00     0.00 90752.00    73.54     0.93    0.38    0.00    0.38   0.38  92.80
sde               0.00   906.00    0.00 2458.00     0.00 89480.00    72.81     0.90    0.37    0.00    0.37   0.37  90.00
sde               0.00   874.00    0.00 2367.00     0.00 90356.00    76.35     0.91    0.38    0.00    0.38   0.38  90.00
sde               0.00   903.00    0.00 2460.00     0.00 90488.00    73.57     0.93    0.38    0.00    0.38   0.38  92.80
sde               0.00   881.00    0.00 2371.00     0.00 89132.00    75.19     0.88    0.37    0.00    0.37   0.37  88.00
sde               0.00   864.00    0.00 2422.00     0.00 88472.00    73.06     0.92    0.38    0.00    0.38   0.38  92.00
sde               0.00   858.00    0.00 2365.00     0.00 86920.00    73.51     0.91    0.38    0.00    0.38   0.37  86.40
sde               0.00   861.00    0.00 2365.00     0.00 87228.00    73.77     0.92    0.39    0.00    0.39   0.39  91.60
sde               0.00   891.00    0.00 2388.00     0.00 92252.00    77.26     0.95    0.40    0.00    0.40   0.39  93.20
sde               0.00   879.00    0.00 2358.00     0.00 89072.00    75.55     0.88    0.37    0.00    0.37   0.37  88.00
sde               0.00   899.00    0.00 2425.00     0.00 89620.00    73.91     0.92    0.38    0.00    0.38   0.38  91.20
sde               0.00   873.00    0.00 2369.00     0.00 88076.00    74.36     0.85    0.36    0.00    0.36   0.36  85.20
sde               0.00   883.00    0.00 2455.00     0.00 90696.00    73.89     0.91    0.37    0.00    0.37   0.37  90.00
sde               0.00   868.00    0.00 2380.00     0.00 86996.00    73.11     0.90    0.38    0.00    0.38   0.36  86.80
sde               0.00   884.00    0.00 2363.00     0.00 90116.00    76.27     0.94    0.40    0.00    0.40   0.40  93.60
sde               0.00   889.00    0.00 2441.00     0.00 89612.00    73.42     0.92    0.38    0.00    0.38   0.38  92.00
sde               0.00   886.00    0.00 2409.00     0.00 88212.00    73.24     0.89    0.37    0.00    0.37   0.37  88.00
sde               0.00   870.00    0.00 2386.00     0.00 88356.00    74.06     0.92    0.39    0.00    0.39   0.39  92.00
sde               0.00   871.00    0.00 2388.00     0.00 88096.00    73.78     0.86    0.36    0.00    0.36   0.35  84.00
sde               0.00   896.00    0.00 2457.00     0.00 91480.00    74.46     0.94    0.38    0.00    0.38   0.37  91.60
sde               0.00   844.00    0.00 2303.00     0.00 85952.00    74.64     0.87    0.38    0.00    0.38   0.38  86.80
sde               0.00   853.00    0.00 2315.00     0.00 84748.00    73.22     0.88    0.38    0.00    0.38   0.38  87.20
sde               0.00   897.00    0.00 2422.00     0.00 93676.00    77.35     0.89    0.37    0.00    0.37   0.37  88.80
sde               0.00   892.00    0.00 2419.00     0.00 90296.00    74.66     0.88    0.37    0.00    0.37   0.36  86.00
sde               0.00   881.00    0.00 2345.00     0.00 90184.00    76.92     0.91    0.39    0.00    0.39   0.39  90.40
sde               0.00   877.00    0.00 2445.00     0.00 89464.00    73.18     0.91    0.37    0.00    0.37   0.36  89.20
sde               0.00   892.00    0.00 2430.00     0.00 91368.00    75.20     0.92    0.38    0.00    0.38   0.37  90.80
sde               0.00   863.00    0.00 2387.00     0.00 86280.00    72.29     0.91    0.38    0.00    0.38   0.38  90.80
sde               0.00   896.00    0.00 2398.00     0.00 92304.00    76.98     0.86    0.36    0.00    0.36   0.35  84.80
sde               0.00   854.00    0.00 2306.00     0.00 86876.00    75.35     0.88    0.38    0.00    0.38   0.38  87.20
sde               0.00   855.00    0.00 2379.00     0.00 87996.00    73.98     0.91    0.38    0.00    0.38   0.36  85.20
sde               0.00   895.05    0.00 2446.53     0.00 89592.08    73.24     0.93    0.38    0.00    0.38   0.37  89.50
sde               0.00   820.00    0.00 2312.00     0.00 82852.00    71.67     0.93    0.40    0.00    0.40   0.40  92.40
sde               0.00   891.00    0.00 2388.00     0.00 92264.00    77.27     0.86    0.36    0.00    0.36   0.35  84.00
sde               0.00   867.00    0.00 2413.00     0.00 85200.00    70.62     0.94    0.39    0.00    0.39   0.38  92.00
sde               0.00   879.00    0.00 2397.00     0.00 88280.00    73.66     0.86    0.36    0.00    0.36   0.36  86.00
sde               0.00   893.00    0.00 2417.00     0.00 90292.00    74.71     0.88    0.37    0.00    0.37   0.35  85.60
sde               0.00   860.00    0.00 2379.00     0.00 86240.00    72.50     0.92    0.39    0.00    0.39   0.38  91.20
sde               0.00   860.00    0.00 2350.00     0.00 86888.00    73.95     0.95    0.40    0.00    0.40   0.39  92.00
sde               0.00   864.00    0.00 2437.00     0.00 86476.00    70.97     0.90    0.37    0.00    0.37   0.37  90.00
sde               0.00   876.00    0.00 2313.00     0.00 86864.00    75.11     0.90    0.39    0.00    0.39   0.38  87.20
sde               0.00   853.00    0.00 2314.00     0.00 86748.00    74.98     0.90    0.39    0.00    0.39   0.38  88.80
sde               0.00   844.00    0.00 2323.00     0.00 83972.00    72.30     0.85    0.37    0.00    0.37   0.37  85.20
sde               0.00   843.00    0.00 2285.00     0.00 83576.00    73.15     0.89    0.39    0.00    0.39   0.39  88.00
sde               0.00   866.00    0.00 2419.00     0.00 86392.00    71.43     0.86    0.36    0.00    0.36   0.36  86.00
sde               0.00   883.00    0.00 2397.00     0.00 89228.00    74.45     0.92    0.38    0.00    0.38   0.38  90.80
sde               0.00   874.00    0.00 2447.00     0.00 87556.00    71.56     0.90    0.37    0.00    0.37   0.37  89.60
sde               0.00   891.00    0.00 2422.00     0.00 89308.00    73.75     0.91    0.38    0.00    0.38   0.37  90.80
sde               0.00   880.00    0.00 2371.00     0.00 89080.00    75.14     0.94    0.39    0.00    0.39   0.39  92.00
sde               0.00   897.00    0.00 2487.00     0.00 88764.00    71.38     0.96    0.38    0.00    0.38   0.38  95.20
sde               0.00   880.00    0.00 2422.00     0.00 87148.00    71.96     0.89    0.37    0.00    0.37   0.35  85.60
sde               0.00   878.00    0.00 2393.00     0.00 88276.00    73.78     0.91    0.38    0.00    0.38   0.38  90.80
sde               0.00   861.00    0.00 2383.00     0.00 87172.00    73.16     0.88    0.37    0.00    0.37   0.37  87.60
sde               0.00   895.00    0.00 2443.00     0.00 90404.00    74.01     0.92    0.38    0.00    0.38   0.36  88.80
sde               0.00   862.00    0.00 2420.00     0.00 86320.00    71.34     0.93    0.39    0.00    0.39   0.37  89.60
sde               0.00   868.00    0.00 2467.00     0.00 88116.00    71.44     1.03    0.42    0.00    0.42   0.36  88.80
sde               0.00   845.00    0.00 2410.00     0.00 86108.00    71.46     1.02    0.42    0.00    0.42   0.38  90.80
sde               0.00   873.00    0.00 2429.00     0.00 89132.00    73.39     1.02    0.42    0.00    0.42   0.38  91.60
sde               0.00   862.00    0.00 2409.00     0.00 85948.00    71.36     0.96    0.40    0.00    0.40   0.35  84.80
sde               0.00   836.00    0.00 2422.00     0.00 85084.00    70.26     1.06    0.44    0.00    0.44   0.37  90.40
sde               0.00   872.00    0.00 2427.00     0.00 89112.00    73.43     1.03    0.42    0.00    0.42   0.36  88.40
sde               0.00   850.00    0.00 2386.00     0.00 87156.00    73.06     0.96    0.40    0.00    0.40   0.37  88.80
sde               0.00   854.00    0.00 2391.00     0.00 85868.00    71.83     0.95    0.40    0.00    0.40   0.36  85.20
sde               0.00   843.00    0.00 2391.00     0.00 85076.00    71.16     1.00    0.42    0.00    0.42   0.38  91.20
sde               0.00   883.00    0.00 2446.00     0.00 89236.00    72.96     0.98    0.40    0.00    0.40   0.36  87.60
sde               0.00   870.00    0.00 2424.00     0.00 88072.00    72.67     1.00    0.42    0.00    0.42   0.37  88.80
sde               0.00   825.00    0.00 2338.00     0.00 84876.00    72.61     0.96    0.41    0.00    0.41   0.38  88.40
sde               0.00   869.00    0.00 2441.00     0.00 86112.00    70.55     1.00    0.41    0.00    0.41   0.37  91.20
sde               0.00   851.00    0.00 2422.00     0.00 86212.00    71.19     0.95    0.40    0.00    0.40   0.35  85.20
sde               0.00   827.00    0.00 2324.00     0.00 82488.00    70.99     0.97    0.42    0.00    0.42   0.37  86.40
sde               0.00   913.00    0.00 2455.00     0.00 90420.00    73.66     1.01    0.41    0.00    0.41   0.37  90.40
sde               0.00   823.00    0.00 2340.00     0.00 83816.00    71.64     0.99    0.43    0.00    0.43   0.38  88.00
sde               0.00   867.00    0.00 2413.00     0.00 85988.00    71.27     0.98    0.41    0.00    0.41   0.36  86.40
sde               0.00   848.00    0.00 2423.00     0.00 86256.00    71.20     0.96    0.39    0.00    0.39   0.36  87.20
sde               0.00   824.00    0.00 2281.00     0.00 83408.00    73.13     0.95    0.42    0.00    0.42   0.38  86.80
sde               0.00   861.00    0.00 2433.00     0.00 88316.00    72.60     1.00    0.41    0.00    0.41   0.36  88.40
sde               0.00   855.00    0.00 2386.00     0.00 86884.00    72.83     0.96    0.40    0.00    0.40   0.37  87.20
sde               0.00   863.00    0.00 2383.00     0.00 86920.00    72.95     0.92    0.39    0.00    0.39   0.35  83.20
sde               0.00   863.00    0.00 2454.00     0.00 87404.00    71.23     0.96    0.39    0.00    0.39   0.36  88.40
sde               0.00   853.00    0.00 2368.00     0.00 84800.00    71.62     0.93    0.39    0.00    0.39   0.36  85.60
sde               0.00   860.00    0.00 2443.00     0.00 88372.00    72.35     0.97    0.40    0.00    0.40   0.35  85.60
sde               0.00   858.00    0.00 2388.00     0.00 84876.00    71.09     1.00    0.42    0.00    0.42   0.38  89.60
sde               0.00   865.00    0.00 2465.00     0.00 87432.00    70.94     0.94    0.38    0.00    0.38   0.36  87.60
sde               0.00   864.00    0.00 2397.00     0.00 87972.00    73.40     0.96    0.40    0.00    0.40   0.36  86.00
sde               0.00   841.00    0.00 2346.00     0.00 85692.00    73.05     0.98    0.42    0.00    0.42   0.36  84.80
sde               0.00   859.00    0.00 2439.00     0.00 86328.00    70.79     0.98    0.40    0.00    0.40   0.37  89.60
sde               0.00   849.00    0.00 2338.00     0.00 85828.00    73.42     0.90    0.39    0.00    0.39   0.38  88.40
sde               0.00   843.00    0.00 2361.00     0.00 85140.00    72.12     0.89    0.38    0.00    0.38   0.38  89.20
sde               0.00   858.00    0.00 2321.00     0.00 86824.00    74.82     0.85    0.37    0.00    0.37   0.37  85.20
sde               0.00   847.00    0.00 2310.00     0.00 85852.00    74.33     0.91    0.39    0.00    0.39   0.39  89.20
sde               0.00   879.00    0.00 2400.00     0.00 88300.00    73.58     0.92    0.38    0.00    0.38   0.38  91.20
sde               0.00   863.00    0.00 2355.00     0.00 85920.00    72.97     0.89    0.38    0.00    0.38   0.37  87.60
sde               0.00   884.00    0.00 2446.00     0.00 88608.00    72.45     0.88    0.36    0.00    0.36   0.36  88.40
sde               0.00   880.00    0.00 2403.00     0.00 89208.00    74.25     0.92    0.38    0.00    0.38   0.37  89.60
sde               0.00   858.00    0.00 2367.00     0.00 87136.00    73.63     0.90    0.38    0.00    0.38   0.38  89.60
sde               0.00   856.00    0.00 2370.00     0.00 85040.00    71.76     0.88    0.37    0.00    0.37   0.37  88.00
sde               0.00   891.00    0.00 2394.00     0.00 89220.00    74.54     0.91    0.38    0.00    0.38   0.38  90.80
sde               0.00   879.00    0.00 2431.00     0.00 88524.00    72.83     0.87    0.36    0.00    0.36   0.36  87.20
sde               0.00   898.00    0.00 2434.00     0.00 90392.00    74.27     0.92    0.37    0.00    0.37   0.38  91.60
sde               0.00   860.00    0.00 2348.00     0.00 87172.00    74.25     0.91    0.38    0.00    0.38   0.38  89.20
sde               0.00   889.00    0.00 2410.00     0.00 88280.00    73.26     0.90    0.38    0.00    0.38   0.37  89.60
sde               0.00   864.00    0.00 2303.00     0.00 89880.00    78.05     0.89    0.39    0.00    0.39   0.38  88.00
sde               0.00   881.00    0.00 2461.00     0.00 87600.00    71.19     0.88    0.36    0.00    0.36   0.36  88.00
sde               0.00   895.00    0.00 2429.00     0.00 88316.00    72.72     0.91    0.37    0.00    0.37   0.37  89.60
sde               0.00   855.00    0.00 2349.00     0.00 87164.00    74.21     0.88    0.37    0.00    0.37   0.37  87.60
sde               0.00   902.00    0.00 2430.00     0.00 90392.00    74.40     0.85    0.35    0.00    0.35   0.35  84.40
sde               0.00   896.00    0.00 2397.00     0.00 90276.00    75.32     0.88    0.37    0.00    0.37   0.36  86.80
sde               0.00   840.00    0.00 2337.00     0.00 87100.00    74.54     0.90    0.39    0.00    0.39   0.39  90.00
sde               0.00   885.00    0.00 2371.00     0.00 90176.00    76.07     0.89    0.37    0.00    0.37   0.37  88.00
sde               0.00   856.00    0.00 2344.00     0.00 87144.00    74.35     0.89    0.38    0.00    0.38   0.38  88.80
sde               0.00   892.00    0.00 2416.00     0.00 89272.00    73.90     0.88    0.36    0.00    0.36   0.36  86.80
sde               0.00   885.00    0.00 2365.00     0.00 90136.00    76.22     0.84    0.36    0.00    0.36   0.36  84.00
sde               0.00   833.00    0.00 2295.00     0.00 84860.00    73.95     0.88    0.38    0.00    0.38   0.38  88.00
sde               0.00   883.00    0.00 2415.00     0.00 88224.00    73.06     0.87    0.36    0.00    0.36   0.35  85.60
sde               0.00   870.00    0.00 2415.00     0.00 89504.00    74.12     0.88    0.37    0.00    0.37   0.37  88.40
sde               0.00   843.00    0.00 2306.00     0.00 84676.00    73.44     0.90    0.39    0.00    0.39   0.39  89.20
sde               0.00   900.00    0.00 2423.00     0.00 90356.00    74.58     0.86    0.36    0.00    0.36   0.35  85.20
sde               0.00   874.00    0.00 2414.00     0.00 88448.00    73.28     0.89    0.37    0.00    0.37   0.37  88.80
sde               0.00   865.00    0.00 2334.00     0.00 86900.00    74.46     0.87    0.37    0.00    0.37   0.37  87.20
sde               0.00   881.00    0.00 2453.00     0.00 87580.00    71.41     0.89    0.36    0.00    0.36   0.36  88.80
sde               0.00   886.00    0.00 2415.00     0.00 90320.00    74.80     0.90    0.37    0.00    0.37   0.37  88.80
sde               0.00   852.00    0.00 2361.00     0.00 87084.00    73.77     0.86    0.36    0.00    0.36   0.36  85.20
sde               0.00   880.00    0.00 2390.00     0.00 88276.00    73.87     0.89    0.37    0.00    0.37   0.37  88.80
sde               0.00   887.00    0.00 2414.00     0.00 88248.00    73.11     0.90    0.37    0.00    0.37   0.37  89.60
sde               0.00   853.00    0.00 2341.00     0.00 87128.00    74.44     0.90    0.38    0.00    0.38   0.38  90.00
sde               0.00   835.00    0.00 2246.00     0.00 84464.00    75.21     0.85    0.38    0.00    0.38   0.38  84.40
sde               0.00   852.00    0.00 2372.00     0.00 84148.00    70.95     0.86    0.36    0.00    0.36   0.36  86.00
sde               0.00   859.00    0.00 2353.00     0.00 86968.00    73.92     0.85    0.36    0.00    0.36   0.36  84.80
sde               0.00   838.00    0.00 2288.00     0.00 84640.00    73.99     0.86    0.38    0.00    0.38   0.37  85.60
sde               0.00   849.00    0.00 2364.00     0.00 85136.00    72.03     0.89    0.38    0.00    0.38   0.37  88.00
sde               0.00   909.00    0.00 2406.00     0.00 89352.00    74.27     0.88    0.37    0.00    0.37   0.37  88.40
sde               0.00   835.00    0.00 2313.00     0.00 83904.00    72.55     0.85    0.37    0.00    0.37   0.37  84.80
sde               0.00   884.00    0.00 2399.00     0.00 87176.00    72.68     0.88    0.37    0.00    0.37   0.37  87.60
sde               0.00   859.00    0.00 2361.00     0.00 87208.00    73.87     0.86    0.36    0.00    0.36   0.36  85.60
sde               0.00   853.00    0.00 2301.00     0.00 87808.00    76.32     0.90    0.39    0.00    0.39   0.39  89.20
sde               0.00   898.00    0.00 2414.00     0.00 92416.00    76.57     0.90    0.37    0.00    0.37   0.37  89.60
sde               0.00   839.00    0.00 2296.00     0.00 85916.00    74.84     0.90    0.39    0.00    0.39   0.39  89.60
sde               0.00   888.00    0.00 2377.00     0.00 90180.00    75.88     0.89    0.38    0.00    0.38   0.37  88.80
sde               0.00   852.00    0.00 2344.00     0.00 86108.00    73.47     0.86    0.37    0.00    0.37   0.36  85.20
sde               0.00   887.00    0.00 2393.00     0.00 89208.00    74.56     0.92    0.38    0.00    0.38   0.38  90.80
sde               0.00   862.00    0.00 2339.00     0.00 85880.00    73.43     0.90    0.39    0.00    0.39   0.38  90.00
sde               0.00   848.00    0.00 2378.00     0.00 86240.00    72.53     0.87    0.37    0.00    0.37   0.37  86.80
sde               0.00   911.00    0.00 2408.00     0.00 96520.00    80.17     0.90    0.37    0.00    0.37   0.37  89.20
sde               0.00   849.00    0.00 2353.00     0.00 84080.00    71.47     0.90    0.38    0.00    0.38   0.38  89.60
sde               0.00   879.00    0.00 2394.00     0.00 88152.00    73.64     0.89    0.37    0.00    0.37   0.37  88.40
sde               0.00   889.00    0.00 2377.00     0.00 90188.00    75.88     0.87    0.37    0.00    0.37   0.36  86.40
sde               0.00   802.00    0.00 2247.00     0.00 79484.00    70.75     0.81    0.36    0.00    0.36   0.36  81.20
sde               0.00   886.00    0.00 2383.00     0.00 90212.00    75.71     0.86    0.36    0.00    0.36   0.36  85.60
sde               0.00   835.00    0.00 2328.00     0.00 86028.00    73.91     0.86    0.37    0.00    0.37   0.37  85.60
sde               0.00   827.00    0.00 2219.00     0.00 83344.00    75.12     0.86    0.39    0.00    0.39   0.39  86.00
sde               0.00   857.00    0.00 2383.00     0.00 86244.00    72.38     0.88    0.37    0.00    0.37   0.37  88.40
sde               0.00   876.00    0.00 2374.00     0.00 87060.00    73.34     0.85    0.36    0.00    0.36   0.36  85.20
sde               0.00   837.00    0.00 2289.00     0.00 83588.00    73.03     0.86    0.37    0.00    0.37   0.37  85.60
sde               0.00   860.00    0.00 2346.00     0.00 88188.00    75.18     0.88    0.38    0.00    0.38   0.37  87.20
