sde               0.00     1.23    0.00    2.48     0.00   157.16   126.52     0.01    2.90    1.91    2.90   0.41   0.10
sde               0.00     1.00    0.00    4.00     0.00    20.00    10.00     0.00    0.00    0.00    0.00   0.00   0.00
sde               0.00   224.00    0.00  556.00     0.00 133544.00   480.37     1.67    3.00    0.00    3.00   0.74  41.20
sde               0.00   249.00    0.00  658.00     0.00 177596.00   539.81     3.38    5.09    0.00    5.09   1.25  82.00
sde               0.00   194.00    0.00  539.00     0.00 143924.00   534.04     3.54    6.62    0.00    6.62   1.59  85.60
sde               0.00   206.00    0.00  518.00     0.00 137552.00   531.09     3.46    6.59    0.00    6.59   1.63  84.40
sde               0.00   175.00    0.00  405.00     0.00 107560.00   531.16     3.73    9.28    0.00    9.28   2.19  88.80
sde               0.00   250.00    0.00  591.00     0.00 160104.00   541.81     3.30    5.61    0.00    5.61   1.41  83.60
sde               0.00   240.00    0.00  548.00     0.00 148864.00   543.30     3.31    6.02    0.00    6.02   1.48  81.20
sde               0.00   338.00    0.00  704.00     0.00 203564.00   578.31     2.92    4.15    0.00    4.15   1.14  80.40
sde               0.00   157.00    0.00  268.00     0.00 87420.00   652.39     2.90   10.75    0.00   10.75   3.39  90.80
sde               0.00   212.00    0.00  364.00     0.00 120748.00   663.45     2.46    6.80    0.00    6.80   2.32  84.40
sde               0.00   351.00    0.00  596.00     0.00 196936.00   660.86     2.41    4.04    0.00    4.04   1.32  78.40
sde               0.00   181.00    0.00  312.00     0.00 102092.00   654.44     2.54    8.13    0.00    8.13   2.77  86.40
sde               0.00   206.00    0.00  345.00     0.00 119436.00   692.38     2.30    6.68    0.00    6.68   2.39  82.40
sde               0.00   253.00    0.00  417.00     0.00 140480.00   673.76     2.31    5.61    0.00    5.61   1.91  79.60
sde               0.00   296.00    0.00  495.00     0.00 167664.00   677.43     2.30    4.64    0.00    4.64   1.62  80.40
sde               0.00   371.00    0.00  612.00     0.00 208576.00   681.62     2.31    3.74    0.00    3.74   1.33  81.60
sde               0.00   225.00    0.00  383.00     0.00 132920.00   694.10     2.26    5.84    0.00    5.84   2.17  83.20
sde               0.00   149.00    0.00  247.00     0.00 85364.00   691.21     2.61   10.62    0.00   10.62   3.56  88.00
sde               0.00   111.00    0.00  180.00     0.00 61036.00   678.18     2.66   14.98    0.00   14.98   5.09  91.60
sde               0.00   117.00    0.00  190.00     0.00 66968.00   704.93     2.64   13.49    0.00   13.49   4.76  90.40
sde               0.00   116.00    0.00  192.00     0.00 64936.00   676.42     2.66   14.25    0.00   14.25   4.69  90.00
sde               0.00   132.00    0.00  215.00     0.00 73720.00   685.77     2.64   12.30    0.00   12.30   4.09  88.00
sde               0.00   107.00    0.00  183.00     0.00 65128.00   711.78     2.53   13.51    0.00   13.51   4.92  90.00
sde               0.00   123.00    0.00  189.00     0.00 66704.00   705.86     2.83   15.20    0.00   15.20   4.87  92.00
sde               0.00   126.00    0.00  215.00     0.00 70136.00   652.43     2.65   12.17    0.00   12.17   4.17  89.60
sde               0.00   126.00    0.00  207.00     0.00 73456.00   709.72     2.58   12.70    0.00   12.70   4.37  90.40
sde               0.00   208.00    0.00  341.00     0.00 117256.00   687.72     2.52    7.30    0.00    7.30   2.53  86.40
sde               0.00   209.00    0.00  343.00     0.00 115456.00   673.21     2.65    7.83    0.00    7.83   2.50  85.60
sde               0.00   102.00    0.00  176.00     0.00 62024.00   704.82     2.68   15.25    0.00   15.25   5.16  90.80
sde               0.00   115.00    0.00  190.00     0.00 67012.00   705.39     2.43   12.29    0.00   12.29   4.69  89.20
sde               0.00   138.00    0.00  168.00     0.00 57376.00   683.05     2.54   15.62    0.00   15.62   5.45  91.60
sde               0.00   166.00    0.00  268.00     0.00 101916.00   760.57     2.16    8.01    0.00    8.01   3.18  85.20
sde               0.00   218.00    0.00  357.00     0.00 131900.00   738.94     1.99    5.45    0.00    5.45   2.30  82.00
sde               0.00   197.00    0.00  317.00     0.00 118408.00   747.05     2.09    6.75    0.00    6.75   2.70  85.60
sde               0.00   219.00    0.00  356.00     0.00 131896.00   740.99     2.06    5.82    0.00    5.82   2.34  83.20
sde               0.00   201.00    0.00  324.00     0.00 118068.00   728.81     2.07    6.28    0.00    6.28   2.62  84.80
sde               0.00   277.00    0.00  453.00     0.00 169820.00   749.76     1.97    4.30    0.00    4.30   1.77  80.00
sde               0.00   313.00    0.00  512.00     0.00 190064.00   742.44     1.92    3.88    0.00    3.88   1.52  78.00
sde               0.00   208.00    0.00  333.00     0.00 124116.00   745.44     2.12    6.38    0.00    6.38   2.47  82.40
sde               0.00   224.00    0.00  359.00     0.00 134992.00   752.04     1.93    5.35    0.00    5.35   2.19  78.80
sde               0.00   229.00    0.00  378.00     0.00 137624.00   728.17     1.94    5.08    0.00    5.08   2.11  79.60
sde               0.00   221.00    0.00  349.00     0.00 131880.00   755.76     1.90    5.50    0.00    5.50   2.32  80.80
sde               0.00   225.00    0.00  368.00     0.00 134760.00   732.39     2.03    5.58    0.00    5.58   2.28  84.00
sde               0.00   253.00    0.00  407.00     0.00 150428.00   739.20     2.12    5.18    0.00    5.18   2.07  84.40
sde               0.00   252.00    0.00  405.00     0.00 149276.00   737.17     1.97    4.69    0.00    4.69   1.96  79.20
sde               0.00   228.00    0.00  370.00     0.00 139648.00   754.85     2.11    5.83    0.00    5.83   2.34  86.40
sde               0.00   194.00    0.00  316.00     0.00 116348.00   736.38     2.02    6.29    0.00    6.29   2.62  82.80
sde               0.00   218.00    0.00  354.00     0.00 131892.00   745.15     2.02    5.80    0.00    5.80   2.35  83.20
sde               0.00   193.00    0.00  322.00     0.00 120324.00   747.35     2.11    6.47    0.00    6.47   2.62  84.40
sde               0.00   201.00    0.00  322.00     0.00 119216.00   740.47     2.11    6.73    0.00    6.73   2.65  85.20
sde               0.00   240.00    0.00  397.00     0.00 147436.00   742.75     2.07    5.24    0.00    5.24   2.05  81.20
sde               0.00   212.00    0.00  338.00     0.00 127980.00   757.28     1.99    5.88    0.00    5.88   2.44  82.40
sde               0.00   329.00    0.00  533.00     0.00 195400.00   733.21     1.97    3.54    0.00    3.54   1.46  78.00
sde               0.00   273.00    0.00  437.00     0.00 162484.00   743.63     2.06    4.84    0.00    4.84   1.93  84.40
sde               0.00   205.00    0.00  335.00     0.00 126180.00   753.31     2.09    6.24    0.00    6.24   2.52  84.40
sde               0.00   191.00    0.00  311.00     0.00 117224.00   753.85     2.07    6.74    0.00    6.74   2.68  83.20
sde               0.00   270.00    0.00  434.00     0.00 160036.00   737.49     2.04    4.61    0.00    4.61   1.94  84.40
sde               0.00   229.00    0.00  375.00     0.00 138628.00   739.35     2.03    5.34    0.00    5.34   2.22  83.20
sde               0.00   201.00    0.00  325.00     0.00 121260.00   746.22     2.19    6.90    0.00    6.90   2.60  84.40
sde               0.00   279.00    0.00  461.00     0.00 169728.00   736.35     1.95    4.26    0.00    4.26   1.73  79.60
sde               0.00   259.00    0.00  337.00     0.00 121536.00   721.28     2.06    6.04    0.00    6.04   2.52  84.80
sde               0.00   261.00    0.00  422.00     0.00 154092.00   730.29     1.96    4.71    0.00    4.71   1.90  80.00
sde               0.00   251.00    0.00  402.00     0.00 151308.00   752.78     2.02    5.02    0.00    5.02   2.02  81.20
sde               0.00   237.00    0.00  391.00     0.00 144584.00   739.56     2.03    5.16    0.00    5.16   2.09  81.60
sde               0.00   411.00    0.00  657.00     0.00 243336.00   740.75     1.85    2.84    0.00    2.84   1.13  74.00
sde               0.00   415.00    0.00  682.00     0.00 252232.00   739.68     1.78    2.62    0.00    2.62   1.04  70.80
sde               0.00   276.00    0.00  442.00     0.00 163912.00   741.68     1.93    4.32    0.00    4.32   1.80  79.60
sde               0.00   422.00    0.00  679.00     0.00 254956.00   750.97     1.85    2.76    0.00    2.76   1.05  71.20
sde               0.00   352.00    0.00  580.00     0.00 214672.00   740.25     1.87    3.21    0.00    3.21   1.32  76.80
sde               0.00   467.00    0.00  759.00     0.00 283984.00   748.31     1.97    2.59    0.00    2.59   1.03  78.00
sde               0.00   303.00    0.00  484.00     0.00 181264.00   749.02     2.14    4.40    0.00    4.40   1.73  83.60
sde               0.00   397.00    0.00  636.00     0.00 235560.00   740.75     1.95    3.11    0.00    3.11   1.22  77.60
sde               0.00   428.00    0.00  705.00     0.00 263760.00   748.26     1.81    2.57    0.00    2.57   1.02  72.00
sde               0.00   446.00    0.00  717.00     0.00 263816.00   735.89     1.75    2.44    0.00    2.44   0.99  70.80
sde               0.00   429.00    0.00  692.00     0.00 261028.00   754.42     1.91    2.71    0.00    2.71   1.08  74.40
sde               0.00   414.00    0.00  666.00     0.00 247220.00   742.40     1.82    2.78    0.00    2.78   1.08  71.60
sde               0.00   417.00    0.00  683.00     0.00 253408.00   742.04     1.72    2.49    0.00    2.49   0.99  67.60
sde               0.00   454.00    0.00  739.00     0.00 274160.00   741.98     1.87    2.55    0.00    2.55   1.00  73.60
sde               0.00   473.00    0.00  764.00     0.00 287080.00   751.52     2.02    2.65    0.00    2.65   0.98  74.80
sde               0.00   490.00    0.00  784.00     0.00 290892.00   742.07     2.00    2.55    0.00    2.55   0.99  78.00
sde               0.00   434.00    0.00  712.00     0.00 264800.00   743.82     1.82    2.53    0.00    2.53   1.01  72.00
sde               0.00   440.00    0.00  960.00     0.00 276576.00   576.20     2.86    2.98    0.00    2.98   0.77  74.00
sde               0.00   385.00    0.00  869.00     0.00 238272.00   548.38     3.15    3.64    0.00    3.64   0.81  70.40
sde               0.00   404.00    0.00  959.00     0.00 256124.00   534.15     2.99    3.12    0.00    3.12   0.72  69.20
sde               0.00   486.00    0.00  937.00     0.00 282320.00   602.60     2.84    3.03    0.00    3.03   0.80  75.20
sde               0.00   503.00    0.00  839.00     0.00 272360.00   649.25     2.26    2.70    0.00    2.70   0.86  72.40
sde               0.00   461.00    0.00  786.00     0.00 260920.00   663.92     2.18    2.76    0.00    2.76   0.90  70.80
sde               0.00   429.00    0.00  739.00     0.00 246500.00   667.12     2.14    2.91    0.00    2.91   0.94  69.60
sde               0.00   454.00    0.00  753.00     0.00 249576.00   662.88     2.09    2.76    0.00    2.76   0.90  68.00
sde               0.00   458.00    0.00  779.00     0.00 271056.00   695.91     2.07    2.68    0.00    2.68   0.93  72.40
sde               0.00   543.00    0.00  782.00     0.00 264204.00   675.71     2.08    2.65    0.00    2.65   0.95  74.00
sde               0.00   444.00    0.00  746.00     0.00 240492.00   644.75     2.10    2.82    0.00    2.82   0.90  67.20
sde               0.00   470.00    0.00  795.00     0.00 271500.00   683.02     2.20    2.75    0.00    2.75   0.93  73.60
sde               0.00   431.00    0.00  689.00     0.00 257072.00   746.22     1.74    2.52    0.00    2.52   1.03  70.80
sde               0.00   417.00    0.00  669.00     0.00 247228.00   739.10     1.66    2.49    0.00    2.49   1.01  67.60
sde               0.00   444.00    0.00  718.00     0.00 268696.00   748.46     1.82    2.52    0.00    2.52   1.00  72.00
sde               0.00   451.00    0.00  737.00     0.00 277472.00   752.98     1.99    2.71    0.00    2.71   1.03  76.00
sde               0.00   391.00    0.00  639.00     0.00 237492.00   743.32     1.78    2.80    0.00    2.80   1.08  69.20
sde               0.00   420.00    0.00  676.00     0.00 252120.00   745.92     1.67    2.47    0.00    2.47   1.00  67.60
sde               0.00   350.00    0.00  567.00     0.00 213364.00   752.61     1.73    3.05    0.00    3.05   1.28  72.80
sde               0.00   397.00    0.00  641.00     0.00 236616.00   738.27     1.75    2.73    0.00    2.73   1.10  70.80
sde               0.00   419.00    0.00  675.00     0.00 254932.00   755.35     1.79    2.64    0.00    2.64   1.04  70.40
sde               0.00   439.00    0.00  704.00     0.00 260968.00   741.39     1.85    2.64    0.00    2.64   1.02  72.00
sde               0.00   417.00    0.00  673.00     0.00 253140.00   752.27     1.71    2.54    0.00    2.54   0.99  66.40
sde               0.00   436.00    0.00  710.00     0.00 262768.00   740.19     1.81    2.55    0.00    2.55   1.02  72.40
sde               0.00   449.00    0.00  731.00     0.00 271556.00   742.97     1.84    2.51    0.00    2.51   0.98  71.60
sde               0.00   404.00    0.00  658.00     0.00 248312.00   754.75     1.71    2.60    0.00    2.60   1.00  65.60
sde               0.00   408.00    0.00  653.00     0.00 241528.00   739.75     1.84    2.81    0.00    2.81   1.16  75.60
sde               0.00   412.00    0.00  669.00     0.00 251060.00   750.55     1.91    2.86    0.00    2.86   1.09  72.80
sde               0.00   415.00    0.00  668.00     0.00 248272.00   743.33     1.64    2.46    0.00    2.46   1.02  68.40
sde               0.00   445.00    0.00  718.00     0.00 267668.00   745.59     1.73    2.41    0.00    2.41   0.99  71.20
sde               0.00   418.00    0.00  680.00     0.00 256096.00   753.22     1.79    2.61    0.00    2.61   1.04  70.40
sde               0.00   431.00    0.00  702.00     0.00 260932.00   743.40     1.78    2.55    0.00    2.55   1.01  71.20
sde               0.00   410.00    0.00  678.00     0.00 251080.00   740.65     1.84    2.74    0.00    2.74   1.03  69.60
