sde               0.00     1.29    0.00    2.70     0.00   169.30   125.42     0.01    2.74    1.91    2.74   0.41   0.11
sde               0.00     1.00    0.00    4.00     0.00    20.00    10.00     0.00    0.00    0.00    0.00   0.00   0.00
sde               0.00   176.00    0.00  489.00     0.00 138604.00   566.89     3.10    6.20    0.00    6.20   0.88  42.80
sde               0.00   151.00    0.00  454.00     0.00 159020.00   700.53     6.20   13.81    0.00   13.81   1.81  82.40
sde               0.00   108.00    0.00  386.00     0.00 131180.00   679.69     6.26   16.24    0.00   16.24   2.13  82.40
sde               0.00   130.00    0.00  422.00     0.00 146636.00   694.96     6.21   14.72    0.00   14.72   1.99  84.00
sde               0.00   104.00    0.00  323.00     0.00 111096.00   687.90     6.87   19.94    0.00   19.94   2.66  86.00
sde               0.00   132.00    0.00  409.00     0.00 141244.00   690.68     6.38   16.40    0.00   16.40   2.08  85.20
sde               0.00   148.00    0.00  447.00     0.00 154156.00   689.74     6.10   13.57    0.00   13.57   1.83  82.00
sde               0.00   190.00    0.00  459.00     0.00 180108.00   784.78     4.97   11.14    0.00   11.14   1.71  78.40
sde               0.00   109.00    0.00  249.00     0.00 104520.00   839.52     5.57   20.93    0.00   20.93   3.44  85.60
sde               0.00   122.00    0.00  269.00     0.00 115720.00   860.37     5.45   21.43    0.00   21.43   3.20  86.00
sde               0.00   183.00    0.00  413.00     0.00 166684.00   807.19     5.28   12.81    0.00   12.81   1.98  81.60
sde               0.00   139.00    0.00  306.00     0.00 131220.00   857.65     4.67   15.28    0.00   15.28   2.73  83.60
sde               0.00   115.00    0.00  240.00     0.00 106996.00   891.63     4.83   20.25    0.00   20.25   3.63  87.20
sde               0.00   141.00    0.00  282.00     0.00 131216.00   930.61     4.43   15.72    0.00   15.72   2.94  82.80
sde               0.00   166.00    0.00  350.00     0.00 154416.00   882.38     4.49   12.83    0.00   12.83   2.32  81.20
sde               0.00   223.00    0.00  465.00     0.00 208420.00   896.43     4.28    9.21    0.00    9.21   1.64  76.40
sde               0.00   150.00    0.00  313.00     0.00 139968.00   894.36     4.68   14.77    0.00   14.77   2.63  82.40
sde               0.00   129.00    0.00  270.00     0.00 115748.00   857.39     4.92   18.13    0.00   18.13   3.13  84.40
sde               0.00    67.00    0.00  134.00     0.00 63928.00   954.15     4.98   36.27    0.00   36.27   6.84  91.60
sde               0.00    75.00    0.00  153.00     0.00 67292.00   879.63     5.21   35.01    0.00   35.01   5.96  91.20
sde               0.00    64.00    0.00  123.00     0.00 60716.00   987.25     4.49   36.98    0.00   36.98   7.48  92.00
sde               0.00    82.00    0.00  172.00     0.00 78232.00   909.67     5.32   29.65    0.00   29.65   5.19  89.20
sde               0.00    66.00    0.00  154.00     0.00 66980.00   869.87     5.56   36.03    0.00   36.03   5.97  92.00
sde               0.00    69.00    0.00  129.00     0.00 60596.00   939.47     5.02   38.82    0.00   38.82   7.07  91.20
sde               0.00    64.00    0.00  128.00     0.00 56612.00   884.56     5.00   40.91    0.00   40.91   7.31  93.60
sde               0.00    80.00    0.00  172.00     0.00 76644.00   891.21     5.84   33.40    0.00   33.40   5.14  88.40
sde               0.00    99.00    0.00  209.00     0.00 94248.00   901.89     5.16   24.17    0.00   24.17   4.11  86.00
sde               0.00   131.00    0.00  263.00     0.00 122416.00   930.92     4.44   17.63    0.00   17.63   3.29  86.40
sde               0.00    93.00    0.00  200.00     0.00 85908.00   859.08     4.88   23.60    0.00   23.60   4.38  87.60
sde               0.00    72.00    0.00  136.00     0.00 71776.00  1055.53     4.22   30.97    0.00   30.97   6.74  91.60
sde               0.00   113.00    0.00  124.00     0.00 59668.00   962.39     3.94   31.39    0.00   31.39   7.35  91.20
sde               0.00    85.00    0.00  165.00     0.00 86988.00  1054.40     4.01   25.19    0.00   25.19   5.43  89.60
sde               0.00   129.00    0.00  239.00     0.00 126828.00  1061.32     3.76   15.77    0.00   15.77   3.60  86.00
sde               0.00   124.00    0.00  231.00     0.00 118092.00  1022.44     3.66   15.95    0.00   15.95   3.64  84.00
sde               0.00   110.00    0.00  220.00     0.00 119048.00  1082.25     3.72   16.56    0.00   16.56   3.85  84.80
sde               0.00   136.00    0.00  247.00     0.00 130952.00  1060.34     3.66   14.93    0.00   14.93   3.42  84.40
sde               0.00   122.00    0.00  242.00     0.00 126820.00  1048.10     3.54   14.84    0.00   14.84   3.39  82.00
sde               0.00   210.00    0.00  386.00     0.00 202144.00  1047.38     3.28    8.49    0.00    8.49   2.00  77.20
sde               0.00   145.00    0.00  264.00     0.00 138944.00  1052.61     3.42   12.98    0.00   12.98   3.14  82.80
sde               0.00   130.00    0.00  257.00     0.00 136344.00  1061.04     3.52   13.62    0.00   13.62   3.24  83.20
sde               0.00   156.00    0.00  275.00     0.00 143504.00  1043.67     3.35   11.78    0.00   11.78   2.91  80.00
sde               0.00   128.00    0.00  249.00     0.00 128140.00  1029.24     3.50   14.76    0.00   14.76   3.31  82.40
sde               0.00   128.00    0.00  239.00     0.00 126552.00  1059.01     3.64   14.66    0.00   14.66   3.50  83.60
sde               0.00   138.00    0.00  261.00     0.00 135880.00  1041.23     3.46   13.81    0.00   13.81   3.10  80.80
sde               0.00   158.00    0.00  292.00     0.00 156824.00  1074.14     3.41   11.41    0.00   11.41   2.74  80.00
sde               0.00   148.00    0.00  299.00     0.00 157728.00  1055.04     3.46   11.67    0.00   11.67   2.66  79.60
sde               0.00   137.00    0.00  245.00     0.00 128524.00  1049.18     3.65   14.81    0.00   14.81   3.41  83.60
sde               0.00   122.00    0.00  240.00     0.00 123488.00  1029.07     3.66   15.23    0.00   15.23   3.45  82.80
sde               0.00   137.00    0.00  240.00     0.00 126460.00  1053.83     3.63   14.97    0.00   14.97   3.50  84.00
sde               0.00   120.00    0.00  229.00     0.00 117448.00  1025.75     3.62   16.28    0.00   16.28   3.74  85.60
sde               0.00   153.00    0.00  284.00     0.00 149764.00  1054.68     3.45   11.87    0.00   11.87   2.90  82.40
sde               0.00   126.00    0.00  239.00     0.00 124656.00  1043.15     3.49   14.44    0.00   14.44   3.50  83.60
sde               0.00   200.00    0.00  363.00     0.00 188736.00  1039.87     3.22    9.21    0.00    9.21   2.16  78.40
sde               0.00   146.00    0.00  283.00     0.00 152808.00  1079.92     3.47   11.89    0.00   11.89   2.84  80.40
sde               0.00   144.00    0.00  269.00     0.00 140508.00  1044.67     3.58   13.70    0.00   13.70   3.11  83.60
sde               0.00   118.00    0.00  224.00     0.00 115768.00  1033.64     3.71   16.57    0.00   16.57   3.80  85.20
sde               0.00   175.00    0.00  326.00     0.00 170804.00  1047.88     3.58   10.90    0.00   10.90   2.50  81.60
sde               0.00   125.00    0.00  237.00     0.00 126408.00  1066.73     3.59   14.45    0.00   14.45   3.59  85.20
sde               0.00   117.00    0.00  228.00     0.00 119616.00  1049.26     3.67   16.81    0.00   16.81   3.82  87.20
sde               0.00   164.00    0.00  299.00     0.00 159428.00  1066.41     3.55   11.59    0.00   11.59   2.74  82.00
sde               0.00   128.00    0.00  247.00     0.00 129164.00  1045.86     3.63   14.96    0.00   14.96   3.38  83.60
sde               0.00   160.00    0.00  295.00     0.00 156836.00  1063.29     3.27   11.06    0.00   11.06   2.77  81.60
sde               0.00   161.00    0.00  310.00     0.00 160876.00  1037.91     3.63   11.66    0.00   11.66   2.58  80.00
sde               0.00   158.00    0.00  289.00     0.00 151084.00  1045.56     3.41   11.96    0.00   11.96   2.89  83.60
sde               0.00   223.00    0.00  426.00     0.00 229364.00  1076.83     3.29    7.72    0.00    7.72   1.80  76.80
sde               0.00   354.00    0.00  550.00     0.00 279296.00  1015.62     3.32    6.08    0.00    6.08   1.32  72.80
sde               0.00   152.00    0.00  298.00     0.00 158240.00  1062.01     3.67   12.04    0.00   12.04   2.81  83.60
sde               0.00   290.00    0.00  533.00     0.00 281780.00  1057.34     3.15    6.06    0.00    6.06   1.39  74.00
sde               0.00   219.00    0.00  416.00     0.00 217068.00  1043.60     3.36    8.02    0.00    8.02   1.84  76.40
sde               0.00   301.00    0.00  562.00     0.00 300048.00  1067.79     3.20    5.74    0.00    5.74   1.33  74.80
sde               0.00   139.00    0.00  269.00     0.00 144576.00  1074.91     3.49   12.71    0.00   12.71   3.02  81.20
sde               0.00   275.00    0.00  522.00     0.00 272240.00  1043.07     3.34    6.54    0.00    6.54   1.51  78.80
sde               0.00   311.00    0.00  595.00     0.00 315484.00  1060.45     3.54    5.93    0.00    5.93   1.32  78.40
sde               0.00   305.00    0.00  565.00     0.00 295208.00  1044.98     3.28    5.75    0.00    5.75   1.31  74.00
sde               0.00   252.00    0.00  482.00     0.00 253648.00  1052.48     3.22    6.77    0.00    6.77   1.54  74.40
sde               0.00   294.00    0.00  555.00     0.00 293344.00  1057.10     3.32    5.98    0.00    5.98   1.35  74.80
sde               0.00   302.00    0.00  570.00     0.00 300956.00  1055.99     3.34    5.87    0.00    5.87   1.34  76.40
sde               0.00   293.00    0.00  559.00     0.00 296276.00  1060.02     3.31    5.85    0.00    5.85   1.31  73.20
sde               0.00   308.00    0.00  586.00     0.00 306776.00  1047.02     3.36    5.73    0.00    5.73   1.32  77.60
sde               0.00   284.00    0.00  553.00     0.00 292288.00  1057.10     3.22    5.90    0.00    5.90   1.36  75.20
sde               0.00   254.00    0.00  794.00     0.00 274756.00   692.08     5.60    6.96    0.00    6.96   0.89  70.40
sde               0.00   232.00    0.00  710.00     0.00 242336.00   682.64     5.60    7.99    0.00    7.99   1.03  72.80
sde               0.00   259.00    0.00  801.00     0.00 278376.00   695.07     5.60    6.92    0.00    6.92   0.88  70.40
sde               0.00   295.00    0.00  699.00     0.00 277368.00   793.61     4.61    6.67    0.00    6.67   1.00  70.00
sde               0.00   306.00    0.00  690.00     0.00 283012.00   820.32     4.59    6.59    0.00    6.59   1.04  71.60
sde               0.00   320.00    0.00  689.00     0.00 296848.00   861.68     4.38    6.38    0.00    6.38   1.07  73.60
sde               0.00   305.00    0.00  671.00     0.00 292212.00   870.97     4.14    6.22    0.00    6.22   1.08  72.40
sde               0.00   294.00    0.00  642.00     0.00 277880.00   865.67     4.32    6.64    0.00    6.64   1.07  68.40
sde               0.00   294.00    0.00  669.00     0.00 285592.00   853.79     4.30    6.52    0.00    6.52   1.05  70.00
sde               0.00   275.00    0.00  622.00     0.00 262408.00   843.76     4.27    6.87    0.00    6.87   1.18  73.20
sde               0.00   284.00    0.00  626.00     0.00 270140.00   863.07     4.10    6.54    0.00    6.54   1.11  69.60
sde               0.00   261.00    0.00  506.00     0.00 257772.00  1018.86     3.06    5.97    0.00    5.97   1.34  67.60
sde               0.00   284.00    0.00  539.00     0.00 286624.00  1063.54     3.11    5.79    0.00    5.79   1.31  70.80
sde               0.00   281.00    0.00  528.00     0.00 274696.00  1040.52     3.10    5.88    0.00    5.88   1.28  67.60
sde               0.00   297.00    0.00  559.00     0.00 295408.00  1056.92     3.23    5.75    0.00    5.75   1.32  73.60
sde               0.00   372.00    0.00  535.00     0.00 275236.00  1028.92     3.26    6.18    0.00    6.18   1.41  75.60
sde               0.00   296.00    0.00  550.00     0.00 293228.00  1066.28     3.23    5.87    0.00    5.87   1.35  74.00
sde               0.00   207.00    0.00  394.00     0.00 208400.00  1057.87     3.16    8.03    0.00    8.03   2.00  78.80
sde               0.00   273.00    0.00  524.00     0.00 277864.00  1060.55     3.12    5.96    0.00    5.96   1.37  72.00
sde               0.00   281.00    0.00  535.00     0.00 285592.00  1067.63     3.07    5.73    0.00    5.73   1.35  72.40
sde               0.00   277.00    0.00  535.00     0.00 281860.00  1053.68     3.22    5.94    0.00    5.94   1.32  70.40
sde               0.00   280.00    0.00  520.00     0.00 273788.00  1053.03     2.94    5.75    0.00    5.75   1.38  71.60
sde               0.00   280.00    0.00  540.00     0.00 286616.00  1061.54     3.14    5.76    0.00    5.76   1.35  72.80
sde               0.00   267.00    0.00  513.00     0.00 274748.00  1071.14     2.88    5.64    0.00    5.64   1.30  66.80
sde               0.00   246.00    0.00  459.00     0.00 241312.00  1051.47     3.12    6.85    0.00    6.85   1.55  71.20
sde               0.00   248.00    0.00  470.00     0.00 246956.00  1050.88     3.10    6.60    0.00    6.60   1.45  68.00
sde               0.00   263.00    0.00  497.00     0.00 263440.00  1060.12     2.97    5.92    0.00    5.92   1.38  68.40
sde               0.00   272.00    0.00  518.00     0.00 276832.00  1068.85     3.17    6.18    0.00    6.18   1.35  70.00
sde               0.00   273.00    0.00  525.00     0.00 277864.00  1058.53     2.97    5.66    0.00    5.66   1.33  69.60
sde               0.00   267.00    0.00  515.00     0.00 274236.00  1064.99     3.16    5.97    0.00    5.97   1.37  70.40
sde               0.00   263.00    0.00  518.00     0.00 273724.00  1056.85     3.08    6.11    0.00    6.11   1.40  72.40
