sde               0.00     0.48    0.00    0.90     0.00    91.43   203.72     0.01    7.31    1.91    7.31   0.46   0.04
sde               0.00     7.00    0.00    3.00     0.00    40.00    26.67     0.00    0.00    0.00    0.00   0.00   0.00
sde               0.00   939.00    0.00 1591.00     0.00 36988.00    46.50     0.53    0.33    0.00    0.33   0.33  52.80
sde               0.00  1583.00    0.00 2761.00     0.00 64532.00    46.75     0.86    0.31    0.00    0.31   0.31  86.00
sde               0.00  1525.00    0.00 2652.00     0.00 62192.00    46.90     0.84    0.32    0.00    0.32   0.32  84.00
sde               0.00  1566.00    0.00 2723.00     0.00 63712.00    46.80     0.82    0.30    0.00    0.30   0.30  82.00
sde               0.00  1564.00    0.00 2720.00     0.00 63696.00    46.84     0.83    0.30    0.00    0.30   0.30  82.80
sde               0.00  1507.00    0.00 2598.00     0.00 60444.00    46.53     0.83    0.32    0.00    0.32   0.32  82.80
sde               0.00  1564.00    0.00 2710.00     0.00 63544.00    46.90     0.78    0.29    0.00    0.29   0.29  78.40
sde               0.00  1508.00    0.00 2628.00     0.00 61544.00    46.84     0.86    0.33    0.00    0.33   0.33  85.60
sde               0.00  1711.00    0.00 2723.00     0.00 63948.00    46.97     0.80    0.30    0.00    0.30   0.29  80.00
sde               0.00  1598.00    0.00 2709.00     0.00 63656.00    47.00     0.80    0.29    0.00    0.29   0.29  79.60
sde               0.00  1589.00    0.00 2628.00     0.00 61632.00    46.90     0.82    0.31    0.00    0.31   0.31  82.40
sde               0.00  1909.00    0.00 2720.00     0.00 64700.00    47.57     0.87    0.32    0.00    0.32   0.32  86.40
sde               0.00  1926.00    0.00 2680.00     0.00 64388.00    48.05     0.83    0.31    0.00    0.31   0.31  83.20
sde               0.00  1938.00    0.00 2714.00     0.00 64788.00    47.74     0.82    0.30    0.00    0.30   0.30  82.40
sde               0.00  1869.00    0.00 2609.00     0.00 62548.00    47.95     0.85    0.33    0.00    0.33   0.33  85.20
sde               0.00  1966.00    0.00 2730.00     0.00 65464.00    47.96     0.84    0.31    0.00    0.31   0.31  83.60
sde               0.00  1946.00    0.00 2711.00     0.00 64572.00    47.64     0.78    0.29    0.00    0.29   0.29  78.40
sde               0.00  1940.00    0.00 2711.00     0.00 64924.00    47.90     0.80    0.30    0.00    0.30   0.30  80.40
sde               0.00  1879.00    0.00 2622.00     0.00 62756.00    47.87     0.84    0.32    0.00    0.32   0.32  83.60
sde               0.00  1930.00    0.00 2687.00     0.00 64548.00    48.04     0.81    0.30    0.00    0.30   0.30  80.80
sde               0.00  1943.00    0.00 2703.00     0.00 64540.00    47.75     0.83    0.31    0.00    0.31   0.31  83.20
sde               0.00  1947.00    0.00 2709.00     0.00 64820.00    47.86     0.82    0.30    0.00    0.30   0.30  82.40
sde               0.00  1887.00    0.00 2626.00     0.00 62804.00    47.83     0.84    0.32    0.00    0.32   0.32  84.40
sde               0.00  1947.00    0.00 2710.00     0.00 65068.00    48.02     0.80    0.30    0.00    0.30   0.30  80.00
sde               0.00  1931.00    0.00 2693.00     0.00 64580.00    47.96     0.82    0.31    0.00    0.31   0.31  82.40
sde               0.00  1952.00    0.00 2712.00     0.00 65100.00    48.01     0.83    0.30    0.00    0.30   0.31  82.80
sde               0.00  1877.00    0.00 2612.00     0.00 62468.00    47.83     0.81    0.31    0.00    0.31   0.31  80.80
sde               0.00  1947.00    0.00 2713.00     0.00 64956.00    47.88     0.82    0.30    0.00    0.30   0.30  82.00
sde               0.00  1877.00    0.00 2622.00     0.00 62748.00    47.86     0.85    0.32    0.00    0.32   0.32  84.80
sde               0.00  1940.00    0.00 2711.00     0.00 64788.00    47.80     0.83    0.31    0.00    0.31   0.31  82.80
sde               0.00  1887.00    0.00 2617.00     0.00 62900.00    48.07     0.82    0.31    0.00    0.31   0.31  82.00
sde               0.00  1944.00    0.00 2712.00     0.00 64816.00    47.80     0.88    0.32    0.00    0.32   0.32  87.60
sde               0.00  1942.00    0.00 2698.00     0.00 64632.00    47.91     0.78    0.29    0.00    0.29   0.29  78.00
sde               0.00  1940.00    0.00 2714.00     0.00 64800.00    47.75     0.82    0.30    0.00    0.30   0.30  82.00
sde               0.00  1890.00    0.00 2631.00     0.00 62960.00    47.86     0.79    0.30    0.00    0.30   0.30  79.20
sde               0.00  1933.00    0.00 2694.00     0.00 64584.00    47.95     0.77    0.29    0.00    0.29   0.29  77.20
sde               0.00  1933.00    0.00 2697.00     0.00 64596.00    47.90     0.86    0.32    0.00    0.32   0.32  86.40
sde               0.00  1951.00    0.00 2711.00     0.00 64968.00    47.93     0.84    0.31    0.00    0.31   0.31  83.60
sde               0.00  1886.00    0.00 2618.00     0.00 62772.00    47.95     0.84    0.32    0.00    0.32   0.32  83.60
sde               0.00  1927.00    0.00 2700.00     0.00 64452.00    47.74     0.83    0.31    0.00    0.31   0.31  82.80
sde               0.00  1873.00    0.00 2611.00     0.00 62576.00    47.93     0.81    0.31    0.00    0.31   0.31  81.20
sde               0.00  1941.00    0.00 2714.00     0.00 64808.00    47.76     0.83    0.31    0.00    0.31   0.31  82.80
sde               0.00  1927.00    0.00 2688.00     0.00 64292.00    47.84     0.82    0.31    0.00    0.31   0.31  82.40
sde               0.00  1889.00    0.00 2619.00     0.00 62788.00    47.95     0.84    0.32    0.00    0.32   0.32  83.60
sde               0.00  1955.00    0.00 2728.00     0.00 65284.00    47.86     0.85    0.31    0.00    0.31   0.31  84.40
sde               0.00  1944.00    0.00 2709.00     0.00 64928.00    47.94     0.84    0.31    0.00    0.31   0.31  84.00
sde               0.00  1950.00    0.00 2713.00     0.00 64968.00    47.89     0.86    0.32    0.00    0.32   0.32  86.00
sde               0.00  1888.00    0.00 2636.00     0.00 63088.00    47.87     0.81    0.31    0.00    0.31   0.31  81.20
sde               0.00  1945.00    0.00 2709.00     0.00 64812.00    47.85     0.82    0.30    0.00    0.30   0.30  81.60
sde               0.00  1938.00    0.00 2691.00     0.00 64352.00    47.83     0.84    0.31    0.00    0.31   0.31  83.60
sde               0.00  1938.00    0.00 2709.00     0.00 64908.00    47.92     0.86    0.32    0.00    0.32   0.32  85.60
sde               0.00  1887.00    0.00 2631.00     0.00 62948.00    47.85     0.77    0.29    0.00    0.29   0.29  77.20
sde               0.00  1931.00    0.00 2690.00     0.00 64692.00    48.10     0.82    0.31    0.00    0.31   0.31  82.40
sde               0.00  1944.00    0.00 2695.00     0.00 64388.00    47.78     0.80    0.30    0.00    0.30   0.30  80.00
sde               0.00  1881.00    0.00 2622.00     0.00 62768.00    47.88     0.81    0.31    0.00    0.31   0.31  81.20
sde               0.00  1944.00    0.00 2705.00     0.00 64792.00    47.91     0.82    0.30    0.00    0.30   0.30  82.00
sde               0.00  1888.00    0.00 2630.00     0.00 63176.00    48.04     0.80    0.31    0.00    0.31   0.30  80.00
sde               0.00  1941.00    0.00 2709.00     0.00 64812.00    47.85     0.84    0.31    0.00    0.31   0.31  83.20
sde               0.00  1936.00    0.00 2684.00     0.00 64444.00    48.02     0.82    0.31    0.00    0.31   0.31  82.40
sde               0.00  1939.00    0.00 2706.00     0.00 64776.00    47.88     0.82    0.30    0.00    0.30   0.30  82.00
sde               0.00  1874.00    0.00 2611.00     0.00 62320.00    47.74     0.80    0.30    0.00    0.30   0.30  79.60
sde               0.00  1943.00    0.00 2712.00     0.00 64936.00    47.89     0.83    0.31    0.00    0.31   0.31  82.80
sde               0.00  1941.00    0.00 2705.00     0.00 64652.00    47.80     0.82    0.30    0.00    0.30   0.30  82.00
sde               0.00  1946.00    0.00 2713.00     0.00 65072.00    47.97     0.80    0.29    0.00    0.29   0.29  80.00
sde               0.00  1875.00    0.00 2612.00     0.00 62336.00    47.73     0.81    0.31    0.00    0.31   0.31  81.20
sde               0.00  1941.00    0.00 2708.00     0.00 64788.00    47.85     0.82    0.30    0.00    0.30   0.30  81.60
sde               0.00  1931.00    0.00 2689.00     0.00 64432.00    47.92     0.82    0.30    0.00    0.30   0.30  82.00
sde               0.00  1946.00    0.00 2713.00     0.00 65072.00    47.97     0.83    0.31    0.00    0.31   0.31  82.80
sde               0.00  1882.00    0.00 2627.00     0.00 62912.00    47.90     0.84    0.32    0.00    0.32   0.32  84.40
sde               0.00  1960.00    0.00 2718.00     0.00 65020.00    47.84     0.82    0.30    0.00    0.30   0.30  81.60
sde               0.00  1936.00    0.00 2703.00     0.00 64752.00    47.91     0.82    0.30    0.00    0.30   0.30  82.00
sde               0.00  1947.00    0.00 2713.00     0.00 64704.00    47.70     0.80    0.29    0.00    0.29   0.29  80.00
sde               0.00  1885.00    0.00 2628.00     0.00 63048.00    47.98     0.82    0.31    0.00    0.31   0.31  81.60
sde               0.00  1937.00    0.00 2702.00     0.00 64628.00    47.84     0.78    0.29    0.00    0.29   0.29  78.40
sde               0.00  1908.00    0.00 2663.00     0.00 63760.00    47.89     0.83    0.31    0.00    0.31   0.31  82.40
sde               0.00  1926.00    0.00 2679.00     0.00 64264.00    47.98     0.82    0.31    0.00    0.31   0.30  81.60
sde               0.00  1880.00    0.00 2627.00     0.00 62900.00    47.89     0.82    0.31    0.00    0.31   0.31  82.00
sde               0.00  1961.00    0.00 2717.00     0.00 65024.00    47.86     0.79    0.29    0.00    0.29   0.29  79.20
sde               0.00  1887.00    0.00 2638.00     0.00 63092.00    47.83     0.80    0.30    0.00    0.30   0.30  80.00
sde               0.00  1946.00    0.00 2712.00     0.00 64828.00    47.81     0.81    0.30    0.00    0.30   0.30  81.20
sde               0.00  1951.00    0.00 2718.00     0.00 65092.00    47.90     0.82    0.30    0.00    0.30   0.30  82.00
sde               0.00  1882.00    0.00 2618.00     0.00 62656.00    47.87     0.83    0.32    0.00    0.32   0.32  83.20
sde               0.00  1956.00    0.00 2713.00     0.00 64992.00    47.91     0.85    0.31    0.00    0.31   0.31  84.80
sde               0.00  1866.00    0.00 2604.00     0.00 62396.00    47.92     0.85    0.33    0.00    0.33   0.32  84.40
sde               0.00  1947.00    0.00 2714.00     0.00 65084.00    47.96     0.82    0.30    0.00    0.30   0.30  81.60
sde               0.00  1948.00    0.00 2713.00     0.00 65088.00    47.98     0.84    0.31    0.00    0.31   0.31  84.40
sde               0.00  1893.00    0.00 2634.00     0.00 63100.00    47.91     0.82    0.31    0.00    0.31   0.31  82.00
sde               0.00  1950.00    0.00 2709.00     0.00 64828.00    47.86     0.84    0.31    0.00    0.31   0.31  84.00
sde               0.00  1947.00    0.00 2707.00     0.00 64688.00    47.79     0.82    0.30    0.00    0.30   0.30  82.00
sde               0.00  1869.00    0.00 2618.00     0.00 62700.00    47.90     0.83    0.32    0.00    0.32   0.32  82.80
sde               0.00  1947.00    0.00 2708.00     0.00 64944.00    47.96     0.85    0.31    0.00    0.31   0.31  84.80
sde               0.00  1931.00    0.00 2690.00     0.00 64440.00    47.91     0.84    0.31    0.00    0.31   0.31  84.40
sde               0.00  1945.00    0.00 2705.00     0.00 64800.00    47.91     0.83    0.31    0.00    0.31   0.31  83.20
sde               0.00  1947.00    0.00 2711.00     0.00 64820.00    47.82     0.83    0.31    0.00    0.31   0.31  82.80
sde               0.00  1862.00    0.00 2601.00     0.00 62244.00    47.86     0.84    0.32    0.00    0.32   0.32  84.00
sde               0.00  1936.00    0.00 2700.00     0.00 64492.00    47.77     0.80    0.30    0.00    0.30   0.30  80.00
sde               0.00  1935.00    0.00 2697.00     0.00 64728.00    48.00     0.86    0.32    0.00    0.32   0.32  86.00
sde               0.00  1957.00    0.00 2720.00     0.00 65268.00    47.99     0.82    0.30    0.00    0.30   0.30  82.40
sde               0.00  1885.00    0.00 2632.00     0.00 62816.00    47.73     0.82    0.31    0.00    0.31   0.31  81.20
sde               0.00  1937.00    0.00 2693.00     0.00 64476.00    47.88     0.80    0.30    0.00    0.30   0.30  80.40
sde               0.00  1881.00    0.00 2628.00     0.00 62780.00    47.78     0.81    0.31    0.00    0.31   0.31  81.20
sde               0.00  1951.00    0.00 2710.00     0.00 65068.00    48.02     0.81    0.30    0.00    0.30   0.30  80.80
sde               0.00  1923.00    0.00 2696.00     0.00 64444.00    47.81     0.80    0.30    0.00    0.30   0.29  79.20
sde               0.00  1876.00    0.00 2613.00     0.00 62592.00    47.91     0.84    0.32    0.00    0.32   0.32  84.40
sde               0.00  1948.00    0.00 2707.00     0.00 64940.00    47.98     0.83    0.31    0.00    0.31   0.30  82.40
sde               0.00  1928.00    0.00 2700.00     0.00 64460.00    47.75     0.85    0.32    0.00    0.32   0.31  84.80
sde               0.00  1888.00    0.00 2619.00     0.00 62664.00    47.85     0.85    0.33    0.00    0.33   0.33  85.20
sde               0.00  1944.00    0.00 2718.00     0.00 65080.00    47.89     0.80    0.30    0.00    0.30   0.30  80.40
sde               0.00  1940.00    0.00 2698.00     0.00 64640.00    47.92     0.82    0.30    0.00    0.30   0.30  81.60
sde               0.00  1879.00    0.00 2615.00     0.00 62732.00    47.98     0.82    0.32    0.00    0.32   0.32  82.40
sde               0.00  1926.00    0.00 2684.00     0.00 64152.00    47.80     0.82    0.31    0.00    0.31   0.31  82.40
sde               0.00  1943.00    0.00 2712.00     0.00 64820.00    47.80     0.84    0.31    0.00    0.31   0.31  83.60
sde               0.00  1879.00    0.00 2615.00     0.00 62484.00    47.79     0.86    0.33    0.00    0.33   0.33  86.00
sde               0.00  1938.00    0.00 2700.00     0.00 64884.00    48.06     0.79    0.29    0.00    0.29   0.29  78.80
sde               0.00  1959.00    0.00 2722.00     0.00 65408.00    48.06     0.87    0.32    0.00    0.32   0.32  86.80
sde               0.00  1875.00    0.00 2609.00     0.00 62452.00    47.87     0.85    0.33    0.00    0.33   0.33  85.20
sde               0.00  1943.00    0.00 2702.00     0.00 64780.00    47.95     0.82    0.30    0.00    0.30   0.30  82.00
sde               0.00  1947.00    0.00 2714.00     0.00 64960.00    47.87     0.82    0.30    0.00    0.30   0.30  82.00
sde               0.00  1881.00    0.00 2619.00     0.00 62752.00    47.92     0.82    0.31    0.00    0.31   0.31  81.60
sde               0.00  1942.00    0.00 2714.00     0.00 64812.00    47.76     0.84    0.31    0.00    0.31   0.31  83.20
sde               0.00  1873.00    0.00 2607.00     0.00 62436.00    47.90     0.86    0.33    0.00    0.33   0.33  86.00
sde               0.00  1949.00    0.00 2717.00     0.00 65096.00    47.92     0.80    0.29    0.00    0.29   0.29  80.00
sde               0.00  1889.00    0.00 2628.00     0.00 62948.00    47.91     0.83    0.32    0.00    0.32   0.32  82.80
sde               0.00  1939.00    0.00 2702.00     0.00 64628.00    47.84     0.81    0.30    0.00    0.30   0.30  81.20
sde               0.00  1944.00    0.00 2708.00     0.00 64928.00    47.95     0.84    0.31    0.00    0.31   0.31  83.60
sde               0.00  1891.00    0.00 2639.00     0.00 63112.00    47.83     0.82    0.32    0.00    0.32   0.31  82.40
sde               0.00  1949.00    0.00 2714.00     0.00 64964.00    47.87     0.82    0.30    0.00    0.30   0.30  81.20
sde               0.00  1940.00    0.00 2710.00     0.00 64792.00    47.82     0.81    0.30    0.00    0.30   0.30  80.40
sde               0.00  1948.00    0.00 2716.00     0.00 64972.00    47.84     0.82    0.30    0.00    0.30   0.30  81.60
sde               0.00  1889.00    0.00 2630.00     0.00 63056.00    47.95     0.82    0.31    0.00    0.31   0.31  82.00
sde               0.00  1948.00    0.00 2716.00     0.00 65108.00    47.94     0.82    0.30    0.00    0.30   0.30  81.60
sde               0.00  1893.00    0.00 2633.00     0.00 62980.00    47.84     0.82    0.31    0.00    0.31   0.31  81.60
sde               0.00  1942.00    0.00 2707.00     0.00 64644.00    47.76     0.79    0.29    0.00    0.29   0.29  79.20
sde               0.00  1950.00    0.00 2716.00     0.00 65116.00    47.95     0.83    0.31    0.00    0.31   0.31  83.20
sde               0.00  1871.00    0.00 2609.00     0.00 62420.00    47.85     0.77    0.30    0.00    0.30   0.30  77.20
sde               0.00  1931.00    0.00 2696.00     0.00 64600.00    47.92     0.80    0.30    0.00    0.30   0.30  80.00
sde               0.00  1959.00    0.00 2728.00     0.00 65300.00    47.87     0.83    0.30    0.00    0.30   0.30  83.20
sde               0.00  1874.00    0.00 2620.00     0.00 62608.00    47.79     0.85    0.33    0.00    0.33   0.32  84.80
sde               0.00  1938.00    0.00 2699.00     0.00 64744.00    47.98     0.79    0.29    0.00    0.29   0.29  79.20
sde               0.00  1949.00    0.00 2714.00     0.00 64964.00    47.87     0.83    0.31    0.00    0.31   0.31  82.80
sde               0.00  1956.00    0.00 2722.00     0.00 65148.00    47.87     0.84    0.31    0.00    0.31   0.31  83.20
sde               0.00  1899.00    0.00 2643.00     0.00 63164.00    47.80     0.82    0.31    0.00    0.31   0.31  81.20
sde               0.00  1946.00    0.00 2709.00     0.00 64924.00    47.93     0.82    0.30    0.00    0.30   0.30  82.40
sde               0.00  1941.00    0.00 2701.00     0.00 64664.00    47.88     0.84    0.31    0.00    0.31   0.31  83.20
sde               0.00  1928.00    0.00 2693.00     0.00 64436.00    47.85     0.84    0.31    0.00    0.31   0.31  84.00
sde               0.00  1895.00    0.00 2634.00     0.00 63112.00    47.92     0.84    0.32    0.00    0.32   0.32  84.00
sde               0.00  1935.00    0.00 2694.00     0.00 64720.00    48.05     0.84    0.31    0.00    0.31   0.31  84.00
sde               0.00  1932.00    0.00 2694.00     0.00 64460.00    47.85     0.84    0.31    0.00    0.31   0.31  83.60
sde               0.00  1887.00    0.00 2623.00     0.00 62920.00    47.98     0.81    0.31    0.00    0.31   0.31  80.80
sde               0.00  1960.00    0.00 2729.00     0.00 65304.00    47.86     0.85    0.31    0.00    0.31   0.31  84.80
sde               0.00  1938.00    0.00 2704.00     0.00 64636.00    47.81     0.83    0.31    0.00    0.31   0.30  82.40
sde               0.00  1940.00    0.00 2705.00     0.00 64528.00    47.71     0.83    0.31    0.00    0.31   0.30  82.40
sde               0.00  1882.00    0.00 2619.00     0.00 62880.00    48.02     0.81    0.31    0.00    0.31   0.31  80.40
sde               0.00  1936.00    0.00 2698.00     0.00 64612.00    47.90     0.81    0.30    0.00    0.30   0.30  81.20
sde               0.00  1886.00    0.00 2622.00     0.00 62788.00    47.89     0.82    0.31    0.00    0.31   0.31  82.40
sde               0.00  1942.00    0.00 2713.00     0.00 64932.00    47.87     0.83    0.31    0.00    0.31   0.31  83.20
sde               0.00  1931.00    0.00 2698.00     0.00 64464.00    47.79     0.80    0.30    0.00    0.30   0.30  80.00
sde               0.00  1924.00    0.00 2674.00     0.00 64216.00    48.03     0.83    0.31    0.00    0.31   0.31  83.20
sde               0.00  1894.00    0.00 2642.00     0.00 63028.00    47.71     0.84    0.32    0.00    0.32   0.32  84.00
sde               0.00  1939.00    0.00 2691.00     0.00 64348.00    47.82     0.82    0.30    0.00    0.30   0.30  81.60
sde               0.00  1940.00    0.00 2705.00     0.00 64904.00    47.99     0.82    0.30    0.00    0.30   0.30  81.20
sde               0.00  1937.00    0.00 2707.00     0.00 64892.00    47.94     0.82    0.30    0.00    0.30   0.30  81.60
sde               0.00  1872.00    0.00 2614.00     0.00 62452.00    47.78     0.81    0.31    0.00    0.31   0.31  81.20
sde               0.00  1954.00    0.00 2719.00     0.00 65128.00    47.91     0.81    0.30    0.00    0.30   0.30  80.80
sde               0.00  1954.00    0.00 2710.00     0.00 64844.00    47.86     0.82    0.30    0.00    0.30   0.30  81.60
sde               0.00  1885.00    0.00 2637.00     0.00 63084.00    47.85     0.84    0.32    0.00    0.32   0.32  84.40
sde               0.00  1943.00    0.00 2714.00     0.00 64936.00    47.85     0.84    0.31    0.00    0.31   0.31  84.00
sde               0.00  1889.00    0.00 2627.00     0.00 63064.00    48.01     0.84    0.32    0.00    0.32   0.32  83.60
sde               0.00  1953.00    0.00 2723.00     0.00 65264.00    47.94     0.82    0.30    0.00    0.30   0.30  82.40
sde               0.00  1942.00    0.00 2698.00     0.00 64380.00    47.72     0.81    0.30    0.00    0.30   0.30  81.20
sde               0.00  1884.00    0.00 2629.00     0.00 62808.00    47.78     0.80    0.31    0.00    0.31   0.31  80.40
sde               0.00  1957.00    0.00 2731.00     0.00 65312.00    47.83     0.82    0.30    0.00    0.30   0.30  81.60
sde               0.00  1938.00    0.00 2706.00     0.00 64892.00    47.96     0.80    0.30    0.00    0.30   0.30  80.00
sde               0.00  1881.00    0.00 2613.00     0.00 62616.00    47.93     0.79    0.30    0.00    0.30   0.30  78.80
sde               0.00  1958.00    0.00 2713.00     0.00 65128.00    48.01     0.85    0.31    0.00    0.31   0.31  84.80
sde               0.00  1941.00    0.00 2710.00     0.00 64672.00    47.73     0.81    0.30    0.00    0.30   0.30  80.40
sde               0.00  1883.00    0.00 2628.00     0.00 63044.00    47.98     0.82    0.31    0.00    0.31   0.31  82.40
sde               0.00  1947.00    0.00 2707.00     0.00 65060.00    48.07     0.86    0.32    0.00    0.32   0.32  86.00
sde               0.00  1941.00    0.00 2705.00     0.00 64652.00    47.80     0.80    0.30    0.00    0.30   0.30  80.40
sde               0.00  1892.00    0.00 2629.00     0.00 62960.00    47.90     0.83    0.31    0.00    0.31   0.32  83.20
sde               0.00  1948.00    0.00 2713.00     0.00 64832.00    47.79     0.82    0.30    0.00    0.30   0.30  82.00
sde               0.00  1886.00    0.00 2632.00     0.00 63072.00    47.93     0.82    0.31    0.00    0.31   0.31  82.00
sde               0.00  1937.00    0.00 2707.00     0.00 64760.00    47.85     0.82    0.30    0.00    0.30   0.30  82.00
sde               0.00  1941.00    0.00 2702.00     0.00 64896.00    48.04     0.83    0.31    0.00    0.31   0.30  82.40
sde               0.00  1872.00    0.00 2608.00     0.00 62308.00    47.78     0.82    0.32    0.00    0.32   0.31  81.60
sde               0.00  1949.00    0.00 2713.00     0.00 64836.00    47.80     0.82    0.30    0.00    0.30   0.30  82.40
sde               0.00  1934.00    0.00 2697.00     0.00 64600.00    47.91     0.82    0.30    0.00    0.30   0.30  81.60
sde               0.00  1943.00    0.00 2715.00     0.00 64936.00    47.83     0.80    0.29    0.00    0.29   0.29  79.60
sde               0.00  1895.00    0.00 2633.00     0.00 63112.00    47.94     0.86    0.33    0.00    0.33   0.33  85.60
sde               0.00  1954.00    0.00 2722.00     0.00 65140.00    47.86     0.84    0.31    0.00    0.31   0.31  83.60
sde               0.00  1946.00    0.00 2706.00     0.00 64800.00    47.89     0.80    0.30    0.00    0.30   0.29  79.60
sde               0.00  1884.00    0.00 2631.00     0.00 62932.00    47.84     0.82    0.31    0.00    0.31   0.31  81.60
sde               0.00  1948.00    0.00 2718.00     0.00 65096.00    47.90     0.84    0.31    0.00    0.31   0.31  83.60
sde               0.00  1889.00    0.00 2625.00     0.00 62688.00    47.76     0.83    0.32    0.00    0.32   0.32  83.20
sde               0.00  1936.00    0.00 2705.00     0.00 64884.00    47.97     0.85    0.31    0.00    0.31   0.31  84.80
sde               0.00  1891.00    0.00 2636.00     0.00 63224.00    47.97     0.86    0.33    0.00    0.33   0.33  86.00
sde               0.00  1938.00    0.00 2703.00     0.00 64636.00    47.83     0.82    0.30    0.00    0.30   0.30  81.60
sde               0.00  1952.00    0.00 2720.00     0.00 64996.00    47.79     0.84    0.31    0.00    0.31   0.31  84.40
sde               0.00  1859.41    0.00 2589.11     0.00 61988.12    47.88     0.82    0.32    0.00    0.32   0.32  81.98
sde               0.00  1950.00    0.00 2710.00     0.00 64960.00    47.94     0.86    0.32    0.00    0.32   0.32  86.00
sde               0.00  1938.00    0.00 2711.00     0.00 64908.00    47.88     0.87    0.32    0.00    0.32   0.32  87.20
sde               0.00  1895.00    0.00 2634.00     0.00 62752.00    47.65     0.80    0.30    0.00    0.30   0.30  79.60
sde               0.00  1940.00    0.00 2705.00     0.00 64900.00    47.99     0.83    0.31    0.00    0.31   0.31  82.80
sde               0.00  1951.00    0.00 2711.00     0.00 64968.00    47.93     0.80    0.30    0.00    0.30   0.30  80.00
sde               0.00  1884.00    0.00 2625.00     0.00 62916.00    47.94     0.83    0.32    0.00    0.32   0.32  82.80
sde               0.00  1953.00    0.00 2723.00     0.00 65260.00    47.93     0.84    0.31    0.00    0.31   0.31  84.40
sde               0.00  1937.00    0.00 2698.00     0.00 64744.00    47.99     0.82    0.30    0.00    0.30   0.30  81.60
sde               0.00  1928.00    0.00 2667.00     0.00 63852.00    47.88     0.84    0.31    0.00    0.31   0.31  84.00
sde               0.00  1909.00    0.00 2677.00     0.00 63804.00    47.67     0.84    0.31    0.00    0.31   0.31  83.60
sde               0.00  1930.00    0.00 2693.00     0.00 64696.00    48.05     0.84    0.31    0.00    0.31   0.31  84.00
sde               0.00  1877.00    0.00 2618.00     0.00 62616.00    47.83     0.81    0.31    0.00    0.31   0.31  80.80
sde               0.00  1943.00    0.00 2703.00     0.00 64648.00    47.83     0.84    0.31    0.00    0.31   0.31  83.60
sde               0.00  1939.00    0.00 2706.00     0.00 64776.00    47.88     0.80    0.29    0.00    0.29   0.29  79.20
sde               0.00  1884.00    0.00 2624.00     0.00 62664.00    47.76     0.84    0.32    0.00    0.32   0.32  84.00
sde               0.00  1947.00    0.00 2722.00     0.00 65232.00    47.93     0.84    0.31    0.00    0.31   0.31  83.60
sde               0.00  1951.00    0.00 2706.00     0.00 64944.00    48.00     0.85    0.31    0.00    0.31   0.31  84.80
sde               0.00  1884.00    0.00 2623.00     0.00 62660.00    47.78     0.84    0.32    0.00    0.32   0.32  84.00
sde               0.00  1950.00    0.00 2714.00     0.00 65076.00    47.96     0.81    0.30    0.00    0.30   0.30  80.80
sde               0.00  1925.00    0.00 2689.00     0.00 64180.00    47.74     0.78    0.29    0.00    0.29   0.29  77.60
sde               0.00  1956.00    0.00 2725.00     0.00 65284.00    47.91     0.79    0.29    0.00    0.29   0.29  79.20
sde               0.00  1892.00    0.00 2635.00     0.00 63224.00    47.99     0.87    0.33    0.00    0.33   0.33  87.20
sde               0.00  1921.00    0.00 2685.00     0.00 64136.00    47.77     0.83    0.31    0.00    0.31   0.31  82.80
sde               0.00  1888.00    0.00 2635.00     0.00 62964.00    47.79     0.84    0.32    0.00    0.32   0.32  84.00
sde               0.00  1928.00    0.00 2692.00     0.00 64432.00    47.87     0.82    0.31    0.00    0.31   0.31  82.40
sde               0.00  1961.00    0.00 2723.00     0.00 65292.00    47.96     0.79    0.29    0.00    0.29   0.29  79.20
sde               0.00  1893.00    0.00 2639.00     0.00 63248.00    47.93     0.86    0.33    0.00    0.33   0.33  86.00
sde               0.00  1941.00    0.00 2709.00     0.00 64664.00    47.74     0.80    0.29    0.00    0.29   0.29  79.60
sde               0.00  1947.00    0.00 2711.00     0.00 64952.00    47.92     0.84    0.31    0.00    0.31   0.31  83.60
sde               0.00  1953.00    0.00 2726.00     0.00 65272.00    47.89     0.79    0.29    0.00    0.29   0.29  78.80
sde               0.00  1889.00    0.00 2629.00     0.00 62816.00    47.79     0.83    0.32    0.00    0.32   0.32  83.20
sde               0.00  1936.00    0.00 2685.00     0.00 64572.00    48.10     0.82    0.31    0.00    0.31   0.31  82.40
sde               0.00  1848.00    0.00 2579.00     0.00 61496.00    47.69     0.80    0.31    0.00    0.31   0.31  80.40
sde               0.00  1947.00    0.00 2715.00     0.00 65212.00    48.04     0.84    0.31    0.00    0.31   0.31  84.00
sde               0.00  1892.00    0.00 2633.00     0.00 63096.00    47.93     0.84    0.32    0.00    0.32   0.32  84.40
sde               0.00  1950.00    0.00 2701.00     0.00 64556.00    47.80     0.82    0.30    0.00    0.30   0.30  82.00
sde               0.00  1939.00    0.00 2703.00     0.00 64888.00    48.01     0.83    0.31    0.00    0.31   0.30  82.40
sde               0.00  1950.00    0.00 2721.00     0.00 65120.00    47.86     0.86    0.31    0.00    0.31   0.31  85.60
sde               0.00  1895.00    0.00 2640.00     0.00 63256.00    47.92     0.85    0.32    0.00    0.32   0.32  84.80
sde               0.00  1939.00    0.00 2703.00     0.00 64888.00    48.01     0.84    0.31    0.00    0.31   0.31  84.40
sde               0.00  1953.00    0.00 2705.00     0.00 64824.00    47.93     0.80    0.30    0.00    0.30   0.30  80.40
sde               0.00  1887.00    0.00 2626.00     0.00 62680.00    47.74     0.84    0.32    0.00    0.32   0.32  84.00
sde               0.00  1937.00    0.00 2713.00     0.00 64788.00    47.76     0.83    0.31    0.00    0.31   0.31  83.20
sde               0.00  1947.00    0.00 2718.00     0.00 65216.00    47.99     0.84    0.31    0.00    0.31   0.31  84.00
sde               0.00  1892.00    0.00 2641.00     0.00 63248.00    47.90     0.82    0.31    0.00    0.31   0.31  81.60
sde               0.00  1942.00    0.00 2697.00     0.00 64632.00    47.93     0.85    0.31    0.00    0.31   0.31  84.80
sde               0.00  1966.00    0.00 2733.00     0.00 65348.00    47.82     0.81    0.30    0.00    0.30   0.30  81.20
sde               0.00  1910.00    0.00 2659.00     0.00 63756.00    47.95     0.84    0.31    0.00    0.31   0.31  83.60
sde               0.00  1915.00    0.00 2683.00     0.00 63968.00    47.68     0.81    0.31    0.00    0.31   0.30  81.20
sde               0.00  1941.00    0.00 2705.00     0.00 64908.00    47.99     0.84    0.31    0.00    0.31   0.31  84.00
sde               0.00  1884.00    0.00 2615.00     0.00 62756.00    48.00     0.80    0.31    0.00    0.31   0.31  80.00
sde               0.00  1948.00    0.00 2716.00     0.00 64720.00    47.66     0.82    0.30    0.00    0.30   0.30  82.00
sde               0.00  1932.00    0.00 2697.00     0.00 64712.00    47.99     0.82    0.30    0.00    0.30   0.30  82.00
sde               0.00  1886.00    0.00 2632.00     0.00 63064.00    47.92     0.84    0.32    0.00    0.32   0.32  84.00
sde               0.00  1960.00    0.00 2729.00     0.00 65316.00    47.87     0.84    0.31    0.00    0.31   0.31  83.60
sde               0.00  1945.00    0.00 2702.00     0.00 64660.00    47.86     0.80    0.30    0.00    0.30   0.30  80.40
sde               0.00  1940.00    0.00 2716.00     0.00 64684.00    47.63     0.80    0.29    0.00    0.29   0.29  80.00
sde               0.00  1891.00    0.00 2633.00     0.00 63216.00    48.02     0.81    0.31    0.00    0.31   0.31  80.80
sde               0.00  1951.00    0.00 2725.00     0.00 65132.00    47.80     0.83    0.31    0.00    0.31   0.30  82.40
sde               0.00  1954.00    0.00 2716.00     0.00 65116.00    47.95     0.84    0.31    0.00    0.31   0.31  83.60
sde               0.00  1952.00    0.00 2724.00     0.00 65260.00    47.91     0.83    0.31    0.00    0.31   0.31  83.20
sde               0.00  1892.00    0.00 2633.00     0.00 62972.00    47.83     0.84    0.32    0.00    0.32   0.32  83.60
sde               0.00  1952.00    0.00 2730.00     0.00 65160.00    47.74     0.81    0.30    0.00    0.30   0.30  80.80
sde               0.00  1950.00    0.00 2699.00     0.00 64800.00    48.02     0.81    0.30    0.00    0.30   0.30  80.80
sde               0.00  1882.00    0.00 2624.00     0.00 62904.00    47.95     0.81    0.31    0.00    0.31   0.31  81.20
sde               0.00  1954.00    0.00 2720.00     0.00 65240.00    47.97     0.82    0.30    0.00    0.30   0.30  82.00
sde               0.00  1881.00    0.00 2620.00     0.00 62652.00    47.83     0.82    0.31    0.00    0.31   0.31  81.20
sde               0.00  1953.00    0.00 2721.00     0.00 65380.00    48.06     0.80    0.30    0.00    0.30   0.30  80.40
sde               0.00  1961.00    0.00 2731.00     0.00 65452.00    47.93     0.85    0.31    0.00    0.31   0.31  85.20
sde               0.00  1964.00    0.00 2724.00     0.00 65056.00    47.77     0.84    0.31    0.00    0.31   0.31  83.60
sde               0.00  1898.00    0.00 2643.00     0.00 63152.00    47.79     0.79    0.30    0.00    0.30   0.30  79.20
sde               0.00  1941.00    0.00 2710.00     0.00 65048.00    48.01     0.82    0.30    0.00    0.30   0.30  81.20
sde               0.00  1941.00    0.00 2712.00     0.00 64924.00    47.88     0.81    0.30    0.00    0.30   0.30  80.80
sde               0.00  1901.00    0.00 2643.00     0.00 63412.00    47.98     0.85    0.32    0.00    0.32   0.32  85.20
sde               0.00  1912.00    0.00 2659.00     0.00 63648.00    47.87     0.85    0.32    0.00    0.32   0.32  84.80
sde               0.00  1903.00    0.00 2653.00     0.00 63456.00    47.84     0.82    0.31    0.00    0.31   0.31  81.60
sde               0.00  1945.00    0.00 2713.00     0.00 64820.00    47.78     0.81    0.30    0.00    0.30   0.30  81.20
sde               0.00  1878.00    0.00 2633.00     0.00 62908.00    47.78     0.83    0.32    0.00    0.32   0.32  83.20
sde               0.00  1951.00    0.00 2714.00     0.00 65228.00    48.07     0.82    0.30    0.00    0.30   0.30  81.20
sde               0.00  1941.00    0.00 2697.00     0.00 64508.00    47.84     0.80    0.30    0.00    0.30   0.30  79.60
sde               0.00  1876.00    0.00 2614.00     0.00 62596.00    47.89     0.80    0.31    0.00    0.31   0.31  80.40
sde               0.00  1938.00    0.00 2697.00     0.00 64364.00    47.73     0.84    0.31    0.00    0.31   0.31  83.60
sde               0.00  1925.00    0.00 2690.00     0.00 64544.00    47.99     0.81    0.30    0.00    0.30   0.30  80.80
sde               0.00  1950.00    0.00 2715.00     0.00 65096.00    47.95     0.84    0.31    0.00    0.31   0.31  84.40
sde               0.00  1880.00    0.00 2624.00     0.00 62772.00    47.84     0.79    0.30    0.00    0.30   0.30  78.80
sde               0.00  1951.00    0.00 2720.00     0.00 65116.00    47.88     0.81    0.30    0.00    0.30   0.30  81.20
sde               0.00  1880.00    0.00 2616.00     0.00 62492.00    47.78     0.82    0.31    0.00    0.31   0.31  81.60
sde               0.00  1937.00    0.00 2696.00     0.00 64480.00    47.83     0.79    0.29    0.00    0.29   0.29  79.20
sde               0.00  1932.00    0.00 2699.00     0.00 64724.00    47.96     0.83    0.31    0.00    0.31   0.31  82.80
sde               0.00  1882.00    0.00 2620.00     0.00 62764.00    47.91     0.79    0.30    0.00    0.30   0.30  79.20
sde               0.00  1944.00    0.00 2714.00     0.00 64948.00    47.86     0.80    0.30    0.00    0.30   0.29  80.00
sde               0.00  1926.00    0.00 2687.00     0.00 64280.00    47.85     0.85    0.32    0.00    0.32   0.32  84.80
sde               0.00  1952.00    0.00 2706.00     0.00 64584.00    47.73     0.83    0.31    0.00    0.31   0.31  82.80
sde               0.00  1881.00    0.00 2620.00     0.00 62744.00    47.90     0.83    0.32    0.00    0.32   0.32  83.20
sde               0.00  1946.00    0.00 2716.00     0.00 65104.00    47.94     0.84    0.31    0.00    0.31   0.31  83.60
sde               0.00  1934.00    0.00 2691.00     0.00 64580.00    48.00     0.81    0.30    0.00    0.30   0.30  80.80
sde               0.00  1945.00    0.00 2707.00     0.00 64924.00    47.97     0.82    0.30    0.00    0.30   0.30  81.60
sde               0.00  1956.00    0.00 2712.00     0.00 64864.00    47.83     0.84    0.31    0.00    0.31   0.31  84.00
sde               0.00  1877.00    0.00 2615.00     0.00 62604.00    47.88     0.79    0.30    0.00    0.30   0.30  79.20
sde               0.00  1950.00    0.00 2727.00     0.00 65264.00    47.87     0.76    0.28    0.00    0.28   0.28  75.60
sde               0.00  1894.00    0.00 2648.00     0.00 63404.00    47.89     0.84    0.32    0.00    0.32   0.32  84.00
sde               0.00  1959.00    0.00 2718.00     0.00 65264.00    48.02     0.82    0.30    0.00    0.30   0.30  81.20
sde               0.00  1896.00    0.00 2636.00     0.00 63124.00    47.89     0.84    0.32    0.00    0.32   0.32  83.20
sde               0.00  1909.00    0.00 2661.00     0.00 63508.00    47.73     0.81    0.30    0.00    0.30   0.30  80.40
sde               0.00  1934.00    0.00 2700.00     0.00 64736.00    47.95     0.80    0.30    0.00    0.30   0.29  79.60
sde               0.00  1881.00    0.00 2628.00     0.00 62784.00    47.78     0.82    0.31    0.00    0.31   0.31  82.00
sde               0.00  1953.00    0.00 2720.00     0.00 65252.00    47.98     0.83    0.31    0.00    0.31   0.30  82.80
sde               0.00  1892.00    0.00 2619.00     0.00 62680.00    47.87     0.84    0.32    0.00    0.32   0.32  84.00
sde               0.00  1943.00    0.00 2716.00     0.00 64944.00    47.82     0.81    0.30    0.00    0.30   0.30  80.80
sde               0.00  1936.00    0.00 2707.00     0.00 64764.00    47.85     0.82    0.30    0.00    0.30   0.30  82.40
sde               0.00  1884.00    0.00 2623.00     0.00 62912.00    47.97     0.80    0.31    0.00    0.31   0.31  80.40
sde               0.00  1970.00    0.00 2737.00     0.00 65496.00    47.86     0.86    0.31    0.00    0.31   0.31  85.60
sde               0.00  1886.00    0.00 2639.00     0.00 63092.00    47.82     0.82    0.31    0.00    0.31   0.31  82.00
sde               0.00  1957.00    0.00 2721.00     0.00 65148.00    47.89     0.81    0.30    0.00    0.30   0.30  81.20
sde               0.00  1946.00    0.00 2717.00     0.00 64956.00    47.81     0.80    0.30    0.00    0.30   0.30  80.40
sde               0.00  1871.00    0.00 2608.00     0.00 62432.00    47.88     0.80    0.31    0.00    0.31   0.31  80.00
sde               0.00  1954.00    0.00 2727.00     0.00 65400.00    47.96     0.82    0.30    0.00    0.30   0.30  81.60
sde               0.00  1954.00    0.00 2716.00     0.00 64992.00    47.86     0.85    0.31    0.00    0.31   0.31  85.20
sde               0.00  1880.00    0.00 2628.00     0.00 62784.00    47.78     0.85    0.32    0.00    0.32   0.32  84.80
sde               0.00  1940.00    0.00 2705.00     0.00 64772.00    47.89     0.81    0.30    0.00    0.30   0.30  80.80
sde               0.00  1898.00    0.00 2636.00     0.00 63004.00    47.80     0.82    0.31    0.00    0.31   0.31  82.40
sde               0.00  1961.00    0.00 2739.00     0.00 65596.00    47.90     0.81    0.29    0.00    0.29   0.29  80.80
sde               0.00  1952.00    0.00 2720.00     0.00 64876.00    47.70     0.83    0.30    0.00    0.30   0.30  82.80
sde               0.00  1888.00    0.00 2618.00     0.00 62904.00    48.06     0.81    0.31    0.00    0.31   0.31  80.80
sde               0.00  1943.00    0.00 2710.00     0.00 64932.00    47.92     0.81    0.30    0.00    0.30   0.30  80.80
sde               0.00  1951.00    0.00 2707.00     0.00 64828.00    47.90     0.82    0.30    0.00    0.30   0.30  82.00
sde               0.00  1892.00    0.00 2636.00     0.00 63108.00    47.88     0.84    0.32    0.00    0.32   0.32  83.60
sde               0.00  1935.00    0.00 2702.00     0.00 64868.00    48.01     0.81    0.30    0.00    0.30   0.30  80.80
sde               0.00  1948.00    0.00 2714.00     0.00 64964.00    47.87     0.78    0.29    0.00    0.29   0.29  78.40
sde               0.00  1888.00    0.00 2629.00     0.00 62812.00    47.78     0.84    0.32    0.00    0.32   0.32  84.00
sde               0.00  1953.00    0.00 2714.00     0.00 65108.00    47.98     0.85    0.31    0.00    0.31   0.31  85.20
sde               0.00  1882.00    0.00 2625.00     0.00 62652.00    47.73     0.81    0.31    0.00    0.31   0.31  81.20
sde               0.00  1951.00    0.00 2724.00     0.00 65256.00    47.91     0.81    0.30    0.00    0.30   0.30  81.20
sde               0.00  1871.00    0.00 2617.00     0.00 62708.00    47.92     0.85    0.32    0.00    0.32   0.33  85.20
sde               0.00  1940.00    0.00 2693.00     0.00 64484.00    47.89     0.78    0.29    0.00    0.29   0.29  77.60
sde               0.00  1943.00    0.00 2711.00     0.00 64804.00    47.81     0.83    0.31    0.00    0.31   0.31  82.80
sde               0.00  1883.00    0.00 2617.00     0.00 62632.00    47.87     0.85    0.32    0.00    0.32   0.32  84.40
sde               0.00  1931.00    0.00 2696.00     0.00 64588.00    47.91     0.80    0.30    0.00    0.30   0.30  79.60
sde               0.00  1939.00    0.00 2704.00     0.00 64764.00    47.90     0.81    0.30    0.00    0.30   0.30  80.80
sde               0.00  1949.00    0.00 2715.00     0.00 65096.00    47.95     0.78    0.29    0.00    0.29   0.29  78.00
sde               0.00  1930.00    0.00 2701.00     0.00 64596.00    47.83     0.80    0.30    0.00    0.30   0.30  80.40
sde               0.00  1882.00    0.00 2627.00     0.00 62532.00    47.61     0.84    0.32    0.00    0.32   0.32  83.60
sde               0.00  1958.00    0.00 2718.00     0.00 65140.00    47.93     0.83    0.30    0.00    0.30   0.30  82.80
sde               0.00  1890.00    0.00 2640.00     0.00 63232.00    47.90     0.81    0.31    0.00    0.31   0.31  81.20
sde               0.00  1946.00    0.00 2705.00     0.00 64924.00    48.00     0.83    0.31    0.00    0.31   0.31  82.80
sde               0.00  1954.00    0.00 2715.00     0.00 64988.00    47.87     0.82    0.30    0.00    0.30   0.30  82.00
sde               0.00  1883.00    0.00 2625.00     0.00 62660.00    47.74     0.85    0.32    0.00    0.32   0.32  84.80
sde               0.00  1944.00    0.00 2713.00     0.00 64940.00    47.87     0.82    0.30    0.00    0.30   0.30  81.60
sde               0.00  1953.00    0.00 2725.00     0.00 65264.00    47.90     0.83    0.31    0.00    0.31   0.31  83.20
sde               0.00  1946.00    0.00 2722.00     0.00 64976.00    47.74     0.81    0.30    0.00    0.30   0.30  81.20
sde               0.00  1893.00    0.00 2623.00     0.00 63072.00    48.09     0.84    0.32    0.00    0.32   0.32  83.60
sde               0.00  1955.00    0.00 2723.00     0.00 65268.00    47.94     0.79    0.29    0.00    0.29   0.29  79.20
sde               0.00  1957.00    0.00 2727.00     0.00 64928.00    47.62     0.85    0.31    0.00    0.31   0.31  84.80
sde               0.00  1952.00    0.00 2713.00     0.00 64972.00    47.90     0.82    0.30    0.00    0.30   0.30  82.00
sde               0.00  1886.00    0.00 2630.00     0.00 62936.00    47.86     0.83    0.32    0.00    0.32   0.32  83.20
sde               0.00  1925.00    0.00 2676.00     0.00 64248.00    48.02     0.81    0.30    0.00    0.30   0.30  81.20
sde               0.00  1937.00    0.00 2693.00     0.00 64580.00    47.96     0.80    0.29    0.00    0.29   0.30  79.60
sde               0.00  1903.00    0.00 2649.00     0.00 63460.00    47.91     0.78    0.30    0.00    0.30   0.30  78.40
sde               0.00  1961.00    0.00 2727.00     0.00 65308.00    47.90     0.82    0.31    0.00    0.31   0.30  82.40
sde               0.00  1889.00    0.00 2639.00     0.00 63224.00    47.92     0.83    0.32    0.00    0.32   0.32  83.20
sde               0.00  1945.00    0.00 2711.00     0.00 64816.00    47.82     0.82    0.30    0.00    0.30   0.30  81.60
sde               0.00  1937.00    0.00 2706.00     0.00 64512.00    47.68     0.79    0.29    0.00    0.29   0.29  79.20
sde               0.00  1888.00    0.00 2623.00     0.00 63048.00    48.07     0.83    0.32    0.00    0.32   0.32  83.20
sde               0.00  1949.00    0.00 2720.00     0.00 65108.00    47.87     0.78    0.29    0.00    0.29   0.29  77.60
sde               0.00  1946.00    0.00 2710.00     0.00 64812.00    47.83     0.81    0.30    0.00    0.30   0.30  80.80
sde               0.00  1885.00    0.00 2626.00     0.00 62924.00    47.92     0.79    0.30    0.00    0.30   0.30  78.80
sde               0.00  1952.00    0.00 2722.00     0.00 65128.00    47.85     0.84    0.31    0.00    0.31   0.31  83.60
sde               0.00  1948.00    0.00 2714.00     0.00 64836.00    47.78     0.82    0.30    0.00    0.30   0.30  82.40
sde               0.00  1885.00    0.00 2635.00     0.00 63072.00    47.87     0.83    0.32    0.00    0.32   0.32  83.20
sde               0.00  1951.00    0.00 2708.00     0.00 64828.00    47.88     0.82    0.30    0.00    0.30   0.30  82.00
sde               0.00  1933.00    0.00 2688.00     0.00 64564.00    48.04     0.86    0.32    0.00    0.32   0.32  85.20
sde               0.00  1872.00    0.00 2608.00     0.00 62432.00    47.88     0.79    0.30    0.00    0.30   0.30  78.40
sde               0.00  1945.00    0.00 2711.00     0.00 64820.00    47.82     0.81    0.30    0.00    0.30   0.30  81.20
sde               0.00  1950.00    0.00 2716.00     0.00 64976.00    47.85     0.81    0.30    0.00    0.30   0.30  80.80
sde               0.00  1954.00    0.00 2732.00     0.00 65416.00    47.89     0.80    0.29    0.00    0.29   0.29  80.40
sde               0.00  1959.00    0.00 2736.00     0.00 65452.00    47.85     0.83    0.30    0.00    0.30   0.30  82.80
sde               0.00  1888.00    0.00 2621.00     0.00 62792.00    47.91     0.84    0.32    0.00    0.32   0.32  84.40
sde               0.00  1954.00    0.00 2712.00     0.00 64984.00    47.92     0.82    0.30    0.00    0.30   0.30  81.60
sde               0.00  1883.00    0.00 2632.00     0.00 63056.00    47.91     0.80    0.31    0.00    0.31   0.31  80.40
sde               0.00  1948.00    0.00 2719.00     0.00 65100.00    47.89     0.80    0.30    0.00    0.30   0.30  80.40
sde               0.00  1943.00    0.00 2716.00     0.00 64820.00    47.73     0.82    0.30    0.00    0.30   0.30  82.40
sde               0.00  1884.00    0.00 2625.00     0.00 62788.00    47.84     0.83    0.32    0.00    0.32   0.32  83.20
sde               0.00  1953.00    0.00 2716.00     0.00 64868.00    47.77     0.81    0.30    0.00    0.30   0.30  81.20
sde               0.00  1950.00    0.00 2703.00     0.00 64936.00    48.05     0.80    0.30    0.00    0.30   0.30  80.00
sde               0.00  1893.00    0.00 2638.00     0.00 63240.00    47.95     0.80    0.30    0.00    0.30   0.30  79.60
sde               0.00  1959.00    0.00 2732.00     0.00 65444.00    47.91     0.80    0.29    0.00    0.29   0.29  80.00
sde               0.00  1890.00    0.00 2627.00     0.00 63068.00    48.02     0.82    0.31    0.00    0.31   0.31  82.40
sde               0.00  1955.00    0.00 2718.00     0.00 65012.00    47.84     0.82    0.30    0.00    0.30   0.30  82.40
sde               0.00  1943.00    0.00 2712.00     0.00 64936.00    47.89     0.79    0.29    0.00    0.29   0.29  79.20
sde               0.00  1887.00    0.00 2621.00     0.00 62784.00    47.91     0.84    0.32    0.00    0.32   0.32  83.60
sde               0.00  1947.00    0.00 2720.00     0.00 65224.00    47.96     0.80    0.29    0.00    0.29   0.29  80.00
sde               0.00  1892.00    0.00 2629.00     0.00 63064.00    47.98     0.85    0.32    0.00    0.32   0.32  84.80
sde               0.00  1943.00    0.00 2708.00     0.00 64824.00    47.88     0.84    0.31    0.00    0.31   0.31  84.00
sde               0.00  1944.00    0.00 2703.00     0.00 64536.00    47.75     0.80    0.30    0.00    0.30   0.30  80.40
sde               0.00  1868.00    0.00 2611.00     0.00 62424.00    47.82     0.79    0.30    0.00    0.30   0.30  79.20
sde               0.00  1938.00    0.00 2712.00     0.00 65036.00    47.96     0.81    0.30    0.00    0.30   0.30  81.20
sde               0.00  1890.00    0.00 2628.00     0.00 62948.00    47.91     0.80    0.31    0.00    0.31   0.30  80.00
sde               0.00  1950.00    0.00 2724.00     0.00 65128.00    47.82     0.84    0.31    0.00    0.31   0.31  84.00
sde               0.00  1959.00    0.00 2724.00     0.00 65292.00    47.94     0.79    0.29    0.00    0.29   0.29  78.80
sde               0.00  1877.00    0.00 2606.00     0.00 62576.00    48.02     0.80    0.31    0.00    0.31   0.31  79.60
sde               0.00  1943.00    0.00 2721.00     0.00 64832.00    47.65     0.81    0.30    0.00    0.30   0.30  81.20
sde               0.00  1894.00    0.00 2635.00     0.00 62988.00    47.81     0.78    0.30    0.00    0.30   0.30  78.00
sde               0.00  1937.00    0.00 2696.00     0.00 64740.00    48.03     0.80    0.30    0.00    0.30   0.30  80.00
sde               0.00  1947.00    0.00 2713.00     0.00 65080.00    47.98     0.82    0.30    0.00    0.30   0.30  82.40
sde               0.00  1877.00    0.00 2624.00     0.00 62756.00    47.83     0.87    0.33    0.00    0.33   0.33  86.40
sde               0.00  1955.00    0.00 2721.00     0.00 65140.00    47.88     0.80    0.29    0.00    0.29   0.29  80.00
sde               0.00  1878.00    0.00 2617.00     0.00 62736.00    47.94     0.79    0.30    0.00    0.30   0.30  78.80
sde               0.00  1931.00    0.00 2702.00     0.00 64472.00    47.72     0.85    0.32    0.00    0.32   0.32  85.20
sde               0.00  1952.00    0.00 2714.00     0.00 64980.00    47.89     0.81    0.30    0.00    0.30   0.30  80.80
sde               0.00  1952.00    0.00 2719.00     0.00 65120.00    47.90     0.80    0.29    0.00    0.29   0.29  79.60
