sde               0.00     0.93    0.00    1.72     0.00   121.84   141.70     0.01    3.99    1.91    3.99   0.41   0.07
sde               0.00     1.00    0.00    4.00     0.00    20.00    10.00     0.00    0.00    0.00    0.00   0.00   0.00
sde               0.00   495.00    0.00 1367.00     0.00 50508.00    73.90     0.56    0.41    0.00    0.41   0.35  48.40
sde               0.00   880.00    0.00 2557.00     0.00 92144.00    72.07     1.03    0.40    0.00    0.40   0.35  88.40
sde               0.00   872.00    0.00 2497.00     0.00 95480.00    76.48     0.93    0.37    0.00    0.37   0.32  80.00
sde               0.00   884.00    0.00 2536.00     0.00 94132.00    74.24     1.14    0.45    0.00    0.45   0.36  91.20
sde               0.00   858.00    0.00 2519.00     0.00 90424.00    71.79     1.05    0.42    0.00    0.42   0.36  90.00
sde               0.00   882.00    0.00 2509.00     0.00 93268.00    74.35     1.04    0.41    0.00    0.41   0.34  84.80
sde               0.00   902.00    0.00 2344.00     0.00 103564.00    88.37     1.11    0.48    0.00    0.48   0.38  88.80
sde               0.00   981.00    0.00 2579.00     0.00 91876.00    71.25     1.05    0.41    0.00    0.41   0.35  90.00
sde               0.00   944.00    0.00 2487.00     0.00 86560.00    69.61     0.99    0.40    0.00    0.40   0.34  85.20
sde               0.00   922.00    0.00 2489.00     0.00 82832.00    66.56     1.00    0.40    0.00    0.40   0.34  85.20
sde               0.00   967.00    0.00 2552.00     0.00 89276.00    69.97     1.07    0.42    0.00    0.42   0.35  88.80
sde               0.00   978.00    0.00 2546.00     0.00 89964.00    70.67     1.05    0.41    0.00    0.41   0.35  88.40
sde               0.00   938.00    0.00 2535.00     0.00 84700.00    66.82     1.08    0.43    0.00    0.43   0.36  92.40
sde               0.00   962.00    0.00 2528.00     0.00 87568.00    69.28     1.06    0.42    0.00    0.42   0.35  88.80
sde               0.00   961.00    0.00 2556.00     0.00 87212.00    68.24     0.98    0.38    0.00    0.38   0.34  86.40
sde               0.00   940.00    0.00 2360.00     0.00 85688.00    72.62     0.92    0.39    0.00    0.39   0.39  91.20
sde               0.00   944.00    0.00 2394.00     0.00 85904.00    71.77     0.92    0.38    0.00    0.38   0.37  89.20
sde               0.00   914.00    0.00 2372.00     0.00 81916.00    69.07     0.86    0.36    0.00    0.36   0.35  84.00
sde               0.00   977.00    0.00 2464.00     0.00 88416.00    71.77     0.91    0.37    0.00    0.37   0.36  88.40
sde               0.00   962.00    0.00 2478.00     0.00 87184.00    70.37     0.90    0.36    0.00    0.36   0.36  90.00
sde               0.00   956.00    0.00 2417.00     0.00 85948.00    71.12     0.83    0.34    0.00    0.34   0.34  82.80
sde               0.00   972.00    0.00 2457.00     0.00 89460.00    72.82     0.86    0.35    0.00    0.35   0.35  85.60
sde               0.00   947.00    0.00 2389.00     0.00 85828.00    71.85     0.90    0.38    0.00    0.38   0.38  89.60
sde               0.00   941.00    0.00 2386.00     0.00 85156.00    71.38     0.88    0.37    0.00    0.37   0.36  86.80
sde               0.00   944.00    0.00 2469.00     0.00 84600.00    68.53     0.92    0.37    0.00    0.37   0.36  88.40
sde               0.00   977.00    0.00 2448.00     0.00 88420.00    72.24     0.92    0.37    0.00    0.37   0.37  90.80
sde               0.00   937.00    0.00 2431.00     0.00 83872.00    69.00     0.92    0.38    0.00    0.38   0.38  92.00
sde               0.00   998.00    0.00 2508.00     0.00 90228.00    71.95     0.91    0.36    0.00    0.36   0.36  89.60
sde               0.00   935.00    0.00 2426.00     0.00 83084.00    68.49     0.88    0.36    0.00    0.36   0.36  87.60
sde               0.00   935.00    0.00 2402.00     0.00 84924.00    70.71     0.95    0.39    0.00    0.39   0.36  86.00
sde               0.00   961.00    0.00 2409.00     0.00 82864.00    68.80     0.88    0.37    0.00    0.37   0.36  86.80
sde               0.00   952.00    0.00 2427.00     0.00 87760.00    72.32     0.87    0.36    0.00    0.36   0.36  87.20
sde               0.00   952.00    0.00 2384.00     0.00 85832.00    72.01     0.92    0.39    0.00    0.39   0.38  91.20
sde               0.00   977.00    0.00 2500.00     0.00 88844.00    71.08     0.90    0.36    0.00    0.36   0.36  89.60
sde               0.00   987.00    0.00 2494.00     0.00 87848.00    70.45     0.86    0.34    0.00    0.34   0.34  86.00
sde               0.00   939.00    0.00 2414.00     0.00 84600.00    70.09     0.90    0.37    0.00    0.37   0.37  89.60
sde               0.00   971.00    0.00 2481.00     0.00 86192.00    69.48     0.91    0.37    0.00    0.37   0.36  89.60
sde               0.00   982.00    0.00 2448.00     0.00 88452.00    72.26     0.93    0.38    0.00    0.38   0.37  91.60
sde               0.00   872.00    0.00 2326.00     0.00 79276.00    68.17     0.96    0.41    0.00    0.41   0.37  86.00
sde               0.00   987.00    0.00 2494.00     0.00 87824.00    70.43     0.88    0.35    0.00    0.35   0.35  87.60
sde               0.00   930.00    0.00 2409.00     0.00 83016.00    68.92     0.87    0.36    0.00    0.36   0.36  87.20
sde               0.00   992.00    0.00 2468.00     0.00 90844.00    73.62     0.92    0.37    0.00    0.37   0.37  91.20
sde               0.00   902.00    0.00 2339.00     0.00 80400.00    68.75     0.86    0.37    0.00    0.37   0.37  86.00
sde               0.00   983.00    0.00 2485.00     0.00 88564.00    71.28     0.88    0.36    0.00    0.36   0.36  88.40
sde               0.00   928.00    0.00 2365.00     0.00 83108.00    70.28     0.90    0.38    0.00    0.38   0.38  88.80
sde               0.00   944.00    0.00 2427.00     0.00 84908.00    69.97     0.89    0.37    0.00    0.37   0.37  89.20
sde               0.00   950.00    0.00 2396.00     0.00 85068.00    71.01     0.91    0.38    0.00    0.38   0.37  89.20
sde               0.00   944.00    0.00 2448.00     0.00 84692.00    69.19     0.90    0.37    0.00    0.37   0.36  87.60
sde               0.00   982.00    0.00 2496.00     0.00 88588.00    70.98     0.88    0.35    0.00    0.35   0.35  88.00
sde               0.00   942.00    0.00 2432.00     0.00 83912.00    69.01     0.93    0.38    0.00    0.38   0.38  93.20
sde               0.00   949.00    0.00 2442.00     0.00 85164.00    69.75     0.88    0.36    0.00    0.36   0.35  85.20
sde               0.00   971.00    0.00 2399.00     0.00 89016.00    74.21     0.89    0.37    0.00    0.37   0.37  89.20
sde               0.00   926.00    0.00 2373.00     0.00 84420.00    71.15     0.86    0.36    0.00    0.36   0.36  85.20
sde               0.00   917.00    0.00 2295.00     0.00 82344.00    71.76     0.94    0.41    0.00    0.41   0.40  91.20
sde               0.00   931.00    0.00 2464.00     0.00 83832.00    68.05     0.88    0.36    0.00    0.36   0.33  81.60
sde               0.00   969.00    0.00 2414.00     0.00 88280.00    73.14     0.94    0.39    0.00    0.39   0.39  94.40
sde               0.00   938.00    0.00 2410.00     0.00 84580.00    70.19     0.88    0.36    0.00    0.36   0.36  87.60
sde               0.00   949.00    0.00 2408.00     0.00 85072.00    70.66     0.92    0.38    0.00    0.38   0.36  87.60
sde               0.00   947.00    0.00 2431.00     0.00 84684.00    69.67     0.89    0.37    0.00    0.37   0.37  88.80
sde               0.00   965.00    0.00 2443.00     0.00 86836.00    71.09     0.87    0.36    0.00    0.36   0.36  87.20
sde               0.00   936.00    0.00 2336.00     0.00 82544.00    70.67     0.90    0.39    0.00    0.39   0.38  88.40
sde               0.00   946.00    0.00 2435.00     0.00 86160.00    70.77     0.88    0.36    0.00    0.36   0.34  84.00
sde               0.00   967.00    0.00 2438.00     0.00 88296.00    72.43     0.88    0.36    0.00    0.36   0.35  85.20
sde               0.00   937.00    0.00 2409.00     0.00 84572.00    70.21     0.92    0.38    0.00    0.38   0.38  91.60
sde               0.00   959.00    0.00 2435.00     0.00 85952.00    70.60     0.96    0.40    0.00    0.40   0.38  92.00
sde               0.00   939.00    0.00 2414.00     0.00 84600.00    70.09     0.92    0.38    0.00    0.38   0.38  92.00
sde               0.00   939.00    0.00 2427.00     0.00 84244.00    69.42     0.94    0.39    0.00    0.39   0.36  87.20
sde               0.00   910.00    0.00 2321.00     0.00 82300.00    70.92     0.94    0.40    0.00    0.40   0.38  87.60
sde               0.00   937.00    0.00 2420.00     0.00 85340.00    70.53     0.92    0.38    0.00    0.38   0.37  89.20
sde               0.00   901.00    0.00 2289.00     0.00 80708.00    70.52     0.90    0.39    0.00    0.39   0.38  86.00
sde               0.00   911.00    0.00 2337.00     0.00 81952.00    70.13     0.86    0.37    0.00    0.37   0.37  85.60
sde               0.00   964.00    0.00 2414.00     0.00 88256.00    73.12     0.89    0.37    0.00    0.37   0.36  88.00
sde               0.00   913.00    0.00 2361.00     0.00 81272.00    68.85     0.86    0.37    0.00    0.37   0.37  86.40
sde               0.00   935.00    0.00 2362.00     0.00 84144.00    71.25     0.88    0.37    0.00    0.37   0.37  86.80
sde               0.00   927.00    0.00 2378.00     0.00 84440.00    71.02     0.92    0.39    0.00    0.39   0.38  90.40
sde               0.00   966.00    0.00 2438.00     0.00 86052.00    70.59     0.92    0.38    0.00    0.38   0.37  91.20
sde               0.00   907.00    0.00 2301.00     0.00 81560.00    70.89     0.90    0.39    0.00    0.39   0.39  89.20
sde               0.00   932.00    0.00 2412.00     0.00 83796.00    69.48     0.92    0.38    0.00    0.38   0.38  91.20
sde               0.00   973.00    0.00 2453.00     0.00 86892.00    70.85     0.90    0.37    0.00    0.37   0.37  89.60
sde               0.00   916.00    0.00 2369.00     0.00 82072.00    69.29     0.90    0.38    0.00    0.38   0.38  90.00
sde               0.00   938.00    0.00 2373.00     0.00 84940.00    71.59     0.90    0.38    0.00    0.38   0.37  87.20
sde               0.00   908.00    0.00 2299.00     0.00 84136.00    73.19     0.86    0.37    0.00    0.37   0.37  86.00
sde               0.00   923.00    0.00 2364.00     0.00 82524.00    69.82     0.84    0.36    0.00    0.36   0.34  79.60
sde               0.00   942.00    0.00 2397.00     0.00 84428.00    70.44     0.88    0.37    0.00    0.37   0.37  88.00
sde               0.00   916.00    0.00 2380.00     0.00 83376.00    70.06     0.91    0.38    0.00    0.38   0.35  83.60
sde               0.00   979.00    0.00 2466.00     0.00 87720.00    71.14     0.89    0.36    0.00    0.36   0.36  88.80
sde               0.00   927.00    0.00 2387.00     0.00 82936.00    69.49     0.88    0.37    0.00    0.37   0.37  87.20
sde               0.00   956.00    0.00 2432.00     0.00 86688.00    71.29     0.94    0.39    0.00    0.39   0.37  89.20
sde               0.00   886.00    0.00 2288.00     0.00 79408.00    69.41     0.85    0.37    0.00    0.37   0.37  84.80
sde               0.00   925.00    0.00 2330.00     0.00 83256.00    71.46     0.84    0.36    0.00    0.36   0.36  84.00
sde               0.00   960.00    0.00 2438.00     0.00 84000.00    68.91     0.88    0.36    0.00    0.36   0.36  88.00
sde               0.00   940.00    0.00 2339.00     0.00 86420.00    73.89     0.88    0.38    0.00    0.38   0.38  88.40
sde               0.00   962.00    0.00 2423.00     0.00 85980.00    70.97     0.90    0.37    0.00    0.37   0.37  90.00
sde               0.00   881.00    0.00 2312.00     0.00 80108.00    69.30     0.94    0.40    0.00    0.40   0.37  86.40
sde               0.00   996.00    0.00 2496.00     0.00 89416.00    71.65     0.94    0.37    0.00    0.37   0.37  92.80
sde               0.00   933.00    0.00 2399.00     0.00 84528.00    70.47     0.84    0.35    0.00    0.35   0.35  84.00
sde               0.00   975.00    0.00 2463.00     0.00 86932.00    70.59     0.89    0.36    0.00    0.36   0.36  88.80
sde               0.00   978.00    0.00 2478.00     0.00 89552.00    72.28     0.86    0.35    0.00    0.35   0.35  86.00
sde               0.00   946.00    0.00 2373.00     0.00 85776.00    72.29     0.91    0.38    0.00    0.38   0.38  90.40
sde               0.00   973.00    0.00 2432.00     0.00 87592.00    72.03     0.92    0.38    0.00    0.38   0.37  91.20
sde               0.00   916.00    0.00 2427.00     0.00 82852.00    68.28     0.91    0.38    0.00    0.38   0.35  84.40
sde               0.00   927.00    0.00 2347.00     0.00 82516.00    70.32     0.90    0.38    0.00    0.38   0.37  87.60
sde               0.00   929.00    0.00 2404.00     0.00 83764.00    69.69     0.85    0.35    0.00    0.35   0.35  84.80
sde               0.00   963.00    0.00 2469.00     0.00 86860.00    70.36     0.90    0.36    0.00    0.36   0.35  86.80
sde               0.00   940.00    0.00 2402.00     0.00 83804.00    69.78     0.88    0.37    0.00    0.37   0.36  87.60
sde               0.00   975.00    0.00 2447.00     0.00 89180.00    72.89     0.92    0.38    0.00    0.38   0.37  91.20
sde               0.00   937.00    0.00 2382.00     0.00 84352.00    70.82     0.90    0.37    0.00    0.37   0.38  89.60
sde               0.00   928.00    0.00 2403.00     0.00 84308.00    70.17     0.91    0.38    0.00    0.38   0.35  85.20
sde               0.00   970.00    0.00 2449.00     0.00 87608.00    71.55     0.93    0.38    0.00    0.38   0.37  90.80
sde               0.00   919.00    0.00 2366.00     0.00 82848.00    70.03     0.88    0.37    0.00    0.37   0.37  88.00
sde               0.00   963.00    0.00 2446.00     0.00 86808.00    70.98     0.87    0.36    0.00    0.36   0.35  85.20
sde               0.00   951.00    0.00 2448.00     0.00 85512.00    69.86     0.90    0.37    0.00    0.37   0.37  90.40
sde               0.00   938.00    0.00 2369.00     0.00 84964.00    71.73     0.90    0.38    0.00    0.38   0.38  89.60
sde               0.00   978.00    0.00 2486.00     0.00 88616.00    71.29     0.90    0.36    0.00    0.36   0.35  87.20
sde               0.00   947.00    0.00 2448.00     0.00 85308.00    69.70     0.91    0.37    0.00    0.37   0.37  89.60
sde               0.00   911.00    0.00 2390.00     0.00 80908.00    67.71     0.93    0.39    0.00    0.39   0.36  87.20
sde               0.00   910.00    0.00 2414.00     0.00 82024.00    67.96     0.90    0.37    0.00    0.37   0.34  82.40
sde               0.00   930.00    0.00 2376.00     0.00 84088.00    70.78     0.85    0.36    0.00    0.36   0.34  80.80
sde               0.00   908.00    0.00 2364.00     0.00 81968.00    69.35     0.91    0.39    0.00    0.39   0.37  86.40
sde               0.00   929.00    0.00 2378.00     0.00 84120.00    70.75     0.82    0.35    0.00    0.35   0.33  78.40
sde               0.00   897.00    0.00 2280.00     0.00 79444.00    69.69     0.84    0.37    0.00    0.37   0.37  84.40
sde               0.00   939.00    0.00 2364.00     0.00 84192.00    71.23     0.82    0.35    0.00    0.35   0.35  82.00
sde               0.00   932.00    0.00 2319.00     0.00 86460.00    74.57     0.83    0.36    0.00    0.36   0.36  82.80
sde               0.00   884.00    0.00 2242.00     0.00 80668.00    71.96     0.82    0.36    0.00    0.36   0.36  81.60
sde               0.00   946.00    0.00 2360.00     0.00 84964.00    72.00     0.85    0.36    0.00    0.36   0.36  84.80
sde               0.00   912.87    0.00 2342.57     0.00 82792.08    70.68     0.87    0.37    0.00    0.37   0.37  86.73
sde               0.00   926.00    0.00 2332.00     0.00 82512.00    70.77     0.86    0.37    0.00    0.37   0.37  86.40
sde               0.00   904.00    0.00 2310.00     0.00 82616.00    71.53     0.89    0.39    0.00    0.39   0.39  89.20
sde               0.00   960.00    0.00 2378.00     0.00 88156.00    74.14     0.86    0.37    0.00    0.37   0.36  85.60
sde               0.00   958.00    0.00 2440.00     0.00 87056.00    71.36     0.88    0.36    0.00    0.36   0.36  87.20
sde               0.00   945.00    0.00 2371.00     0.00 84996.00    71.70     0.85    0.36    0.00    0.36   0.36  85.20
sde               0.00   981.00    0.00 2426.00     0.00 89904.00    74.12     0.86    0.36    0.00    0.36   0.35  85.20
sde               0.00   957.00    0.00 2461.00     0.00 86348.00    70.17     0.90    0.37    0.00    0.37   0.37  90.40
sde               0.00   946.00    0.00 2376.00     0.00 85772.00    72.20     0.91    0.38    0.00    0.38   0.38  90.40
sde               0.00   978.00    0.00 2503.00     0.00 87324.00    69.78     0.88    0.35    0.00    0.35   0.35  87.60
sde               0.00   971.00    0.00 2478.00     0.00 86960.00    70.19     0.90    0.36    0.00    0.36   0.36  90.40
sde               0.00   933.00    0.00 2386.00     0.00 83720.00    70.18     0.93    0.39    0.00    0.39   0.39  93.20
sde               0.00   974.00    0.00 2450.00     0.00 88412.00    72.17     0.90    0.37    0.00    0.37   0.37  89.60
sde               0.00   924.00    0.00 2329.00     0.00 83268.00    71.51     0.86    0.37    0.00    0.37   0.37  86.40
sde               0.00   909.00    0.00 2323.00     0.00 82664.00    71.17     0.87    0.37    0.00    0.37   0.37  86.40
sde               0.00   955.00    0.00 2384.00     0.00 85848.00    72.02     0.86    0.36    0.00    0.36   0.36  84.80
sde               0.00   895.00    0.00 2234.00     0.00 83884.00    75.10     0.84    0.38    0.00    0.38   0.38  84.00
sde               0.00   946.00    0.00 2368.00     0.00 86500.00    73.06     0.82    0.34    0.00    0.34   0.34  80.80
sde               0.00   919.00    0.00 2371.00     0.00 82096.00    69.25     0.79    0.33    0.00    0.33   0.33  79.20
sde               0.00   897.00    0.00 2268.00     0.00 79884.00    70.44     0.83    0.37    0.00    0.37   0.36  82.00
sde               0.00   918.00    0.00 2326.00     0.00 83352.00    71.67     0.83    0.36    0.00    0.36   0.36  83.20
sde               0.00   930.00    0.00 2355.00     0.00 83484.00    70.90     0.87    0.37    0.00    0.37   0.37  86.40
sde               0.00   930.00    0.00 2340.00     0.00 83320.00    71.21     0.86    0.37    0.00    0.37   0.36  85.20
sde               0.00   932.00    0.00 2407.00     0.00 83780.00    69.61     0.86    0.36    0.00    0.36   0.35  85.20
sde               0.00   956.00    0.00 2371.00     0.00 88104.00    74.32     0.86    0.36    0.00    0.36   0.36  85.20
sde               0.00   948.00    0.00 2408.00     0.00 83100.00    69.02     0.90    0.38    0.00    0.38   0.37  90.00
sde               0.00   981.00    0.00 2455.00     0.00 89248.00    72.71     0.90    0.37    0.00    0.37   0.36  89.60
sde               0.00   917.00    0.00 2363.00     0.00 82824.00    70.10     0.86    0.37    0.00    0.37   0.36  86.00
sde               0.00   949.00    0.00 2389.00     0.00 85068.00    71.22     0.88    0.37    0.00    0.37   0.37  87.20
sde               0.00   868.00    0.00 2159.00     0.00 78684.00    72.89     0.87    0.40    0.00    0.40   0.40  85.60
sde               0.00   957.00    0.00 2449.00     0.00 87080.00    71.11     0.88    0.36    0.00    0.36   0.36  88.40
sde               0.00   967.00    0.00 2413.00     0.00 87516.00    72.54     0.86    0.36    0.00    0.36   0.35  85.20
sde               0.00   922.00    0.00 2366.00     0.00 83620.00    70.68     0.91    0.38    0.00    0.38   0.38  90.80
sde               0.00   949.00    0.00 2386.00     0.00 85064.00    71.30     0.88    0.37    0.00    0.37   0.37  87.20
sde               0.00   887.00    0.00 2275.00     0.00 79376.00    69.78     0.83    0.37    0.00    0.37   0.37  83.20
sde               0.00   966.00    0.00 2434.00     0.00 86812.00    71.33     0.85    0.35    0.00    0.35   0.35  85.20
sde               0.00   920.00    0.00 2349.00     0.00 82664.00    70.38     0.83    0.35    0.00    0.35   0.35  82.80
sde               0.00   891.00    0.00 2263.00     0.00 79992.00    70.70     0.86    0.38    0.00    0.38   0.38  85.60
sde               0.00   931.00    0.00 2355.00     0.00 82600.00    70.15     0.86    0.37    0.00    0.37   0.37  86.40
sde               0.00   916.00    0.00 2363.00     0.00 82816.00    70.09     0.83    0.35    0.00    0.35   0.35  82.00
sde               0.00   944.00    0.00 2377.00     0.00 84244.00    70.88     0.86    0.36    0.00    0.36   0.36  84.80
sde               0.00   954.00    0.00 2456.00     0.00 86316.00    70.29     0.89    0.36    0.00    0.36   0.36  89.20
sde               0.00   989.00    0.00 2483.00     0.00 89352.00    71.97     0.88    0.35    0.00    0.35   0.35  87.20
sde               0.00   933.00    0.00 2387.00     0.00 84492.00    70.79     0.90    0.38    0.00    0.38   0.38  90.00
sde               0.00   949.00    0.00 2373.00     0.00 85788.00    72.30     0.88    0.37    0.00    0.37   0.37  88.00
sde               0.00   972.00    0.00 2425.00     0.00 87568.00    72.22     0.88    0.36    0.00    0.36   0.36  87.60
sde               0.00   949.00    0.00 2408.00     0.00 87684.00    72.83     0.92    0.38    0.00    0.38   0.38  91.60
sde               0.00   927.00    0.00 2336.00     0.00 83288.00    71.31     0.85    0.36    0.00    0.36   0.36  84.80
sde               0.00   958.00    0.00 2465.00     0.00 86360.00    70.07     0.84    0.34    0.00    0.34   0.34  84.40
sde               0.00   968.00    0.00 2423.00     0.00 88300.00    72.88     0.85    0.35    0.00    0.35   0.35  84.40
sde               0.00   905.00    0.00 2304.00     0.00 80304.00    69.71     0.87    0.38    0.00    0.38   0.38  86.40
sde               0.00   930.00    0.00 2360.00     0.00 84900.00    71.95     0.86    0.37    0.00    0.37   0.36  84.80
sde               0.00   923.00    0.00 2332.00     0.00 84152.00    72.17     0.87    0.37    0.00    0.37   0.37  86.00
sde               0.00   944.00    0.00 2402.00     0.00 85212.00    70.95     0.88    0.37    0.00    0.37   0.36  87.60
sde               0.00   922.00    0.00 2315.00     0.00 83968.00    72.54     0.90    0.39    0.00    0.39   0.38  88.80
sde               0.00   911.00    0.00 2328.00     0.00 80400.00    69.07     0.85    0.36    0.00    0.36   0.36  84.80
sde               0.00   971.00    0.00 2410.00     0.00 89056.00    73.91     0.88    0.37    0.00    0.37   0.36  86.80
sde               0.00   979.00    0.00 2449.00     0.00 90864.00    74.20     0.90    0.37    0.00    0.37   0.37  89.60
sde               0.00   939.00    0.00 2388.00     0.00 85912.00    71.95     0.84    0.35    0.00    0.35   0.35  82.40
sde               0.00   916.00    0.00 2330.00     0.00 81836.00    70.25     0.86    0.37    0.00    0.37   0.37  86.00
sde               0.00   917.00    0.00 2333.00     0.00 83356.00    71.46     0.90    0.39    0.00    0.39   0.38  88.00
sde               0.00   923.00    0.00 2353.00     0.00 83440.00    70.92     0.86    0.37    0.00    0.37   0.36  85.60
sde               0.00   908.00    0.00 2277.00     0.00 82408.00    72.38     0.81    0.36    0.00    0.36   0.35  80.80
sde               0.00   957.00    0.00 2399.00     0.00 87400.00    72.86     0.85    0.35    0.00    0.35   0.35  83.20
sde               0.00   959.00    0.00 2439.00     0.00 86160.00    70.65     0.83    0.34    0.00    0.34   0.34  83.20
sde               0.00   913.00    0.00 2300.00     0.00 83252.00    72.39     0.88    0.38    0.00    0.38   0.38  86.80
sde               0.00   887.00    0.00 2259.00     0.00 79960.00    70.79     0.82    0.36    0.00    0.36   0.36  81.20
sde               0.00   932.00    0.00 2394.00     0.00 84344.00    70.46     0.91    0.38    0.00    0.38   0.37  89.60
sde               0.00   933.00    0.00 2332.00     0.00 85732.00    73.53     0.86    0.37    0.00    0.37   0.37  86.00
sde               0.00   916.00    0.00 2336.00     0.00 82616.00    70.73     0.85    0.37    0.00    0.37   0.36  84.80
sde               0.00   932.00    0.00 2333.00     0.00 84840.00    72.73     0.86    0.37    0.00    0.37   0.37  86.00
sde               0.00   886.00    0.00 2267.00     0.00 80120.00    70.68     0.85    0.38    0.00    0.38   0.38  85.20
sde               0.00   951.00    0.00 2390.00     0.00 86624.00    72.49     0.84    0.35    0.00    0.35   0.35  83.60
sde               0.00   898.00    0.00 2310.00     0.00 80284.00    69.51     0.86    0.37    0.00    0.37   0.37  84.80
sde               0.00   928.00    0.00 2335.00     0.00 84056.00    72.00     0.87    0.37    0.00    0.37   0.37  86.80
sde               0.00   900.00    0.00 2293.00     0.00 80888.00    70.55     0.80    0.35    0.00    0.35   0.35  80.00
sde               0.00   930.00    0.00 2377.00     0.00 83556.00    70.30     0.86    0.36    0.00    0.36   0.36  86.00
sde               0.00   907.00    0.00 2279.00     0.00 83176.00    72.99     0.84    0.37    0.00    0.37   0.37  83.60
sde               0.00   949.00    0.00 2405.00     0.00 85252.00    70.90     0.86    0.36    0.00    0.36   0.35  85.20
sde               0.00   901.00    0.00 2286.00     0.00 80712.00    70.61     0.90    0.40    0.00    0.40   0.39  88.40
sde               0.00   940.00    0.00 2421.00     0.00 84620.00    69.90     0.90    0.37    0.00    0.37   0.37  88.80
sde               0.00   902.00    0.00 2269.00     0.00 81464.00    71.81     0.84    0.37    0.00    0.37   0.37  84.00
sde               0.00   912.00    0.00 2347.00     0.00 82000.00    69.88     0.84    0.36    0.00    0.36   0.36  83.60
sde               0.00   882.00    0.00 2233.00     0.00 78968.00    70.73     0.80    0.36    0.00    0.36   0.36  80.00
sde               0.00   939.00    0.00 2364.00     0.00 85092.00    71.99     0.86    0.36    0.00    0.36   0.36  86.00
sde               0.00   930.00    0.00 2321.00     0.00 83392.00    71.86     0.88    0.38    0.00    0.38   0.38  87.60
sde               0.00   958.00    0.00 2408.00     0.00 86836.00    72.12     0.88    0.37    0.00    0.37   0.36  87.60
sde               0.00   911.00    0.00 2305.00     0.00 82500.00    71.58     0.87    0.38    0.00    0.38   0.37  86.40
sde               0.00   967.00    0.00 2424.00     0.00 87564.00    72.25     0.86    0.35    0.00    0.35   0.35  85.20
sde               0.00   915.00    0.00 2331.00     0.00 83492.00    71.64     0.88    0.38    0.00    0.38   0.38  88.00
sde               0.00   944.00    0.00 2373.00     0.00 85012.00    71.65     0.88    0.37    0.00    0.37   0.37  87.60
sde               0.00   912.00    0.00 2352.00     0.00 81240.00    69.08     0.83    0.36    0.00    0.36   0.35  83.20
sde               0.00   939.00    0.00 2336.00     0.00 85652.00    73.33     0.82    0.35    0.00    0.35   0.35  82.00
sde               0.00   893.00    0.00 2263.00     0.00 80772.00    71.38     0.84    0.37    0.00    0.37   0.37  84.00
sde               0.00   909.00    0.00 2317.00     0.00 82516.00    71.23     0.84    0.36    0.00    0.36   0.36  83.60
sde               0.00   925.00    0.00 2339.00     0.00 83424.00    71.33     0.85    0.36    0.00    0.36   0.36  84.40
sde               0.00   917.00    0.00 2323.00     0.00 82584.00    71.10     0.85    0.37    0.00    0.37   0.36  84.40
sde               0.00   945.00    0.00 2374.00     0.00 86552.00    72.92     0.85    0.36    0.00    0.36   0.36  85.20
sde               0.00   934.00    0.00 2366.00     0.00 85204.00    72.02     0.85    0.36    0.00    0.36   0.36  84.80
sde               0.00   929.00    0.00 2330.00     0.00 84820.00    72.81     0.86    0.37    0.00    0.37   0.37  86.00
sde               0.00   919.00    0.00 2348.00     0.00 82024.00    69.87     0.84    0.36    0.00    0.36   0.36  84.00
sde               0.00   933.00    0.00 2363.00     0.00 84172.00    71.24     0.86    0.37    0.00    0.37   0.37  86.40
sde               0.00   910.00    0.00 2307.00     0.00 82492.00    71.51     0.85    0.37    0.00    0.37   0.37  84.80
sde               0.00   917.00    0.00 2323.00     0.00 83324.00    71.74     0.87    0.37    0.00    0.37   0.37  85.60
sde               0.00   900.00    0.00 2264.00     0.00 82344.00    72.74     0.83    0.37    0.00    0.37   0.37  83.20
sde               0.00   887.00    0.00 2261.00     0.00 79964.00    70.73     0.85    0.38    0.00    0.38   0.38  84.80
sde               0.00   932.00    0.00 2338.00     0.00 84864.00    72.60     0.86    0.36    0.00    0.36   0.36  85.20
sde               0.00   867.00    0.00 2185.00     0.00 79788.00    73.03     0.85    0.39    0.00    0.39   0.39  84.40
sde               0.00   971.00    0.00 2461.00     0.00 87676.00    71.25     0.89    0.36    0.00    0.36   0.36  87.60
sde               0.00   963.00    0.00 2423.00     0.00 87656.00    72.35     0.89    0.37    0.00    0.37   0.37  88.80
sde               0.00   935.00    0.00 2365.00     0.00 85852.00    72.60     0.84    0.36    0.00    0.36   0.35  83.20
sde               0.00   933.00    0.00 2372.00     0.00 84324.00    71.10     0.91    0.38    0.00    0.38   0.38  90.00
sde               0.00   958.00    0.00 2432.00     0.00 86900.00    71.46     0.89    0.37    0.00    0.37   0.36  88.40
sde               0.00   942.00    0.00 2393.00     0.00 85188.00    71.20     0.90    0.37    0.00    0.37   0.37  89.20
sde               0.00   982.00    0.00 2478.00     0.00 89428.00    72.18     0.89    0.36    0.00    0.36   0.36  88.40
sde               0.00   982.00    0.00 2428.00     0.00 87616.00    72.17     0.90    0.37    0.00    0.37   0.37  88.80
sde               0.00   938.00    0.00 2315.00     0.00 87240.00    75.37     0.87    0.37    0.00    0.37   0.37  86.40
sde               0.00   933.00    0.00 2371.00     0.00 84312.00    71.12     0.86    0.36    0.00    0.36   0.36  85.20
sde               0.00   976.00    0.00 2446.00     0.00 89320.00    73.03     0.90    0.37    0.00    0.37   0.37  89.60
sde               0.00   923.00    0.00 2341.00     0.00 83432.00    71.28     0.88    0.37    0.00    0.37   0.37  87.20
sde               0.00   947.00    0.00 2390.00     0.00 86732.00    72.58     0.90    0.38    0.00    0.38   0.38  90.00
sde               0.00   983.00    0.00 2458.00     0.00 88488.00    72.00     0.87    0.35    0.00    0.35   0.35  86.00
sde               0.00   960.00    0.00 2474.00     0.00 86244.00    69.72     0.90    0.37    0.00    0.37   0.36  90.00
sde               0.00   953.00    0.00 2404.00     0.00 86036.00    71.58     0.86    0.36    0.00    0.36   0.36  85.60
sde               0.00   972.00    0.00 2480.00     0.00 87864.00    70.86     0.88    0.35    0.00    0.35   0.36  88.40
sde               0.00   954.00    0.00 2391.00     0.00 87532.00    73.22     0.86    0.36    0.00    0.36   0.36  85.60
sde               0.00   931.00    0.00 2366.00     0.00 84288.00    71.25     0.85    0.36    0.00    0.36   0.36  84.40
sde               0.00   964.00    0.00 2443.00     0.00 86832.00    71.09     0.85    0.35    0.00    0.35   0.35  85.20
sde               0.00   911.00    0.00 2275.00     0.00 83184.00    73.13     0.85    0.38    0.00    0.38   0.37  85.20
sde               0.00   915.00    0.00 2341.00     0.00 82616.00    70.58     0.83    0.36    0.00    0.36   0.36  83.20
sde               0.00   975.00    0.00 2480.00     0.00 87120.00    70.26     0.86    0.35    0.00    0.35   0.35  86.00
sde               0.00   905.00    0.00 2282.00     0.00 83164.00    72.89     0.86    0.38    0.00    0.38   0.38  86.00
sde               0.00   917.00    0.00 2324.00     0.00 83348.00    71.73     0.85    0.36    0.00    0.36   0.36  83.60
sde               0.00   928.00    0.00 2354.00     0.00 84240.00    71.57     0.83    0.35    0.00    0.35   0.35  82.40
sde               0.00   876.00    0.00 2226.00     0.00 79060.00    71.03     0.87    0.39    0.00    0.39   0.39  86.00
sde               0.00   932.00    0.00 2366.00     0.00 84288.00    71.25     0.86    0.36    0.00    0.36   0.36  84.80
sde               0.00   908.00    0.00 2299.00     0.00 83236.00    72.41     0.89    0.39    0.00    0.39   0.38  88.40
sde               0.00   931.00    0.00 2306.00     0.00 85520.00    74.17     0.80    0.35    0.00    0.35   0.35  79.60
sde               0.00   921.00    0.00 2343.00     0.00 83416.00    71.20     0.86    0.36    0.00    0.36   0.36  84.80
sde               0.00   900.00    0.00 2291.00     0.00 81644.00    71.27     0.86    0.38    0.00    0.38   0.37  85.20
sde               0.00   938.00    0.00 2375.00     0.00 85124.00    71.68     0.85    0.36    0.00    0.36   0.36  84.40
sde               0.00   939.00    0.00 2376.00     0.00 85896.00    72.30     0.86    0.36    0.00    0.36   0.36  85.60
sde               0.00   907.00    0.00 2289.00     0.00 81668.00    71.36     0.85    0.37    0.00    0.37   0.37  85.20
sde               0.00   916.00    0.00 2336.00     0.00 83380.00    71.39     0.86    0.37    0.00    0.37   0.36  85.20
sde               0.00   954.00    0.00 2359.00     0.00 87296.00    74.01     0.85    0.36    0.00    0.36   0.36  85.20
sde               0.00   910.00    0.00 2289.00     0.00 80932.00    70.71     0.84    0.37    0.00    0.37   0.37  83.60
sde               0.00   945.00    0.00 2392.00     0.00 85196.00    71.23     0.86    0.36    0.00    0.36   0.36  85.20
sde               0.00   951.00    0.00 2426.00     0.00 85336.00    70.35     0.86    0.36    0.00    0.36   0.36  86.40
sde               0.00   916.00    0.00 2319.00     0.00 82568.00    71.21     0.88    0.38    0.00    0.38   0.38  88.00
sde               0.00   917.00    0.00 2343.00     0.00 81872.00    69.89     0.77    0.33    0.00    0.33   0.33  77.20
sde               0.00   901.00    0.00 2309.00     0.00 81708.00    70.77     0.82    0.36    0.00    0.36   0.36  82.00
sde               0.00   882.00    0.00 2239.00     0.00 79884.00    71.36     0.83    0.37    0.00    0.37   0.37  82.40
