sde               0.00     0.92    0.00    1.70     0.00   119.86   140.84     0.01    4.02    1.91    4.02   0.40   0.07
sde               0.00     0.00    0.00    0.00     0.00     0.00     0.00     0.00    0.00    0.00    0.00   0.00   0.00
sde               0.00   594.00    0.00 1111.00     0.00 108476.00   195.28     0.62    0.55    0.00    0.55   0.39  42.80
sde               0.00   911.00    0.00 1699.00     0.00 168036.00   197.81     1.14    0.67    0.00    0.67   0.48  82.00
sde               0.00   799.00    0.00 1515.00     0.00 150364.00   198.50     1.10    0.73    0.00    0.73   0.52  78.40
sde               0.00   755.00    0.00 1393.00     0.00 139148.00   199.78     1.18    0.84    0.00    0.84   0.57  80.00
sde               0.00   775.00    0.00 1200.00     0.00 120944.00   201.57     1.24    1.03    0.00    1.03   0.68  82.00
sde               0.00   630.00    0.00  961.00     0.00 96088.00   199.98     1.39    1.45    0.00    1.45   0.93  89.20
sde               0.00   888.00    0.00 1365.00     0.00 136020.00   199.30     1.12    0.82    0.00    0.82   0.58  79.60
sde               0.00   931.00    0.00 1429.00     0.00 143004.00   200.15     1.04    0.73    0.00    0.73   0.53  75.60
sde               0.00  1018.00    0.00 1549.00     0.00 156756.00   202.40     1.10    0.71    0.00    0.71   0.51  78.40
sde               0.00   753.00    0.00 1009.00     0.00 113892.00   225.75     0.89    0.88    0.00    0.88   0.87  87.60
sde               0.00   817.00    0.00 1089.00     0.00 124380.00   228.43     0.90    0.83    0.00    0.83   0.82  89.60
sde               0.00   932.00    0.00 1291.00     0.00 142184.00   220.27     0.83    0.64    0.00    0.64   0.59  76.40
sde               0.00   960.00    0.00 1314.00     0.00 146248.00   222.60     0.92    0.70    0.00    0.70   0.68  88.80
sde               0.00   638.61    0.00  856.44     0.00 97623.76   227.98     0.93    1.09    0.00    1.09   1.04  88.71
sde               0.00   805.00    0.00 1109.00     0.00 121980.00   219.98     0.89    0.81    0.00    0.81   0.72  79.60
sde               0.00   925.00    0.00 1257.00     0.00 140580.00   223.68     0.81    0.65    0.00    0.65   0.62  77.60
sde               0.00   982.00    0.00 1320.00     0.00 149500.00   226.52     0.86    0.65    0.00    0.65   0.65  86.40
sde               0.00  1105.00    0.00 1493.00     0.00 167224.00   224.01     0.79    0.53    0.00    0.53   0.51  76.40
sde               0.00   993.00    0.00 1403.00     0.00 151900.00   216.54     0.90    0.64    0.00    0.64   0.56  78.80
sde               0.00   621.00    0.00  836.00     0.00 94588.00   226.29     0.88    1.05    0.00    1.05   1.04  86.80
sde               0.00   424.00    0.00  567.00     0.00 64612.00   227.91     0.88    1.54    0.00    1.54   1.56  88.40
sde               0.00   445.00    0.00  600.00     0.00 67868.00   226.23     0.90    1.51    0.00    1.51   1.48  88.80
sde               0.00   414.00    0.00  551.00     0.00 62220.00   225.84     0.91    1.65    0.00    1.65   1.62  89.20
sde               0.00   445.00    0.00  615.00     0.00 67852.00   220.66     0.98    1.60    0.00    1.60   1.44  88.40
sde               0.00   417.00    0.00  560.00     0.00 63024.00   225.09     0.89    1.57    0.00    1.57   1.56  87.60
sde               0.00   414.00    0.00  556.00     0.00 63008.00   226.65     0.92    1.66    0.00    1.66   1.65  92.00
sde               0.00   383.00    0.00  512.00     0.00 58152.00   227.16     0.92    1.80    0.00    1.80   1.79  91.60
sde               0.00   504.00    0.00  682.00     0.00 75992.00   222.85     0.89    1.31    0.00    1.31   1.29  88.00
sde               0.00   570.00    0.00  804.00     0.00 87292.00   217.14     1.00    1.24    0.00    1.24   1.08  86.80
sde               0.00   709.00    0.00  998.00     0.00 108224.00   216.88     0.95    0.95    0.00    0.95   0.83  82.40
sde               0.00   711.00    0.00  923.00     0.00 103632.00   224.55     0.88    0.96    0.00    0.96   0.92  85.20
sde               0.00   439.00    0.00  600.00     0.00 67044.00   223.48     0.91    1.51    0.00    1.51   1.44  86.40
sde               0.00   418.00    0.00  577.00     0.00 63812.00   221.19     0.94    1.62    0.00    1.62   1.54  88.80
sde               0.00   384.00    0.00  524.00     0.00 58160.00   221.98     1.00    1.92    0.00    1.92   1.78  93.20
sde               0.00   704.00    0.00 1027.00     0.00 108284.00   210.87     1.07    1.04    0.00    1.04   0.82  84.00
sde               0.00   879.00    0.00 1267.00     0.00 134132.00   211.73     1.01    0.80    0.00    0.80   0.65  82.00
sde               0.00   838.00    0.00 1199.00     0.00 127652.00   212.93     0.93    0.77    0.00    0.77   0.67  80.00
sde               0.00   806.00    0.00 1132.00     0.00 122776.00   216.92     0.91    0.80    0.00    0.80   0.71  80.80
sde               0.00   807.00    0.00 1124.00     0.00 122780.00   218.47     0.91    0.81    0.00    0.81   0.72  80.40
sde               0.00   960.00    0.00 1380.00     0.00 146260.00   211.97     0.98    0.71    0.00    0.71   0.56  77.20
sde               0.00  1087.00    0.00 1535.00     0.00 166420.00   216.83     0.88    0.56    0.00    0.56   0.50  76.40
sde               0.00   923.00    0.00 1320.00     0.00 140624.00   213.07     0.95    0.73    0.00    0.73   0.62  81.20
sde               0.00  1005.00    0.00 1408.00     0.00 152612.00   216.78     0.88    0.63    0.00    0.63   0.54  76.40
sde               0.00   897.00    0.00 1264.00     0.00 137444.00   217.47     0.89    0.70    0.00    0.70   0.60  76.40
sde               0.00   817.00    0.00 1088.00     0.00 123604.00   227.21     0.80    0.74    0.00    0.74   0.74  80.40
sde               0.00   964.00    0.00 1287.00     0.00 146256.00   227.28     0.84    0.65    0.00    0.65   0.65  84.00
sde               0.00   789.00    0.00 1050.00     0.00 119540.00   227.70     0.81    0.78    0.00    0.78   0.77  80.40
sde               0.00   997.00    0.00 1344.00     0.00 151920.00   226.07     0.75    0.56    0.00    0.56   0.55  74.00
sde               0.00  1021.00    0.00 1358.00     0.00 154216.00   227.12     0.77    0.56    0.00    0.56   0.56  76.40
sde               0.00   946.00    0.00 1280.00     0.00 143872.00   224.80     0.82    0.64    0.00    0.64   0.63  81.20
sde               0.00   744.00    0.00 1005.00     0.00 113984.00   226.83     0.87    0.87    0.00    0.87   0.86  86.40
sde               0.00   897.00    0.00 1207.00     0.00 136552.00   226.27     0.86    0.71    0.00    0.71   0.71  85.60
sde               0.00   806.00    0.00 1077.00     0.00 121992.00   226.54     0.81    0.75    0.00    0.75   0.75  81.20
sde               0.00   925.00    0.00 1243.00     0.00 140596.00   226.22     0.85    0.68    0.00    0.68   0.68  84.80
sde               0.00   814.00    0.00 1089.00     0.00 122820.00   225.56     0.87    0.80    0.00    0.80   0.80  86.80
sde               0.00   897.00    0.00 1204.00     0.00 136532.00   226.80     0.84    0.70    0.00    0.70   0.70  84.00
sde               0.00  1074.00    0.00 1448.00     0.00 163276.00   225.52     0.79    0.54    0.00    0.54   0.54  78.80
sde               0.00   994.00    0.00 1333.00     0.00 151092.00   226.69     0.80    0.60    0.00    0.60   0.60  80.00
sde               0.00   892.00    0.00 1202.00     0.00 135760.00   225.89     0.80    0.67    0.00    0.67   0.66  79.60
sde               0.00   669.00    0.00  896.00     0.00 100964.00   225.37     0.84    0.94    0.00    0.94   0.94  84.00
sde               0.00   882.00    0.00 1147.00     0.00 128652.00   224.33     0.82    0.71    0.00    0.71   0.71  81.20
sde               0.00   959.00    0.00 1279.00     0.00 145440.00   227.43     0.79    0.62    0.00    0.62   0.62  78.80
sde               0.00   790.00    0.00 1050.00     0.00 120288.00   229.12     0.85    0.81    0.00    0.81   0.81  84.80
sde               0.00   840.00    0.00 1127.00     0.00 127796.00   226.79     0.81    0.71    0.00    0.71   0.71  80.00
sde               0.00  1017.00    0.00 1352.00     0.00 153432.00   226.97     0.76    0.57    0.00    0.57   0.56  75.60
sde               0.00   769.00    0.00 1032.00     0.00 118004.00   228.69     0.88    0.85    0.00    0.85   0.85  88.00
sde               0.00  1020.00    0.00 1360.00     0.00 154236.00   226.82     0.75    0.55    0.00    0.55   0.54  74.00
sde               0.00   960.00    0.00 1280.00     0.00 145444.00   227.26     0.77    0.61    0.00    0.61   0.60  76.40
sde               0.00   960.00    0.00 1282.00     0.00 146228.00   228.12     0.76    0.59    0.00    0.59   0.59  75.60
sde               0.00  1033.00    0.00 1380.00     0.00 156780.00   227.22     0.74    0.53    0.00    0.53   0.53  73.60
sde               0.00  1142.00    0.00 1528.00     0.00 173640.00   227.28     0.76    0.50    0.00    0.50   0.49  74.80
sde               0.00  1230.00    0.00 1636.00     0.00 186708.00   228.25     0.72    0.44    0.00    0.44   0.44  72.00
sde               0.00  1007.00    0.00 1346.00     0.00 153512.00   228.10     0.86    0.64    0.00    0.64   0.64  85.60
sde               0.00  1165.00    0.00 1549.00     0.00 176884.00   228.38     0.84    0.54    0.00    0.54   0.54  83.60
sde               0.00  1247.00    0.00 1667.00     0.00 189800.00   227.71     0.81    0.48    0.00    0.48   0.48  80.80
sde               0.00  1098.00    0.00 1483.00     0.00 167340.00   225.68     0.79    0.54    0.00    0.54   0.53  79.20
sde               0.00  1168.00    0.00 1564.00     0.00 176912.00   226.23     0.76    0.49    0.00    0.49   0.48  75.60
sde               0.00  1158.00    0.00 1566.00     0.00 177008.00   226.06     0.79    0.51    0.00    0.51   0.50  78.40
sde               0.00   926.00    0.00 1234.00     0.00 140592.00   227.86     0.81    0.66    0.00    0.66   0.65  80.40
sde               0.00  1130.00    0.00 1512.00     0.00 171240.00   226.51     0.75    0.49    0.00    0.49   0.49  74.00
sde               0.00  1163.00    0.00 1565.00     0.00 177024.00   226.23     0.72    0.46    0.00    0.46   0.46  72.00
sde               0.00  1119.00    0.00 1499.00     0.00 169632.00   226.33     0.75    0.50    0.00    0.50   0.49  74.00
sde               0.00  1114.00    0.00 1500.00     0.00 170500.00   227.33     0.78    0.52    0.00    0.52   0.51  77.20
sde               0.00  1196.00    0.00 1602.00     0.00 180976.00   225.94     0.64    0.40    0.00    0.40   0.40  63.60
sde               0.00  1196.00    0.00 1596.00     0.00 180952.00   226.76     0.85    0.53    0.00    0.53   0.53  84.80
sde               0.00  1259.00    0.00 1690.00     0.00 192372.00   227.66     0.90    0.53    0.00    0.53   0.53  90.40
sde               0.00  1173.00    0.00 1572.00     0.00 178496.00   227.09     0.87    0.55    0.00    0.55   0.55  86.40
sde               0.00  1154.00    0.00 1546.00     0.00 175400.00   226.91     0.77    0.50    0.00    0.50   0.50  76.80
sde               0.00  1219.00    0.00 1629.00     0.00 184964.00   227.09     0.81    0.50    0.00    0.50   0.49  80.40
sde               0.00  1177.00    0.00 1581.00     0.00 177780.00   224.90     0.78    0.49    0.00    0.49   0.49  77.60
sde               0.00  1308.00    0.00 1711.00     0.00 194044.00   226.82     0.86    0.50    0.00    0.50   0.50  84.80
sde               0.00  1168.00    0.00 1556.00     0.00 177792.00   228.52     0.78    0.49    0.00    0.49   0.49  76.80
sde               0.00  1171.00    0.00 1562.00     0.00 176912.00   226.52     0.77    0.50    0.00    0.50   0.49  76.40
sde               0.00  1168.00    0.00 1559.00     0.00 177796.00   228.09     0.76    0.49    0.00    0.49   0.48  74.80
sde               0.00  1256.00    0.00 1669.00     0.00 190632.00   228.44     0.80    0.48    0.00    0.48   0.48  80.00
sde               0.00  1087.00    0.00 1454.00     0.00 165660.00   227.87     0.76    0.52    0.00    0.52   0.52  76.00
sde               0.00  1161.00    0.00 1543.00     0.00 176056.00   228.20     0.74    0.48    0.00    0.48   0.47  73.20
sde               0.00  1128.00    0.00 1512.00     0.00 172136.00   227.69     0.76    0.50    0.00    0.50   0.50  76.00
sde               0.00  1177.00    0.00 1567.00     0.00 178488.00   227.81     0.74    0.47    0.00    0.47   0.47  74.00
sde               0.00  1211.00    0.00 1616.00     0.00 183384.00   226.96     0.79    0.49    0.00    0.49   0.49  78.80
sde               0.00  1221.00    0.00 1626.00     0.00 185888.00   228.64     0.78    0.48    0.00    0.48   0.48  78.40
sde               0.00  1119.00    0.00 1493.00     0.00 169600.00   227.19     0.72    0.48    0.00    0.48   0.48  72.00
sde               0.00  1152.00    0.00 1542.00     0.00 175384.00   227.48     0.78    0.51    0.00    0.51   0.51  78.00
sde               0.00  1229.00    0.00 1645.00     0.00 186604.00   226.87     0.77    0.47    0.00    0.47   0.46  76.40
sde               0.00  1183.00    0.00 1589.00     0.00 179348.00   225.74     0.78    0.49    0.00    0.49   0.49  77.60
sde               0.00  1197.00    0.00 1612.00     0.00 182676.00   226.65     0.81    0.50    0.00    0.50   0.49  79.60
sde               0.00  1110.00    0.00 1483.00     0.00 168008.00   226.58     0.76    0.51    0.00    0.51   0.51  76.00
sde               0.00  1172.00    0.00 1577.00     0.00 178620.00   226.53     0.77    0.49    0.00    0.49   0.48  76.40
sde               0.00  1166.00    0.00 1563.00     0.00 176912.00   226.37     0.81    0.52    0.00    0.52   0.51  80.40
sde               0.00  1164.00    0.00 1559.00     0.00 177784.00   228.07     0.84    0.54    0.00    0.54   0.54  83.60
sde               0.00  1139.00    0.00 1526.00     0.00 172084.00   225.54     0.70    0.46    0.00    0.46   0.46  69.60
sde               0.00  1259.00    0.00 1686.00     0.00 191476.00   227.14     0.79    0.47    0.00    0.47   0.47  78.40
sde               0.00  1170.00    0.00 1571.00     0.00 178604.00   227.38     0.79    0.50    0.00    0.50   0.50  78.40
sde               0.00  1151.00    0.00 1538.00     0.00 173692.00   225.87     0.76    0.49    0.00    0.49   0.49  76.00
sde               0.00  1179.00    0.00 1583.00     0.00 179440.00   226.71     0.77    0.49    0.00    0.49   0.48  76.40
sde               0.00  1140.00    0.00 1522.00     0.00 172068.00   226.11     0.75    0.50    0.00    0.50   0.49  74.40
sde               0.00  1127.00    0.00 1517.00     0.00 172144.00   226.95     0.76    0.50    0.00    0.50   0.50  75.20
sde               0.00  1137.00    0.00 1519.00     0.00 172060.00   226.54     0.81    0.53    0.00    0.53   0.53  80.40
sde               0.00  1155.00    0.00 1549.00     0.00 176168.00   227.46     0.74    0.48    0.00    0.48   0.47  73.20
sde               0.00  1114.00    0.00 1495.00     0.00 168828.00   225.86     0.82    0.55    0.00    0.55   0.55  81.60
sde               0.00  1168.00    0.00 1523.00     0.00 172336.00   226.31     0.74    0.49    0.00    0.49   0.49  74.40
sde               0.00  1141.00    0.00 1524.00     0.00 172860.00   226.85     0.74    0.48    0.00    0.48   0.48  73.20
sde               0.00  1176.00    0.00 1568.00     0.00 179396.00   228.82     0.75    0.48    0.00    0.48   0.48  74.80
sde               0.00  1124.00    0.00 1494.00     0.00 170412.00   228.13     0.78    0.52    0.00    0.52   0.52  77.60
sde               0.00  1185.00    0.00 1581.00     0.00 180116.00   227.85     0.77    0.49    0.00    0.49   0.49  76.80
sde               0.00  1238.00    0.00 1643.00     0.00 188308.00   229.22     0.73    0.45    0.00    0.45   0.44  72.80
sde               0.00  1176.00    0.00 1570.00     0.00 178508.00   227.40     0.74    0.47    0.00    0.47   0.47  73.20
sde               0.00  1107.00    0.00 1480.00     0.00 168880.00   228.22     0.75    0.51    0.00    0.51   0.51  74.80
sde               0.00  1160.00    0.00 1536.00     0.00 175272.00   228.22     0.74    0.47    0.00    0.47   0.48  74.40
sde               0.00  1144.00    0.00 1528.00     0.00 173772.00   227.45     0.73    0.49    0.00    0.49   0.47  72.40
sde               0.00  1145.00    0.00 1528.00     0.00 173648.00   227.29     0.77    0.51    0.00    0.51   0.50  76.40
sde               0.00  1120.00    0.00 1499.00     0.00 171296.00   228.55     0.74    0.49    0.00    0.49   0.49  73.60
sde               0.00  1181.00    0.00 1577.00     0.00 179296.00   227.39     0.76    0.48    0.00    0.48   0.48  75.20
sde               0.00  1108.00    0.00 1486.00     0.00 168144.00   226.30     0.76    0.51    0.00    0.51   0.51  76.40
sde               0.00  1075.00    0.00 1435.00     0.00 162348.00   226.27     0.72    0.50    0.00    0.50   0.50  71.60
sde               0.00  1149.00    0.00 1537.00     0.00 174576.00   227.16     0.71    0.46    0.00    0.46   0.46  70.00
sde               0.00  1087.00    0.00 1454.00     0.00 164760.00   226.63     0.71    0.49    0.00    0.49   0.48  70.40
sde               0.00  1188.00    0.00 1592.00     0.00 180276.00   226.48     0.76    0.48    0.00    0.48   0.48  76.40
sde               0.00  1116.00    0.00 1492.00     0.00 168824.00   226.31     0.74    0.50    0.00    0.50   0.50  74.40
sde               0.00  1118.00    0.00 1505.00     0.00 171300.00   227.64     0.74    0.49    0.00    0.49   0.49  73.20
sde               0.00  1172.00    0.00 1569.00     0.00 176948.00   225.56     0.75    0.48    0.00    0.48   0.47  74.40
sde               0.00  1127.00    0.00 1515.00     0.00 171356.00   226.21     0.76    0.50    0.00    0.50   0.49  74.80
sde               0.00  1156.00    0.00 1553.00     0.00 175300.00   225.76     0.79    0.51    0.00    0.51   0.51  78.80
sde               0.00  1114.00    0.00 1495.00     0.00 170468.00   228.05     0.75    0.49    0.00    0.49   0.50  74.40
sde               0.00  1076.00    0.00 1466.00     0.00 164748.00   224.76     0.75    0.52    0.00    0.52   0.50  74.00
