sde               0.00     0.79    0.00    1.42     0.00   109.13   154.02     0.01    4.76    1.91    4.76   0.41   0.06
sde               0.00     0.00    0.00    0.00     0.00     0.00     0.00     0.00    0.00    0.00    0.00   0.00   0.00
sde               0.00   625.00    0.00 1436.00     0.00 56992.00    79.38     0.48    0.34    0.00    0.34   0.33  48.00
sde               0.00  1012.00    0.00 2393.00     0.00 95380.00    79.72     0.89    0.37    0.00    0.37   0.37  88.80
sde               0.00   940.00    0.00 2387.00     0.00 83296.00    69.79     0.85    0.36    0.00    0.36   0.35  84.00
sde               0.00   994.00    0.00 2433.00     0.00 90164.00    74.12     0.86    0.35    0.00    0.35   0.34  83.60
sde               0.00   915.00    0.00 2363.00     0.00 79176.00    67.01     0.88    0.37    0.00    0.37   0.37  87.60
sde               0.00  1007.00    0.00 2454.00     0.00 91296.00    74.41     0.85    0.35    0.00    0.35   0.34  83.60
sde               0.00   976.00    0.00 2507.00     0.00 84976.00    67.79     0.86    0.34    0.00    0.34   0.34  86.40
sde               0.00  1092.00    0.00 2321.00     0.00 90752.00    78.20     0.84    0.36    0.00    0.36   0.36  82.80
sde               0.00  1109.00    0.00 2455.00     0.00 83056.00    67.66     0.86    0.35    0.00    0.35   0.35  85.20
sde               0.00  1046.00    0.00 2377.00     0.00 79256.00    66.69     0.82    0.34    0.00    0.34   0.34  81.20
sde               0.00  1082.00    0.00 2418.00     0.00 81276.00    67.23     0.88    0.36    0.00    0.36   0.36  87.20
sde               0.00  1056.00    0.00 2410.00     0.00 79904.00    66.31     0.86    0.36    0.00    0.36   0.36  86.40
sde               0.00  1121.00    0.00 2508.00     0.00 83768.00    66.80     0.82    0.33    0.00    0.33   0.33  82.00
sde               0.00  1100.00    0.00 2495.00     0.00 83392.00    66.85     0.85    0.34    0.00    0.34   0.34  84.80
sde               0.00  1085.00    0.00 2437.00     0.00 80860.00    66.36     0.84    0.34    0.00    0.34   0.34  83.20
sde               0.00  1104.00    0.00 2546.00     0.00 82532.00    64.83     0.92    0.36    0.00    0.36   0.36  90.80
sde               0.00  1113.00    0.00 2482.00     0.00 83156.00    67.01     0.85    0.34    0.00    0.34   0.34  84.80
sde               0.00  1096.00    0.00 2508.00     0.00 82396.00    65.71     0.90    0.36    0.00    0.36   0.36  90.00
sde               0.00  1063.00    0.00 2333.00     0.00 80968.00    69.41     0.83    0.35    0.00    0.35   0.35  82.80
sde               0.00  1078.00    0.00 2450.00     0.00 81632.00    66.64     0.86    0.35    0.00    0.35   0.35  85.60
sde               0.00  1110.00    0.00 2468.00     0.00 84116.00    68.17     0.84    0.34    0.00    0.34   0.34  83.60
sde               0.00  1134.00    0.00 2526.00     0.00 84384.00    66.81     0.87    0.35    0.00    0.35   0.34  86.80
sde               0.00  1046.00    0.00 2386.00     0.00 79276.00    66.45     0.78    0.33    0.00    0.33   0.32  77.20
sde               0.00  1091.00    0.00 2449.00     0.00 81440.00    66.51     0.87    0.36    0.00    0.36   0.35  86.80
sde               0.00  1087.00    0.00 2469.00     0.00 82752.00    67.03     0.86    0.35    0.00    0.35   0.35  86.40
sde               0.00  1145.00    0.00 2536.00     0.00 85988.00    67.81     0.88    0.35    0.00    0.35   0.34  87.20
sde               0.00  1118.00    0.00 2551.00     0.00 84656.00    66.37     0.86    0.34    0.00    0.34   0.34  86.00
sde               0.00  1101.00    0.00 2443.00     0.00 82968.00    67.92     0.85    0.35    0.00    0.35   0.35  84.80
sde               0.00  1100.00    0.00 2534.00     0.00 81996.00    64.72     0.84    0.33    0.00    0.33   0.33  84.40
sde               0.00  1132.00    0.00 2518.00     0.00 84872.00    67.41     0.87    0.35    0.00    0.35   0.35  87.20
sde               0.00  1088.00    0.00 2470.00     0.00 80724.00    65.36     0.87    0.35    0.00    0.35   0.35  86.80
sde               0.00  1072.00    0.00 2397.00     0.00 80184.00    66.90     0.86    0.36    0.00    0.36   0.36  85.60
sde               0.00  1151.00    0.00 2596.00     0.00 85816.00    66.11     0.87    0.34    0.00    0.34   0.34  87.20
sde               0.00  1110.00    0.00 2469.00     0.00 84248.00    68.24     0.88    0.36    0.00    0.36   0.35  87.60
sde               0.00  1084.00    0.00 2435.00     0.00 80352.00    66.00     0.84    0.35    0.00    0.35   0.35  84.40
sde               0.00  1030.00    0.00 2352.00     0.00 77580.00    65.97     0.82    0.35    0.00    0.35   0.35  81.60
sde               0.00  1119.00    0.00 2495.00     0.00 83716.00    67.11     0.84    0.34    0.00    0.34   0.34  83.60
sde               0.00  1060.00    0.00 2409.00     0.00 79920.00    66.35     0.82    0.34    0.00    0.34   0.34  81.60
sde               0.00  1054.00    0.00 2370.00     0.00 78496.00    66.24     0.88    0.37    0.00    0.37   0.37  87.60
sde               0.00  1065.00    0.00 2417.00     0.00 80472.00    66.59     0.82    0.34    0.00    0.34   0.34  81.60
sde               0.00  1057.00    0.00 2335.00     0.00 79932.00    68.46     0.87    0.37    0.00    0.37   0.37  87.20
sde               0.00  1055.00    0.00 2419.00     0.00 79412.00    65.66     0.89    0.37    0.00    0.37   0.37  88.40
sde               0.00  1097.00    0.00 2420.00     0.00 82908.00    68.52     0.89    0.37    0.00    0.37   0.37  88.80
sde               0.00  1079.00    0.00 2475.00     0.00 81204.00    65.62     0.87    0.35    0.00    0.35   0.35  87.20
sde               0.00  1084.00    0.00 2408.00     0.00 80780.00    67.09     0.82    0.34    0.00    0.34   0.34  82.00
sde               0.00   990.00    0.00 2275.00     0.00 74120.00    65.16     0.87    0.38    0.00    0.38   0.38  86.80
sde               0.00  1118.00    0.00 2523.00     0.00 83292.00    66.03     0.88    0.35    0.00    0.35   0.35  88.40
sde               0.00  1065.00    0.00 2458.00     0.00 79568.00    64.74     0.88    0.36    0.00    0.36   0.36  88.40
sde               0.00  1069.00    0.00 2374.00     0.00 80608.00    67.91     0.85    0.36    0.00    0.36   0.36  84.80
sde               0.00  1124.00    0.00 2566.00     0.00 84724.00    66.04     0.85    0.33    0.00    0.33   0.33  85.20
sde               0.00  1037.00    0.00 2322.00     0.00 77268.00    66.55     0.86    0.37    0.00    0.37   0.37  85.20
sde               0.00  1105.00    0.00 2450.00     0.00 83024.00    67.77     0.83    0.34    0.00    0.34   0.34  83.20
sde               0.00  1059.00    0.00 2426.00     0.00 79960.00    65.92     0.84    0.35    0.00    0.35   0.34  83.60
sde               0.00  1041.00    0.00 2323.00     0.00 78304.00    67.42     0.86    0.37    0.00    0.37   0.37  85.60
sde               0.00  1074.00    0.00 2463.00     0.00 81148.00    65.89     0.86    0.35    0.00    0.35   0.35  85.60
sde               0.00  1069.00    0.00 2398.00     0.00 79152.00    66.02     0.84    0.35    0.00    0.35   0.35  84.00
sde               0.00  1125.00    0.00 2565.00     0.00 84724.00    66.06     0.88    0.34    0.00    0.34   0.34  87.60
sde               0.00  1102.00    0.00 2472.00     0.00 82060.00    66.39     0.84    0.34    0.00    0.34   0.34  84.00
sde               0.00  1033.00    0.00 2355.00     0.00 78112.00    66.34     0.86    0.36    0.00    0.36   0.36  85.60
sde               0.00  1089.00    0.00 2413.00     0.00 81832.00    67.83     0.84    0.35    0.00    0.35   0.35  83.60
sde               0.00  1022.00    0.00 2308.00     0.00 75368.00    65.31     0.86    0.37    0.00    0.37   0.37  86.00
sde               0.00  1065.00    0.00 2379.00     0.00 79588.00    66.91     0.81    0.34    0.00    0.34   0.34  80.80
sde               0.00  1091.00    0.00 2493.00     0.00 82336.00    66.05     0.88    0.35    0.00    0.35   0.35  87.60
sde               0.00  1067.00    0.00 2345.00     0.00 80516.00    68.67     0.85    0.36    0.00    0.36   0.36  84.80
sde               0.00  1062.00    0.00 2381.00     0.00 80860.00    67.92     0.89    0.37    0.00    0.37   0.37  88.40
sde               0.00  1062.00    0.00 2379.00     0.00 79064.00    66.47     0.79    0.33    0.00    0.33   0.33  78.80
sde               0.00  1117.00    0.00 2541.00     0.00 84112.00    66.20     0.83    0.33    0.00    0.33   0.33  83.20
sde               0.00  1069.00    0.00 2377.00     0.00 80620.00    67.83     0.82    0.34    0.00    0.34   0.34  81.60
sde               0.00  1066.00    0.00 2427.00     0.00 79988.00    65.92     0.81    0.33    0.00    0.33   0.33  81.20
sde               0.00  1077.00    0.00 2390.00     0.00 80688.00    67.52     0.84    0.35    0.00    0.35   0.35  83.60
sde               0.00  1064.00    0.00 2388.00     0.00 79096.00    66.24     0.88    0.37    0.00    0.37   0.37  87.20
sde               0.00  1105.00    0.00 2515.00     0.00 83984.00    66.79     0.88    0.35    0.00    0.35   0.35  87.60
sde               0.00  1096.00    0.00 2436.00     0.00 82440.00    67.68     0.88    0.36    0.00    0.36   0.36  88.00
sde               0.00  1083.00    0.00 2488.00     0.00 81268.00    65.33     0.87    0.35    0.00    0.35   0.35  86.80
sde               0.00  1089.00    0.00 2430.00     0.00 80852.00    66.54     0.86    0.36    0.00    0.36   0.36  86.40
sde               0.00  1045.00    0.00 2393.00     0.00 78780.00    65.84     0.85    0.35    0.00    0.35   0.35  84.80
sde               0.00  1059.00    0.00 2364.00     0.00 79012.00    66.85     0.84    0.36    0.00    0.36   0.36  84.00
sde               0.00  1032.00    0.00 2369.00     0.00 77636.00    65.54     0.87    0.37    0.00    0.37   0.37  87.20
sde               0.00  1107.00    0.00 2486.00     0.00 82116.00    66.06     0.83    0.33    0.00    0.33   0.33  82.80
sde               0.00  1023.00    0.00 2346.00     0.00 77024.00    65.66     0.81    0.35    0.00    0.35   0.35  81.20
sde               0.00  1116.00    0.00 2489.00     0.00 83696.00    67.25     0.86    0.34    0.00    0.34   0.34  84.80
sde               0.00  1054.00    0.00 2397.00     0.00 79344.00    66.20     0.85    0.36    0.00    0.36   0.36  85.20
sde               0.00  1085.00    0.00 2437.00     0.00 80868.00    66.37     0.87    0.36    0.00    0.36   0.35  86.40
sde               0.00  1042.00    0.00 2359.00     0.00 78664.00    66.69     0.86    0.36    0.00    0.36   0.36  86.00
sde               0.00  1062.00    0.00 2371.00     0.00 80064.00    67.54     0.89    0.38    0.00    0.38   0.38  89.20
sde               0.00  1063.00    0.00 2437.00     0.00 79500.00    65.24     0.85    0.35    0.00    0.35   0.35  84.80
sde               0.00  1027.00    0.00 2302.00     0.00 76652.00    66.60     0.84    0.36    0.00    0.36   0.36  83.60
sde               0.00  1062.00    0.00 2421.00     0.00 79956.00    66.05     0.84    0.35    0.00    0.35   0.34  83.20
sde               0.00  1071.00    0.00 2412.00     0.00 80220.00    66.52     0.85    0.35    0.00    0.35   0.35  84.80
sde               0.00  1098.00    0.00 2456.00     0.00 80972.00    65.94     0.91    0.37    0.00    0.37   0.37  90.40
sde               0.00  1082.00    0.00 2425.00     0.00 81080.00    66.87     0.86    0.36    0.00    0.36   0.35  86.00
sde               0.00  1107.00    0.00 2468.00     0.00 82580.00    66.92     0.85    0.35    0.00    0.35   0.35  85.20
sde               0.00  1067.00    0.00 2423.00     0.00 81008.00    66.87     0.82    0.34    0.00    0.34   0.34  82.00
sde               0.00  1094.06    0.00 2454.46     0.00 80768.32    65.81     0.86    0.35    0.00    0.35   0.35  85.94
sde               0.00  1028.00    0.00 2324.00     0.00 78004.00    67.13     0.84    0.36    0.00    0.36   0.36  84.40
sde               0.00  1052.00    0.00 2374.00     0.00 77988.00    65.70     0.78    0.33    0.00    0.33   0.33  78.00
sde               0.00  1019.00    0.00 2312.00     0.00 76904.00    66.53     0.85    0.37    0.00    0.37   0.37  84.40
sde               0.00  1085.00    0.00 2411.00     0.00 81292.00    67.43     0.82    0.34    0.00    0.34   0.34  81.60
sde               0.00  1074.00    0.00 2460.00     0.00 80636.00    65.56     0.90    0.37    0.00    0.37   0.37  90.00
sde               0.00  1051.00    0.00 2352.00     0.00 78436.00    66.70     0.84    0.36    0.00    0.36   0.36  84.00
sde               0.00  1075.00    0.00 2458.00     0.00 80628.00    65.60     0.83    0.34    0.00    0.34   0.34  82.80
sde               0.00  1126.00    0.00 2526.00     0.00 83848.00    66.39     0.89    0.35    0.00    0.35   0.35  89.20
sde               0.00  1069.00    0.00 2455.00     0.00 79576.00    64.83     0.82    0.33    0.00    0.33   0.33  81.20
sde               0.00  1085.00    0.00 2451.00     0.00 80408.00    65.61     0.84    0.34    0.00    0.34   0.34  83.60
sde               0.00  1078.00    0.00 2477.00     0.00 80692.00    65.15     0.89    0.36    0.00    0.36   0.36  88.40
sde               0.00  1085.00    0.00 2441.00     0.00 80876.00    66.26     0.85    0.35    0.00    0.35   0.35  84.80
sde               0.00  1073.00    0.00 2412.00     0.00 82016.00    68.01     0.78    0.33    0.00    0.33   0.32  78.00
sde               0.00  1050.00    0.00 2367.00     0.00 78472.00    66.31     0.85    0.36    0.00    0.36   0.36  84.80
sde               0.00  1012.00    0.00 2302.00     0.00 75820.00    65.87     0.80    0.35    0.00    0.35   0.35  79.60
sde               0.00  1050.00    0.00 2338.00     0.00 78872.00    67.47     0.82    0.35    0.00    0.35   0.35  81.20
sde               0.00  1037.00    0.00 2349.00     0.00 77108.00    65.65     0.86    0.37    0.00    0.37   0.36  85.60
sde               0.00  1069.00    0.00 2407.00     0.00 80204.00    66.64     0.85    0.35    0.00    0.35   0.35  85.20
sde               0.00  1092.00    0.00 2426.00     0.00 81880.00    67.50     0.83    0.34    0.00    0.34   0.34  82.80
sde               0.00  1028.00    0.00 2363.00     0.00 77088.00    65.25     0.80    0.34    0.00    0.34   0.34  80.00
sde               0.00  1087.00    0.00 2417.00     0.00 81832.00    67.71     0.81    0.33    0.00    0.33   0.33  80.80
sde               0.00  1029.00    0.00 2360.00     0.00 77596.00    65.76     0.79    0.34    0.00    0.34   0.33  78.80
sde               0.00  1011.00    0.00 2249.00     0.00 75384.00    67.04     0.79    0.35    0.00    0.35   0.35  78.80
sde               0.00  1071.00    0.00 2417.00     0.00 82020.00    67.87     0.85    0.35    0.00    0.35   0.35  85.20
sde               0.00  1061.00    0.00 2356.00     0.00 79492.00    67.48     0.84    0.35    0.00    0.35   0.35  83.60
sde               0.00   995.00    0.00 2296.00     0.00 74204.00    64.64     0.82    0.36    0.00    0.36   0.36  81.60
sde               0.00  1074.00    0.00 2357.00     0.00 79568.00    67.52     0.82    0.35    0.00    0.35   0.35  82.40
sde               0.00  1065.00    0.00 2420.00     0.00 80476.00    66.51     0.83    0.34    0.00    0.34   0.34  82.80
sde               0.00  1058.00    0.00 2350.00     0.00 79476.00    67.64     0.82    0.35    0.00    0.35   0.35  81.60
sde               0.00  1070.00    0.00 2392.00     0.00 81944.00    68.52     0.84    0.35    0.00    0.35   0.35  84.40
sde               0.00  1034.00    0.00 2296.00     0.00 77652.00    67.64     0.83    0.36    0.00    0.36   0.36  82.00
sde               0.00  1061.00    0.00 2414.00     0.00 79932.00    66.22     0.85    0.35    0.00    0.35   0.35  84.80
sde               0.00  1091.00    0.00 2439.00     0.00 81384.00    66.74     0.85    0.35    0.00    0.35   0.35  84.40
sde               0.00  1042.00    0.00 2353.00     0.00 79168.00    67.29     0.84    0.36    0.00    0.36   0.36  83.60
sde               0.00  1098.00    0.00 2448.00     0.00 82464.00    67.37     0.85    0.35    0.00    0.35   0.34  84.00
sde               0.00  1039.00    0.00 2361.00     0.00 78156.00    66.21     0.80    0.34    0.00    0.34   0.34  80.00
sde               0.00  1076.00    0.00 2397.00     0.00 81216.00    67.76     0.90    0.38    0.00    0.38   0.37  89.60
sde               0.00  1064.00    0.00 2422.00     0.00 79964.00    66.03     0.76    0.32    0.00    0.32   0.31  76.00
sde               0.00  1033.00    0.00 2320.00     0.00 77216.00    66.57     0.82    0.35    0.00    0.35   0.35  81.20
sde               0.00  1074.00    0.00 2434.00     0.00 80428.00    66.09     0.85    0.35    0.00    0.35   0.35  85.20
sde               0.00  1073.00    0.00 2406.00     0.00 80848.00    67.21     0.84    0.35    0.00    0.35   0.35  83.20
sde               0.00  1024.00    0.00 2302.00     0.00 76260.00    66.26     0.82    0.36    0.00    0.36   0.36  82.40
sde               0.00  1093.00    0.00 2489.00     0.00 82200.00    66.05     0.87    0.35    0.00    0.35   0.35  86.40
sde               0.00  1103.00    0.00 2448.00     0.00 83012.00    67.82     0.84    0.34    0.00    0.34   0.34  84.40
sde               0.00  1031.00    0.00 2320.00     0.00 79528.00    68.56     0.83    0.36    0.00    0.36   0.36  83.20
sde               0.00  1080.00    0.00 2401.00     0.00 80720.00    67.24     0.85    0.35    0.00    0.35   0.35  83.20
sde               0.00  1062.00    0.00 2408.00     0.00 80944.00    67.23     0.84    0.35    0.00    0.35   0.35  84.00
sde               0.00  1115.00    0.00 2489.00     0.00 83172.00    66.83     0.86    0.35    0.00    0.35   0.34  85.60
sde               0.00  1056.00    0.00 2385.00     0.00 80336.00    67.37     0.84    0.35    0.00    0.35   0.35  83.60
sde               0.00  1054.00    0.00 2355.00     0.00 78944.00    67.04     0.84    0.36    0.00    0.36   0.35  83.60
sde               0.00  1055.00    0.00 2401.00     0.00 79868.00    66.53     0.79    0.33    0.00    0.33   0.33  79.20
sde               0.00  1075.00    0.00 2405.00     0.00 80208.00    66.70     0.79    0.33    0.00    0.33   0.33  78.40
sde               0.00  1012.00    0.00 2298.00     0.00 76320.00    66.42     0.86    0.37    0.00    0.37   0.37  85.60
sde               0.00  1135.00    0.00 2527.00     0.00 85412.00    67.60     0.89    0.35    0.00    0.35   0.35  88.00
sde               0.00  1085.00    0.00 2481.00     0.00 81764.00    65.91     0.88    0.36    0.00    0.36   0.36  88.40
sde               0.00  1074.00    0.00 2427.00     0.00 79764.00    65.73     0.85    0.35    0.00    0.35   0.35  84.80
sde               0.00  1101.00    0.00 2488.00     0.00 81860.00    65.80     0.87    0.35    0.00    0.35   0.35  87.20
sde               0.00  1044.00    0.00 2329.00     0.00 77824.00    66.83     0.84    0.36    0.00    0.36   0.36  84.00
sde               0.00  1133.00    0.00 2538.00     0.00 83904.00    66.12     0.90    0.36    0.00    0.36   0.35  89.60
sde               0.00  1044.00    0.00 2329.00     0.00 80636.00    69.25     0.82    0.35    0.00    0.35   0.35  81.60
sde               0.00  1059.00    0.00 2340.00     0.00 79440.00    67.90     0.84    0.36    0.00    0.36   0.36  83.60
sde               0.00  1028.00    0.00 2357.00     0.00 77076.00    65.40     0.82    0.35    0.00    0.35   0.35  82.40
sde               0.00  1099.00    0.00 2465.00     0.00 82028.00    66.55     0.89    0.36    0.00    0.36   0.36  89.20
sde               0.00  1070.00    0.00 2436.00     0.00 80540.00    66.12     0.83    0.34    0.00    0.34   0.34  83.20
sde               0.00  1087.00    0.00 2411.00     0.00 81308.00    67.45     0.80    0.34    0.00    0.34   0.33  80.00
sde               0.00  1010.00    0.00 2309.00     0.00 75836.00    65.69     0.81    0.35    0.00    0.35   0.35  80.80
sde               0.00  1126.00    0.00 2529.00     0.00 83856.00    66.32     0.88    0.35    0.00    0.35   0.34  87.20
sde               0.00  1074.00    0.00 2449.00     0.00 81100.00    66.23     0.82    0.33    0.00    0.33   0.33  81.60
sde               0.00  1050.00    0.00 2361.00     0.00 77936.00    66.02     0.89    0.38    0.00    0.38   0.38  88.80
sde               0.00  1090.00    0.00 2492.00     0.00 82324.00    66.07     0.82    0.33    0.00    0.33   0.33  82.40
sde               0.00  1088.00    0.00 2440.00     0.00 80876.00    66.29     0.86    0.35    0.00    0.35   0.35  85.20
sde               0.00  1117.00    0.00 2533.00     0.00 84088.00    66.39     0.90    0.35    0.00    0.35   0.35  89.60
sde               0.00  1086.00    0.00 2424.00     0.00 81344.00    67.12     0.87    0.36    0.00    0.36   0.36  86.80
sde               0.00  1103.00    0.00 2512.00     0.00 83460.00    66.45     0.90    0.36    0.00    0.36   0.36  90.40
sde               0.00  1059.00    0.00 2394.00     0.00 79096.00    66.08     0.81    0.34    0.00    0.34   0.34  81.20
sde               0.00  1091.00    0.00 2416.00     0.00 81328.00    67.32     0.83    0.34    0.00    0.34   0.34  82.40
sde               0.00  1001.00    0.00 2286.00     0.00 75728.00    66.25     0.84    0.37    0.00    0.37   0.37  83.60
sde               0.00  1059.00    0.00 2362.00     0.00 79008.00    66.90     0.84    0.36    0.00    0.36   0.36  84.40
sde               0.00  1051.00    0.00 2421.00     0.00 78888.00    65.17     0.85    0.35    0.00    0.35   0.35  85.20
sde               0.00  1058.00    0.00 2333.00     0.00 79420.00    68.08     0.82    0.35    0.00    0.35   0.35  81.60
sde               0.00  1092.00    0.00 2506.00     0.00 82372.00    65.74     0.86    0.34    0.00    0.34   0.34  86.00
sde               0.00  1121.00    0.00 2514.00     0.00 83284.00    66.26     0.85    0.34    0.00    0.34   0.34  84.80
sde               0.00  1021.00    0.00 2326.00     0.00 77464.00    66.61     0.82    0.35    0.00    0.35   0.35  82.00
sde               0.00  1107.00    0.00 2459.00     0.00 82548.00    67.14     0.85    0.34    0.00    0.34   0.34  84.40
sde               0.00  1037.00    0.00 2376.00     0.00 77676.00    65.38     0.83    0.35    0.00    0.35   0.35  82.40
sde               0.00  1018.00    0.00 2287.00     0.00 75552.00    66.07     0.84    0.37    0.00    0.37   0.36  83.20
sde               0.00  1112.00    0.00 2515.00     0.00 83004.00    66.01     0.87    0.35    0.00    0.35   0.35  86.80
sde               0.00  1141.00    0.00 2544.00     0.00 85488.00    67.21     0.91    0.36    0.00    0.36   0.36  90.40
sde               0.00  1111.00    0.00 2504.00     0.00 83956.00    67.06     0.88    0.35    0.00    0.35   0.35  87.60
sde               0.00  1049.00    0.00 2336.00     0.00 78880.00    67.53     0.83    0.35    0.00    0.35   0.35  82.00
sde               0.00  1100.00    0.00 2507.00     0.00 82924.00    66.15     0.85    0.34    0.00    0.34   0.34  84.80
sde               0.00  1062.00    0.00 2340.00     0.00 80476.00    68.78     0.84    0.36    0.00    0.36   0.36  84.00
sde               0.00  1085.00    0.00 2448.00     0.00 81540.00    66.62     0.82    0.33    0.00    0.33   0.33  81.60
sde               0.00  1107.00    0.00 2482.00     0.00 83256.00    67.09     0.91    0.37    0.00    0.37   0.37  90.80
sde               0.00  1097.00    0.00 2440.00     0.00 81940.00    67.16     0.81    0.33    0.00    0.33   0.33  80.80
sde               0.00  1061.00    0.00 2414.00     0.00 80444.00    66.65     0.87    0.36    0.00    0.36   0.36  87.20
sde               0.00  1080.00    0.00 2416.00     0.00 80784.00    66.87     0.85    0.35    0.00    0.35   0.35  84.80
sde               0.00  1097.00    0.00 2511.00     0.00 82412.00    65.64     0.85    0.34    0.00    0.34   0.34  84.80
sde               0.00  1077.00    0.00 2398.00     0.00 80712.00    67.32     0.86    0.36    0.00    0.36   0.36  86.00
sde               0.00  1034.00    0.00 2368.00     0.00 77644.00    65.58     0.84    0.36    0.00    0.36   0.36  84.40
sde               0.00  1083.00    0.00 2419.00     0.00 81308.00    67.22     0.80    0.33    0.00    0.33   0.33  79.20
sde               0.00  1056.00    0.00 2412.00     0.00 79388.00    65.83     0.80    0.33    0.00    0.33   0.33  79.60
sde               0.00  1112.00    0.00 2488.00     0.00 83164.00    66.85     0.84    0.34    0.00    0.34   0.33  83.20
sde               0.00  1074.00    0.00 2450.00     0.00 80604.00    65.80     0.90    0.37    0.00    0.37   0.37  90.00
sde               0.00  1069.00    0.00 2371.00     0.00 80596.00    67.98     0.82    0.34    0.00    0.34   0.34  80.80
sde               0.00  1086.00    0.00 2488.00     0.00 81276.00    65.33     0.87    0.35    0.00    0.35   0.35  86.80
sde               0.00  1113.00    0.00 2491.00     0.00 83692.00    67.20     0.82    0.33    0.00    0.33   0.33  82.40
sde               0.00  1066.00    0.00 2418.00     0.00 80472.00    66.56     0.87    0.36    0.00    0.36   0.36  86.40
sde               0.00  1045.00    0.00 2344.00     0.00 78376.00    66.87     0.87    0.37    0.00    0.37   0.37  86.40
sde               0.00  1083.00    0.00 2432.00     0.00 80452.00    66.16     0.87    0.36    0.00    0.36   0.36  86.80
sde               0.00  1010.00    0.00 2291.00     0.00 76164.00    66.49     0.80    0.35    0.00    0.35   0.35  80.40
sde               0.00  1086.00    0.00 2398.00     0.00 82292.00    68.63     0.82    0.34    0.00    0.34   0.34  82.00
sde               0.00  1036.00    0.00 2373.00     0.00 78156.00    65.87     0.79    0.33    0.00    0.33   0.33  79.20
sde               0.00  1030.00    0.00 2290.00     0.00 76648.00    66.94     0.82    0.36    0.00    0.36   0.35  81.20
sde               0.00  1099.00    0.00 2507.00     0.00 83420.00    66.55     0.85    0.34    0.00    0.34   0.34  84.80
sde               0.00  1099.00    0.00 2456.00     0.00 81992.00    66.77     0.88    0.36    0.00    0.36   0.36  87.60
sde               0.00  1069.00    0.00 2391.00     0.00 79380.00    66.40     0.86    0.36    0.00    0.36   0.36  85.60
sde               0.00  1101.00    0.00 2452.00     0.00 82520.00    67.31     0.85    0.35    0.00    0.35   0.35  84.80
sde               0.00  1036.00    0.00 2375.00     0.00 77672.00    65.41     0.86    0.36    0.00    0.36   0.36  85.60
sde               0.00  1060.00    0.00 2348.00     0.00 79996.00    68.14     0.83    0.36    0.00    0.36   0.35  83.20
sde               0.00  1020.00    0.00 2318.00     0.00 76928.00    66.37     0.88    0.38    0.00    0.38   0.38  88.00
sde               0.00  1079.00    0.00 2402.00     0.00 81236.00    67.64     0.81    0.34    0.00    0.34   0.34  80.80
sde               0.00  1081.00    0.00 2444.00     0.00 81640.00    66.81     0.86    0.35    0.00    0.35   0.35  85.60
sde               0.00  1084.00    0.00 2413.00     0.00 81288.00    67.38     0.83    0.34    0.00    0.34   0.34  83.20
sde               0.00  1086.00    0.00 2460.00     0.00 81712.00    66.43     0.89    0.36    0.00    0.36   0.36  88.80
sde               0.00  1093.00    0.00 2457.00     0.00 81460.00    66.31     0.88    0.36    0.00    0.36   0.36  87.60
sde               0.00  1084.00    0.00 2481.00     0.00 80732.00    65.08     0.86    0.35    0.00    0.35   0.35  85.60
sde               0.00  1054.00    0.00 2350.00     0.00 79460.00    67.63     0.73    0.31    0.00    0.31   0.31  72.80
sde               0.00  1027.00    0.00 2334.00     0.00 77512.00    66.42     0.83    0.35    0.00    0.35   0.35  82.80
sde               0.00  1067.00    0.00 2402.00     0.00 79660.00    66.33     0.82    0.34    0.00    0.34   0.34  81.60
sde               0.00  1061.00    0.00 2354.00     0.00 79500.00    67.54     0.82    0.35    0.00    0.35   0.35  82.00
sde               0.00  1044.00    0.00 2379.00     0.00 78728.00    66.19     0.85    0.36    0.00    0.36   0.36  85.20
sde               0.00  1054.00    0.00 2318.00     0.00 79880.00    68.92     0.82    0.35    0.00    0.35   0.35  82.00
sde               0.00  1015.00    0.00 2305.00     0.00 77376.00    67.14     0.83    0.36    0.00    0.36   0.36  82.80
sde               0.00  1129.00    0.00 2517.00     0.00 84348.00    67.02     0.85    0.34    0.00    0.34   0.34  84.80
sde               0.00  1022.00    0.00 2319.00     0.00 77960.00    67.24     0.76    0.33    0.00    0.33   0.33  76.40
sde               0.00  1115.00    0.00 2483.00     0.00 83164.00    66.99     0.81    0.33    0.00    0.33   0.33  80.80
sde               0.00  1085.00    0.00 2486.00     0.00 81264.00    65.38     0.87    0.35    0.00    0.35   0.35  86.40
sde               0.00  1111.00    0.00 2488.00     0.00 83168.00    66.86     0.88    0.35    0.00    0.35   0.35  87.60
sde               0.00  1076.00    0.00 2450.00     0.00 81116.00    66.22     0.86    0.35    0.00    0.35   0.35  85.60
sde               0.00  1094.00    0.00 2445.00     0.00 81944.00    67.03     0.82    0.34    0.00    0.34   0.33  81.60
sde               0.00  1044.00    0.00 2405.00     0.00 77788.00    64.69     0.84    0.35    0.00    0.35   0.35  84.40
sde               0.00  1099.00    0.00 2455.00     0.00 82000.00    66.80     0.85    0.35    0.00    0.35   0.35  84.80
sde               0.00  1074.00    0.00 2445.00     0.00 80584.00    65.92     0.80    0.33    0.00    0.33   0.33  80.40
sde               0.00  1100.00    0.00 2407.00     0.00 84404.00    70.13     0.88    0.36    0.00    0.36   0.36  87.60
sde               0.00  1115.00    0.00 2522.00     0.00 83924.00    66.55     0.85    0.34    0.00    0.34   0.34  85.20
sde               0.00  1128.00    0.00 2511.00     0.00 83436.00    66.46     0.83    0.33    0.00    0.33   0.33  83.20
sde               0.00  1084.00    0.00 2418.00     0.00 80796.00    66.83     0.88    0.36    0.00    0.36   0.36  87.20
sde               0.00  1039.00    0.00 2363.00     0.00 78672.00    66.59     0.86    0.36    0.00    0.36   0.36  86.00
sde               0.00  1092.00    0.00 2445.00     0.00 81424.00    66.60     0.88    0.36    0.00    0.36   0.36  88.40
sde               0.00  1016.00    0.00 2284.00     0.00 77828.00    68.15     0.81    0.35    0.00    0.35   0.35  80.40
sde               0.00  1053.00    0.00 2346.00     0.00 77904.00    66.41     0.81    0.34    0.00    0.34   0.34  80.80
sde               0.00  1017.00    0.00 2310.00     0.00 76892.00    66.57     0.81    0.35    0.00    0.35   0.35  81.20
sde               0.00  1062.00    0.00 2352.00     0.00 79500.00    67.60     0.80    0.34    0.00    0.34   0.34  79.60
sde               0.00  1045.00    0.00 2385.00     0.00 78760.00    66.05     0.84    0.35    0.00    0.35   0.35  83.60
sde               0.00  1003.00    0.00 2224.00     0.00 75296.00    67.71     0.80    0.36    0.00    0.36   0.36  80.40
sde               0.00  1066.00    0.00 2424.00     0.00 79976.00    65.99     0.82    0.34    0.00    0.34   0.34  81.60
sde               0.00  1100.00    0.00 2455.00     0.00 83008.00    67.62     0.88    0.36    0.00    0.36   0.35  86.80
sde               0.00  1059.00    0.00 2399.00     0.00 80384.00    67.01     0.87    0.36    0.00    0.36   0.36  86.40
sde               0.00  1082.00    0.00 2408.00     0.00 81280.00    67.51     0.87    0.36    0.00    0.36   0.36  86.80
sde               0.00  1088.00    0.00 2482.00     0.00 81772.00    65.89     0.86    0.35    0.00    0.35   0.34  85.60
sde               0.00  1061.00    0.00 2358.00     0.00 80012.00    67.86     0.83    0.35    0.00    0.35   0.35  82.40
sde               0.00  1038.00    0.00 2340.00     0.00 78592.00    67.17     0.83    0.36    0.00    0.36   0.36  83.20
sde               0.00  1100.00    0.00 2460.00     0.00 82524.00    67.09     0.86    0.35    0.00    0.35   0.35  85.60
sde               0.00  1091.00    0.00 2450.00     0.00 83224.00    67.94     0.88    0.36    0.00    0.36   0.36  87.20
sde               0.00  1023.00    0.00 2297.00     0.00 76116.00    66.27     0.83    0.36    0.00    0.36   0.36  82.80
sde               0.00  1078.00    0.00 2430.00     0.00 81060.00    66.72     0.80    0.33    0.00    0.33   0.33  80.00
sde               0.00  1055.00    0.00 2358.00     0.00 79484.00    67.42     0.84    0.36    0.00    0.36   0.36  84.40
sde               0.00  1040.00    0.00 2323.00     0.00 77776.00    66.96     0.83    0.36    0.00    0.36   0.35  82.40
sde               0.00  1022.00    0.00 2328.00     0.00 77472.00    66.56     0.83    0.36    0.00    0.36   0.36  82.80
sde               0.00  1083.00    0.00 2433.00     0.00 80332.00    66.04     0.80    0.33    0.00    0.33   0.33  80.00
sde               0.00  1020.00    0.00 2314.00     0.00 77420.00    66.91     0.77    0.33    0.00    0.33   0.33  77.20
sde               0.00  1011.00    0.00 2262.00     0.00 75452.00    66.71     0.80    0.35    0.00    0.35   0.35  80.00
sde               0.00  1066.00    0.00 2435.00     0.00 80516.00    66.13     0.86    0.35    0.00    0.35   0.35  85.20
sde               0.00  1085.00    0.00 2413.00     0.00 81308.00    67.39     0.80    0.33    0.00    0.33   0.33  80.40
sde               0.00  1046.00    0.00 2354.00     0.00 80196.00    68.14     0.85    0.36    0.00    0.36   0.36  85.20
sde               0.00  1069.00    0.00 2351.00     0.00 79024.00    67.23     0.83    0.35    0.00    0.35   0.35  82.40
sde               0.00  1082.00    0.00 2448.00     0.00 81648.00    66.71     0.83    0.34    0.00    0.34   0.34  82.80
sde               0.00  1059.00    0.00 2379.00     0.00 78548.00    66.03     0.84    0.35    0.00    0.35   0.35  84.00
sde               0.00  1130.00    0.00 2583.00     0.00 84800.00    65.66     0.90    0.35    0.00    0.35   0.35  90.00
sde               0.00  1128.00    0.00 2519.00     0.00 84856.00    67.37     0.84    0.33    0.00    0.33   0.33  84.00
sde               0.00  1084.00    0.00 2459.00     0.00 81700.00    66.45     0.92    0.37    0.00    0.37   0.37  92.00
sde               0.00  1084.00    0.00 2455.00     0.00 80400.00    65.50     0.84    0.34    0.00    0.34   0.34  83.20
sde               0.00  1060.00    0.00 2409.00     0.00 79916.00    66.35     0.84    0.35    0.00    0.35   0.35  84.40
sde               0.00  1108.00    0.00 2481.00     0.00 83128.00    67.01     0.86    0.35    0.00    0.35   0.34  85.20
sde               0.00  1070.00    0.00 2429.00     0.00 81044.00    66.73     0.87    0.36    0.00    0.36   0.36  86.80
sde               0.00  1133.00    0.00 2529.00     0.00 84908.00    67.15     0.92    0.36    0.00    0.36   0.36  91.60
sde               0.00  1130.00    0.00 2522.00     0.00 84872.00    67.31     0.87    0.35    0.00    0.35   0.34  86.40
sde               0.00  1018.00    0.00 2321.00     0.00 76924.00    66.29     0.82    0.35    0.00    0.35   0.35  81.60
sde               0.00  1082.00    0.00 2403.00     0.00 81264.00    67.64     0.81    0.34    0.00    0.34   0.34  80.80
sde               0.00  1094.00    0.00 2498.00     0.00 82356.00    65.94     0.80    0.32    0.00    0.32   0.32  80.40
sde               0.00  1079.00    0.00 2397.00     0.00 80720.00    67.35     0.89    0.37    0.00    0.37   0.37  88.40
sde               0.00  1059.00    0.00 2412.00     0.00 79916.00    66.27     0.82    0.34    0.00    0.34   0.34  82.00
sde               0.00  1069.00    0.00 2376.00     0.00 80100.00    67.42     0.86    0.36    0.00    0.36   0.36  85.20
sde               0.00  1021.00    0.00 2330.00     0.00 76976.00    66.07     0.82    0.35    0.00    0.35   0.35  82.00
sde               0.00  1111.00    0.00 2421.00     0.00 85512.00    70.64     0.87    0.36    0.00    0.36   0.36  87.20
sde               0.00  1046.00    0.00 2387.00     0.00 78768.00    66.00     0.81    0.34    0.00    0.34   0.34  80.80
sde               0.00  1049.00    0.00 2340.00     0.00 78384.00    66.99     0.85    0.36    0.00    0.36   0.36  84.40
sde               0.00  1098.00    0.00 2492.00     0.00 82868.00    66.51     0.87    0.35    0.00    0.35   0.35  86.80
sde               0.00  1075.00    0.00 2414.00     0.00 80760.00    66.91     0.81    0.34    0.00    0.34   0.34  81.20
sde               0.00  1053.00    0.00 2394.00     0.00 79324.00    66.27     0.82    0.34    0.00    0.34   0.34  82.40
sde               0.00  1055.00    0.00 2383.00     0.00 79552.00    66.77     0.80    0.34    0.00    0.34   0.34  80.40
