sde               0.00     1.10    0.00    2.13     0.00   140.63   132.15     0.01    3.30    1.91    3.30   0.40   0.09
sde               0.00     8.00    0.00    6.00     0.00    56.00    18.67     0.00    0.00    0.00    0.00   0.00   0.00
sde               0.00   473.00    0.00 1447.00     0.00 54448.00    75.26     0.68    0.47    0.00    0.47   0.36  51.60
sde               0.00   795.00    0.00 2523.00     0.00 96500.00    76.50     1.18    0.47    0.00    0.47   0.35  88.40
sde               0.00   795.00    0.00 2567.00     0.00 96636.00    75.29     1.18    0.46    0.00    0.46   0.36  92.00
sde               0.00   766.00    0.00 2488.00     0.00 85844.00    69.01     1.23    0.50    0.00    0.50   0.37  92.00
sde               0.00   760.00    0.00 2457.00     0.00 94000.00    76.52     1.14    0.47    0.00    0.47   0.35  86.40
sde               0.00   782.00    0.00 2424.00     0.00 97168.00    80.17     1.15    0.48    0.00    0.48   0.37  90.00
sde               0.00   837.00    0.00 2373.00     0.00 108696.00    91.61     1.26    0.53    0.00    0.53   0.38  89.60
sde               0.00   872.00    0.00 2568.00     0.00 92360.00    71.93     1.20    0.47    0.00    0.47   0.35  90.00
sde               0.00   834.00    0.00 2466.00     0.00 89608.00    72.67     1.24    0.50    0.00    0.50   0.38  93.20
sde               0.00   854.00    0.00 2509.00     0.00 87392.00    69.66     1.10    0.44    0.00    0.44   0.34  85.60
sde               0.00   813.00    0.00 2452.00     0.00 86176.00    70.29     1.19    0.49    0.00    0.49   0.38  92.00
sde               0.00   871.00    0.00 2527.00     0.00 92104.00    72.90     1.20    0.47    0.00    0.47   0.35  89.20
sde               0.00   824.00    0.00 2447.00     0.00 87232.00    71.30     1.22    0.50    0.00    0.50   0.38  92.00
sde               0.00   873.00    0.00 2496.00     0.00 92172.00    73.86     1.10    0.44    0.00    0.44   0.35  88.40
sde               0.00   893.00    0.00 2482.00     0.00 88652.00    71.44     1.05    0.42    0.00    0.42   0.35  86.80
sde               0.00   810.89    0.00 2379.21     0.00 81809.90    68.77     1.03    0.43    0.00    0.43   0.35  83.96
sde               0.00   878.00    0.00 2413.00     0.00 89552.00    74.22     1.06    0.44    0.00    0.44   0.37  88.80
sde               0.00   834.00    0.00 2397.00     0.00 85000.00    70.92     1.05    0.44    0.00    0.44   0.37  87.60
sde               0.00   844.00    0.00 2447.00     0.00 87212.00    71.28     1.13    0.46    0.00    0.46   0.36  89.20
sde               0.00   864.00    0.00 2376.00     0.00 88268.00    74.30     1.02    0.43    0.00    0.43   0.36  86.00
sde               0.00   842.00    0.00 2368.00     0.00 86068.00    72.69     1.04    0.44    0.00    0.44   0.36  86.40
sde               0.00   895.00    0.00 2494.00     0.00 89844.00    72.05     1.07    0.43    0.00    0.43   0.36  90.00
sde               0.00   868.00    0.00 2438.00     0.00 86384.00    70.86     1.08    0.44    0.00    0.44   0.36  88.80
sde               0.00   887.00    0.00 2434.00     0.00 90796.00    74.61     1.05    0.44    0.00    0.44   0.37  90.00
sde               0.00   880.00    0.00 2429.00     0.00 88496.00    72.87     1.03    0.42    0.00    0.42   0.37  89.20
sde               0.00   870.00    0.00 2475.00     0.00 87696.00    70.87     1.02    0.41    0.00    0.41   0.36  88.00
sde               0.00   898.00    0.00 2495.00     0.00 87608.00    70.23     1.05    0.42    0.00    0.42   0.36  89.60
sde               0.00   880.00    0.00 2494.00     0.00 87776.00    70.39     1.04    0.42    0.00    0.42   0.36  90.80
sde               0.00   875.00    0.00 2428.00     0.00 88488.00    72.89     1.03    0.42    0.00    0.42   0.37  90.00
sde               0.00   933.00    0.00 2523.00     0.00 91392.00    72.45     1.05    0.42    0.00    0.42   0.36  91.60
sde               0.00   856.00    0.00 2388.00     0.00 87260.00    73.08     1.03    0.43    0.00    0.43   0.37  89.20
sde               0.00   894.00    0.00 2432.00     0.00 93132.00    76.59     1.10    0.45    0.00    0.45   0.37  91.20
sde               0.00   857.00    0.00 2423.00     0.00 87508.00    72.23     1.03    0.42    0.00    0.42   0.37  89.60
sde               0.00   887.00    0.00 2454.00     0.00 89740.00    73.14     1.06    0.44    0.00    0.44   0.37  90.80
sde               0.00   879.00    0.00 2388.00     0.00 88328.00    73.98     1.06    0.44    0.00    0.44   0.38  89.60
sde               0.00   864.00    0.00 2461.00     0.00 87616.00    71.20     1.06    0.43    0.00    0.43   0.37  90.00
sde               0.00   912.00    0.00 2475.00     0.00 93336.00    75.42     1.09    0.44    0.00    0.44   0.37  91.60
sde               0.00   868.00    0.00 2416.00     0.00 87484.00    72.42     1.01    0.42    0.00    0.42   0.37  88.80
sde               0.00   879.00    0.00 2449.00     0.00 89684.00    73.24     1.02    0.41    0.00    0.41   0.36  88.80
sde               0.00   862.00    0.00 2372.00     0.00 88256.00    74.41     1.02    0.43    0.00    0.43   0.37  88.80
sde               0.00   879.00    0.00 2444.00     0.00 91060.00    74.52     1.07    0.44    0.00    0.44   0.37  90.00
sde               0.00   871.00    0.00 2352.00     0.00 88192.00    74.99     1.03    0.44    0.00    0.44   0.38  88.40
sde               0.00   867.00    0.00 2479.00     0.00 87728.00    70.78     1.04    0.42    0.00    0.42   0.36  90.40
sde               0.00   860.00    0.00 2355.00     0.00 88184.00    74.89     1.01    0.43    0.00    0.43   0.38  88.80
sde               0.00   887.00    0.00 2377.00     0.00 87364.00    73.51     0.99    0.42    0.00    0.42   0.39  92.40
sde               0.00   874.00    0.00 2346.00     0.00 84952.00    72.42     0.94    0.40    0.00    0.40   0.39  91.20
sde               0.00   939.00    0.00 2447.00     0.00 92292.00    75.43     0.89    0.36    0.00    0.36   0.36  88.80
sde               0.00   897.00    0.00 2394.00     0.00 87628.00    73.21     0.88    0.37    0.00    0.37   0.37  88.00
sde               0.00   883.00    0.00 2298.00     0.00 87032.00    75.75     0.88    0.38    0.00    0.38   0.38  87.20
sde               0.00   920.00    0.00 2440.00     0.00 90020.00    73.79     0.88    0.36    0.00    0.36   0.36  88.00
sde               0.00   891.00    0.00 2342.00     0.00 86172.00    73.59     0.90    0.38    0.00    0.38   0.38  89.20
sde               0.00   890.00    0.00 2315.00     0.00 87108.00    75.26     0.87    0.38    0.00    0.38   0.37  86.80
sde               0.00   880.00    0.00 2350.00     0.00 85128.00    72.45     0.90    0.38    0.00    0.38   0.38  89.60
sde               0.00   936.00    0.00 2433.00     0.00 91084.00    74.87     0.90    0.37    0.00    0.37   0.37  90.00
sde               0.00   897.00    0.00 2392.00     0.00 87620.00    73.26     0.90    0.37    0.00    0.37   0.37  89.20
sde               0.00   864.00    0.00 2288.00     0.00 84620.00    73.97     0.85    0.37    0.00    0.37   0.37  84.00
sde               0.00   924.00    0.00 2422.00     0.00 90992.00    75.14     0.94    0.39    0.00    0.39   0.37  90.00
sde               0.00   887.00    0.00 2349.00     0.00 87456.00    74.46     0.86    0.37    0.00    0.37   0.37  86.40
sde               0.00   887.00    0.00 2365.00     0.00 87228.00    73.77     0.97    0.41    0.00    0.41   0.39  92.80
sde               0.00   945.00    0.00 2453.00     0.00 90308.00    73.63     0.90    0.37    0.00    0.37   0.36  89.20
sde               0.00   904.00    0.00 2394.00     0.00 89668.00    74.91     0.94    0.39    0.00    0.39   0.38  91.60
sde               0.00   898.00    0.00 2355.00     0.00 86116.00    73.13     0.90    0.38    0.00    0.38   0.38  90.40
sde               0.00   900.00    0.00 2411.00     0.00 87684.00    72.74     0.90    0.37    0.00    0.37   0.37  89.20
sde               0.00   881.00    0.00 2296.00     0.00 85864.00    74.79     0.96    0.42    0.00    0.42   0.41  94.00
sde               0.00   888.00    0.00 2355.00     0.00 87480.00    74.29     0.86    0.37    0.00    0.37   0.36  85.60
sde               0.00   846.00    0.00 2231.00     0.00 83228.00    74.61     0.90    0.40    0.00    0.40   0.39  86.80
sde               0.00   912.00    0.00 2371.00     0.00 90932.00    76.70     0.89    0.37    0.00    0.37   0.37  88.80
sde               0.00   843.00    0.00 2274.00     0.00 83464.00    73.41     0.93    0.41    0.00    0.41   0.39  89.60
sde               0.00   858.00    0.00 2214.00     0.00 84388.00    76.23     0.91    0.41    0.00    0.41   0.41  90.00
sde               0.00   859.00    0.00 2333.00     0.00 83824.00    71.86     0.91    0.39    0.00    0.39   0.38  89.20
sde               0.00   861.00    0.00 2318.00     0.00 85820.00    74.05     0.91    0.40    0.00    0.40   0.37  86.00
sde               0.00   888.00    0.00 2351.00     0.00 87464.00    74.41     0.91    0.39    0.00    0.39   0.38  90.40
sde               0.00   818.00    0.00 2190.00     0.00 82964.00    75.77     0.91    0.42    0.00    0.42   0.39  84.80
sde               0.00   877.00    0.00 2319.00     0.00 86060.00    74.22     0.94    0.41    0.00    0.41   0.40  93.60
sde               0.00   874.00    0.00 2324.00     0.00 84896.00    73.06     0.92    0.39    0.00    0.39   0.39  89.60
sde               0.00   860.00    0.00 2256.00     0.00 83376.00    73.91     0.90    0.40    0.00    0.40   0.40  89.20
sde               0.00   884.00    0.00 2368.00     0.00 86348.00    72.93     0.89    0.38    0.00    0.38   0.38  88.80
sde               0.00   850.00    0.00 2239.00     0.00 82132.00    73.36     0.91    0.41    0.00    0.41   0.40  90.40
sde               0.00   863.00    0.00 2280.00     0.00 84852.00    74.43     0.92    0.40    0.00    0.40   0.40  91.20
sde               0.00   908.00    0.00 2397.00     0.00 87424.00    72.94     0.90    0.37    0.00    0.37   0.37  88.80
sde               0.00   873.00    0.00 2330.00     0.00 84920.00    72.89     0.88    0.38    0.00    0.38   0.38  88.00
sde               0.00   916.00    0.00 2404.00     0.00 88744.00    73.83     0.86    0.36    0.00    0.36   0.36  86.00
sde               0.00   895.00    0.00 2350.00     0.00 86092.00    73.27     0.92    0.39    0.00    0.39   0.39  91.20
sde               0.00   909.00    0.00 2441.00     0.00 87816.00    71.95     0.91    0.37    0.00    0.37   0.37  90.80
sde               0.00   876.00    0.00 2352.00     0.00 87128.00    74.09     0.92    0.39    0.00    0.39   0.37  87.20
sde               0.00   862.00    0.00 2276.00     0.00 84836.00    74.55     0.88    0.39    0.00    0.39   0.39  88.00
sde               0.00   843.00    0.00 2180.00     0.00 84220.00    77.27     0.91    0.42    0.00    0.42   0.42  90.80
sde               0.00   900.00    0.00 2372.00     0.00 86164.00    72.65     0.92    0.39    0.00    0.39   0.38  90.40
sde               0.00   859.00    0.00 2302.00     0.00 83748.00    72.76     0.91    0.40    0.00    0.40   0.40  91.20
sde               0.00   874.00    0.00 2209.00     0.00 84452.00    76.46     0.91    0.41    0.00    0.41   0.41  90.40
sde               0.00   895.00    0.00 2374.00     0.00 88696.00    74.72     0.88    0.37    0.00    0.37   0.37  87.60
sde               0.00   916.00    0.00 2420.00     0.00 88668.00    73.28     0.93    0.39    0.00    0.39   0.38  90.80
sde               0.00   894.00    0.00 2343.00     0.00 89636.00    76.51     0.90    0.38    0.00    0.38   0.38  89.20
sde               0.00   895.00    0.00 2396.00     0.00 88632.00    73.98     0.96    0.40    0.00    0.40   0.38  90.80
sde               0.00   895.00    0.00 2347.00     0.00 86052.00    73.33     0.91    0.39    0.00    0.39   0.38  88.80
sde               0.00   912.00    0.00 2418.00     0.00 90048.00    74.48     0.91    0.38    0.00    0.38   0.38  90.80
sde               0.00   935.00    0.00 2456.00     0.00 90008.00    73.30     0.91    0.37    0.00    0.37   0.37  90.40
sde               0.00   891.00    0.00 2380.00     0.00 86416.00    72.62     0.92    0.39    0.00    0.39   0.39  92.00
sde               0.00   919.00    0.00 2408.00     0.00 88656.00    73.63     0.90    0.37    0.00    0.37   0.37  89.60
sde               0.00   909.00    0.00 2350.00     0.00 90736.00    77.22     0.91    0.39    0.00    0.39   0.38  90.40
sde               0.00   918.00    0.00 2440.00     0.00 90144.00    73.89     0.91    0.37    0.00    0.37   0.37  91.20
sde               0.00   906.00    0.00 2413.00     0.00 87448.00    72.48     0.90    0.37    0.00    0.37   0.36  87.60
sde               0.00   873.00    0.00 2328.00     0.00 85032.00    73.05     0.87    0.37    0.00    0.37   0.37  87.20
sde               0.00   933.00    0.00 2386.00     0.00 95524.00    80.07     0.92    0.39    0.00    0.39   0.38  91.60
sde               0.00   914.00    0.00 2370.00     0.00 89660.00    75.66     0.91    0.38    0.00    0.38   0.38  91.20
sde               0.00   894.00    0.00 2379.00     0.00 87564.00    73.61     0.93    0.39    0.00    0.39   0.39  92.00
sde               0.00   900.00    0.00 2330.00     0.00 88344.00    75.83     0.92    0.39    0.00    0.39   0.39  91.20
sde               0.00   925.00    0.00 2421.00     0.00 91136.00    75.29     0.92    0.38    0.00    0.38   0.38  92.00
sde               0.00   838.00    0.00 2436.00     0.00 86164.00    70.74     1.01    0.42    0.00    0.42   0.35  86.00
sde               0.00   919.00    0.00 2369.00     0.00 90820.00    76.67     0.91    0.38    0.00    0.38   0.38  89.20
sde               0.00   890.00    0.00 2361.00     0.00 87508.00    74.13     0.90    0.38    0.00    0.38   0.38  90.40
sde               0.00   924.00    0.00 2373.00     0.00 94304.00    79.48     0.89    0.37    0.00    0.37   0.37  88.00
sde               0.00   934.00    0.00 2462.00     0.00 90144.00    73.23     0.90    0.37    0.00    0.37   0.37  90.00
sde               0.00   859.00    0.00 2317.00     0.00 87088.00    75.17     0.91    0.39    0.00    0.39   0.37  86.80
sde               0.00   908.00    0.00 2387.00     0.00 91960.00    77.05     0.94    0.40    0.00    0.40   0.37  89.20
sde               0.00   865.00    0.00 2276.00     0.00 85996.00    75.57     0.87    0.38    0.00    0.38   0.38  87.20
sde               0.00   927.00    0.00 2433.00     0.00 91056.00    74.85     0.93    0.38    0.00    0.38   0.38  92.00
sde               0.00   903.00    0.00 2361.00     0.00 90860.00    76.97     0.95    0.40    0.00    0.40   0.39  92.00
sde               0.00   923.00    0.00 2430.00     0.00 91152.00    75.02     0.87    0.36    0.00    0.36   0.36  87.20
sde               0.00   881.00    0.00 2361.00     0.00 88312.00    74.81     0.96    0.40    0.00    0.40   0.36  86.00
sde               0.00   832.00    0.00 2198.00     0.00 83332.00    75.83     0.84    0.39    0.00    0.39   0.38  84.00
sde               0.00   859.00    0.00 2294.00     0.00 89180.00    77.75     0.86    0.38    0.00    0.38   0.35  81.20
sde               0.00   928.00    0.00 2434.00     0.00 91188.00    74.93     0.92    0.38    0.00    0.38   0.37  90.80
sde               0.00   928.00    0.00 2414.00     0.00 92272.00    76.45     0.89    0.37    0.00    0.37   0.37  88.40
sde               0.00   886.00    0.00 2338.00     0.00 87148.00    74.55     0.88    0.37    0.00    0.37   0.36  84.80
sde               0.00   902.00    0.00 2434.00     0.00 87748.00    72.10     0.94    0.39    0.00    0.39   0.37  89.60
sde               0.00   888.00    0.00 2301.00     0.00 89352.00    77.66     0.93    0.41    0.00    0.41   0.39  90.80
sde               0.00   878.00    0.00 2337.00     0.00 84960.00    72.71     0.89    0.38    0.00    0.38   0.38  88.40
sde               0.00   898.00    0.00 2407.00     0.00 87532.00    72.73     0.89    0.37    0.00    0.37   0.36  87.20
sde               0.00   926.00    0.00 2429.00     0.00 92172.00    75.89     0.92    0.38    0.00    0.38   0.36  88.00
sde               0.00   896.00    0.00 2397.00     0.00 87632.00    73.12     0.92    0.39    0.00    0.39   0.39  92.40
sde               0.00   936.00    0.00 2431.00     0.00 93372.00    76.82     0.92    0.38    0.00    0.38   0.37  89.20
sde               0.00   899.00    0.00 2366.00     0.00 87420.00    73.90     0.94    0.40    0.00    0.40   0.40  93.60
sde               0.00   926.00    0.00 2456.00     0.00 90096.00    73.37     0.89    0.36    0.00    0.36   0.36  88.40
sde               0.00   881.00    0.00 2320.00     0.00 85928.00    74.08     0.93    0.40    0.00    0.40   0.39  90.00
sde               0.00   915.00    0.00 2426.00     0.00 90092.00    74.27     0.87    0.36    0.00    0.36   0.36  87.20
sde               0.00   914.00    0.00 2392.00     0.00 89720.00    75.02     0.93    0.39    0.00    0.39   0.38  90.80
sde               0.00   899.00    0.00 2367.00     0.00 87424.00    73.87     0.92    0.39    0.00    0.39   0.39  91.20
sde               0.00   924.00    0.00 2444.00     0.00 91204.00    74.64     0.92    0.38    0.00    0.38   0.37  90.40
sde               0.00   925.00    0.00 2424.00     0.00 93304.00    76.98     0.96    0.39    0.00    0.39   0.38  92.00
sde               0.00   889.00    0.00 2382.00     0.00 86412.00    72.55     0.93    0.39    0.00    0.39   0.39  92.40
sde               0.00   884.00    0.00 2328.00     0.00 93972.00    80.73     0.93    0.40    0.00    0.40   0.37  85.20
sde               0.00   912.00    0.00 2415.00     0.00 88760.00    73.51     0.96    0.40    0.00    0.40   0.39  93.60
sde               0.00   888.00    0.00 2374.00     0.00 87396.00    73.63     0.96    0.40    0.00    0.40   0.39  91.60
sde               0.00   869.00    0.00 2379.00     0.00 86036.00    72.33     0.96    0.40    0.00    0.40   0.38  90.00
sde               0.00   895.00    0.00 2366.00     0.00 87532.00    73.99     0.88    0.37    0.00    0.37   0.37  88.00
sde               0.00   919.00    0.00 2405.00     0.00 90928.00    75.62     0.89    0.37    0.00    0.37   0.37  88.00
sde               0.00   899.00    0.00 2313.00     0.00 90708.00    78.43     0.88    0.38    0.00    0.38   0.38  86.80
sde               0.00   912.00    0.00 2466.00     0.00 87772.00    71.19     0.90    0.37    0.00    0.37   0.36  88.40
sde               0.00   901.00    0.00 2350.00     0.00 88412.00    75.24     0.90    0.38    0.00    0.38   0.37  87.60
sde               0.00   946.00    0.00 2437.00     0.00 92420.00    75.85     0.89    0.37    0.00    0.37   0.37  89.20
sde               0.00   813.00    0.00 2178.00     0.00 79624.00    73.12     0.97    0.44    0.00    0.44   0.42  92.00
sde               0.00   887.00    0.00 2327.00     0.00 87264.00    75.00     0.91    0.39    0.00    0.39   0.39  90.80
sde               0.00   907.00    0.00 2438.00     0.00 89944.00    73.79     0.93    0.38    0.00    0.38   0.37  89.60
sde               0.00   936.00    0.00 2426.00     0.00 94512.00    77.92     0.90    0.37    0.00    0.37   0.35  86.00
sde               0.00   892.00    0.00 2356.00     0.00 88636.00    75.24     0.91    0.39    0.00    0.39   0.39  90.80
sde               0.00   930.00    0.00 2396.00     0.00 93252.00    77.84     0.88    0.37    0.00    0.37   0.36  87.20
sde               0.00   907.00    0.00 2329.00     0.00 91936.00    78.95     0.90    0.39    0.00    0.39   0.38  89.20
sde               0.00   909.00    0.00 2404.00     0.00 91020.00    75.72     0.90    0.37    0.00    0.37   0.37  88.00
sde               0.00   930.00    0.00 2411.00     0.00 92140.00    76.43     0.93    0.38    0.00    0.38   0.38  91.20
sde               0.00   899.00    0.00 2371.00     0.00 89736.00    75.69     0.92    0.39    0.00    0.39   0.38  90.80
sde               0.00   919.00    0.00 2424.00     0.00 94532.00    78.00     0.97    0.40    0.00    0.40   0.37  90.40
sde               0.00   887.00    0.00 2347.00     0.00 88312.00    75.26     0.90    0.38    0.00    0.38   0.37  86.40
sde               0.00   830.00    0.00 2505.00     0.00 89844.00    71.73     1.17    0.47    0.00    0.47   0.35  88.00
sde               0.00   826.00    0.00 2428.00     0.00 88200.00    72.65     1.20    0.49    0.00    0.49   0.37  90.00
sde               0.00   821.00    0.00 2492.00     0.00 86336.00    69.29     1.14    0.46    0.00    0.46   0.36  88.80
sde               0.00   812.00    0.00 2322.00     0.00 84408.00    72.70     1.02    0.44    0.00    0.44   0.37  84.80
sde               0.00   881.00    0.00 2433.00     0.00 89628.00    73.68     1.07    0.44    0.00    0.44   0.36  88.80
sde               0.00   877.00    0.00 2454.00     0.00 88756.00    72.34     1.00    0.41    0.00    0.41   0.35  86.00
sde               0.00   840.00    0.00 2366.00     0.00 84704.00    71.60     1.02    0.43    0.00    0.43   0.37  87.20
sde               0.00   848.00    0.00 2390.00     0.00 86184.00    72.12     1.03    0.43    0.00    0.43   0.37  88.40
sde               0.00   888.00    0.00 2410.00     0.00 90700.00    75.27     1.06    0.44    0.00    0.44   0.36  87.20
sde               0.00   880.00    0.00 2439.00     0.00 89676.00    73.54     1.05    0.43    0.00    0.43   0.36  87.60
sde               0.00   845.00    0.00 2394.00     0.00 85012.00    71.02     0.98    0.41    0.00    0.41   0.36  86.80
sde               0.00   864.00    0.00 2355.00     0.00 87036.00    73.92     1.03    0.44    0.00    0.44   0.37  87.20
sde               0.00   849.00    0.00 2395.00     0.00 85028.00    71.00     0.99    0.41    0.00    0.41   0.36  85.60
sde               0.00   880.00    0.00 2430.00     0.00 89652.00    73.79     1.04    0.43    0.00    0.43   0.36  86.40
sde               0.00   889.00    0.00 2473.00     0.00 88740.00    71.77     1.04    0.42    0.00    0.42   0.35  86.80
sde               0.00   869.00    0.00 2435.00     0.00 86260.00    70.85     0.98    0.40    0.00    0.40   0.35  85.60
sde               0.00   838.00    0.00 2316.00     0.00 84512.00    72.98     1.03    0.45    0.00    0.45   0.37  86.80
sde               0.00   899.00    0.00 2484.00     0.00 87808.00    70.70     1.04    0.42    0.00    0.42   0.35  88.00
sde               0.00   864.00    0.00 2426.00     0.00 87300.00    71.97     1.08    0.45    0.00    0.45   0.37  90.40
sde               0.00   851.00    0.00 2361.00     0.00 88408.00    74.89     1.04    0.44    0.00    0.44   0.38  89.60
sde               0.00   880.00    0.00 2432.00     0.00 88444.00    72.73     1.07    0.44    0.00    0.44   0.37  90.00
sde               0.00   843.00    0.00 2314.00     0.00 84508.00    73.04     1.03    0.45    0.00    0.45   0.38  88.00
sde               0.00   855.00    0.00 2418.00     0.00 85144.00    70.43     1.02    0.42    0.00    0.42   0.36  86.80
sde               0.00   895.00    0.00 2436.00     0.00 89660.00    73.61     1.04    0.43    0.00    0.43   0.36  87.20
sde               0.00   852.00    0.00 2403.00     0.00 87392.00    72.74     1.10    0.46    0.00    0.46   0.38  92.00
sde               0.00   876.00    0.00 2383.00     0.00 90596.00    76.04     1.04    0.43    0.00    0.43   0.36  86.00
sde               0.00   835.00    0.00 2329.00     0.00 84684.00    72.72     1.00    0.43    0.00    0.43   0.37  86.00
sde               0.00   840.00    0.00 2361.00     0.00 84812.00    71.84     1.02    0.43    0.00    0.43   0.37  86.80
sde               0.00   897.00    0.00 2468.00     0.00 89788.00    72.76     1.06    0.43    0.00    0.43   0.36  90.00
sde               0.00   872.00    0.00 2426.00     0.00 87480.00    72.12     1.04    0.43    0.00    0.43   0.36  87.60
sde               0.00   874.00    0.00 2386.00     0.00 89440.00    74.97     1.08    0.45    0.00    0.45   0.38  90.80
sde               0.00   863.00    0.00 2390.00     0.00 87256.00    73.02     1.00    0.42    0.00    0.42   0.35  84.40
sde               0.00   884.00    0.00 2400.00     0.00 86252.00    71.88     0.94    0.39    0.00    0.39   0.36  86.80
sde               0.00   873.00    0.00 2306.00     0.00 86000.00    74.59     0.92    0.40    0.00    0.40   0.39  90.80
sde               0.00   882.00    0.00 2329.00     0.00 86096.00    73.93     0.84    0.36    0.00    0.36   0.36  84.40
sde               0.00   891.00    0.00 2300.00     0.00 89368.00    77.71     0.85    0.37    0.00    0.37   0.37  84.40
sde               0.00   912.00    0.00 2385.00     0.00 89824.00    75.32     0.89    0.37    0.00    0.37   0.37  88.80
sde               0.00   868.00    0.00 2269.00     0.00 87012.00    76.70     0.87    0.38    0.00    0.38   0.38  86.00
sde               0.00   885.00    0.00 2338.00     0.00 86136.00    73.68     0.91    0.39    0.00    0.39   0.39  91.20
sde               0.00   883.00    0.00 2280.00     0.00 88252.00    77.41     0.89    0.39    0.00    0.39   0.39  88.40
sde               0.00   891.00    0.00 2360.00     0.00 88388.00    74.91     0.91    0.38    0.00    0.38   0.38  89.60
sde               0.00   890.00    0.00 2318.00     0.00 87244.00    75.28     0.90    0.39    0.00    0.39   0.39  90.00
sde               0.00   904.00    0.00 2407.00     0.00 87564.00    72.76     0.91    0.38    0.00    0.38   0.37  90.00
sde               0.00   910.00    0.00 2386.00     0.00 89824.00    75.29     0.90    0.38    0.00    0.38   0.38  89.60
sde               0.00   901.00    0.00 2402.00     0.00 88688.00    73.85     0.91    0.38    0.00    0.38   0.37  88.80
sde               0.00   877.00    0.00 2343.00     0.00 87272.00    74.50     0.90    0.38    0.00    0.38   0.38  88.80
sde               0.00   907.00    0.00 2349.00     0.00 90724.00    77.24     0.88    0.37    0.00    0.37   0.37  87.60
sde               0.00   944.00    0.00 2428.00     0.00 92384.00    76.10     0.91    0.38    0.00    0.38   0.37  88.80
sde               0.00   890.00    0.00 2358.00     0.00 86220.00    73.13     0.92    0.39    0.00    0.39   0.39  91.20
sde               0.00   916.00    0.00 2392.00     0.00 89740.00    75.03     0.92    0.38    0.00    0.38   0.38  90.40
sde               0.00   882.00    0.00 2330.00     0.00 88516.00    75.98     0.90    0.39    0.00    0.39   0.38  89.20
sde               0.00   923.00    0.00 2416.00     0.00 90984.00    75.32     0.87    0.36    0.00    0.36   0.35  85.20
sde               0.00   923.00    0.00 2417.00     0.00 91120.00    75.40     0.92    0.38    0.00    0.38   0.38  92.00
sde               0.00   880.00    0.00 2334.00     0.00 86112.00    73.79     0.90    0.39    0.00    0.39   0.38  89.60
sde               0.00   920.00    0.00 2401.00     0.00 90920.00    75.74     0.90    0.37    0.00    0.37   0.36  87.20
sde               0.00   875.00    0.00 2309.00     0.00 86144.00    74.62     0.88    0.38    0.00    0.38   0.38  87.60
sde               0.00   913.00    0.00 2406.00     0.00 89776.00    74.63     0.90    0.38    0.00    0.38   0.37  89.20
sde               0.00   855.00    0.00 2289.00     0.00 84848.00    74.14     0.88    0.38    0.00    0.38   0.38  86.40
sde               0.00   889.00    0.00 2331.00     0.00 86004.00    73.79     0.89    0.38    0.00    0.38   0.38  89.20
sde               0.00   882.00    0.00 2256.00     0.00 89188.00    79.07     0.90    0.40    0.00    0.40   0.40  89.20
sde               0.00   914.00    0.00 2417.00     0.00 91208.00    75.47     0.88    0.37    0.00    0.37   0.36  88.00
sde               0.00   916.00    0.00 2433.00     0.00 88716.00    72.93     0.90    0.37    0.00    0.37   0.36  88.80
sde               0.00   891.00    0.00 2360.00     0.00 87500.00    74.15     0.87    0.37    0.00    0.37   0.37  86.80
sde               0.00   918.00    0.00 2387.00     0.00 92020.00    77.10     0.88    0.37    0.00    0.37   0.36  86.80
sde               0.00   869.00    0.00 2260.00     0.00 84560.00    74.83     0.86    0.38    0.00    0.38   0.38  86.40
sde               0.00   891.00    0.00 2364.00     0.00 87516.00    74.04     0.87    0.37    0.00    0.37   0.37  86.40
sde               0.00   896.00    0.00 2363.00     0.00 87280.00    73.87     0.91    0.39    0.00    0.39   0.38  90.00
sde               0.00   875.00    0.00 2302.00     0.00 86104.00    74.81     0.87    0.38    0.00    0.38   0.37  86.00
sde               0.00   892.00    0.00 2328.00     0.00 88304.00    75.86     0.84    0.36    0.00    0.36   0.36  84.40
sde               0.00   884.00    0.00 2250.00     0.00 89184.00    79.27     0.85    0.38    0.00    0.38   0.38  84.80
sde               0.00   907.00    0.00 2408.00     0.00 88856.00    73.80     0.90    0.38    0.00    0.38   0.38  90.40
sde               0.00   906.00    0.00 2369.00     0.00 88484.00    74.70     0.90    0.38    0.00    0.38   0.38  89.60
sde               0.00   900.00    0.00 2399.00     0.00 87652.00    73.07     0.88    0.37    0.00    0.37   0.36  87.20
sde               0.00   910.00    0.00 2371.00     0.00 89652.00    75.62     0.86    0.36    0.00    0.36   0.36  84.80
sde               0.00   861.00    0.00 2253.00     0.00 84640.00    75.14     0.86    0.38    0.00    0.38   0.38  86.00
sde               0.00   904.00    0.00 2389.00     0.00 88656.00    74.22     0.85    0.36    0.00    0.36   0.35  84.80
sde               0.00   910.00    0.00 2361.00     0.00 89620.00    75.92     0.90    0.38    0.00    0.38   0.38  90.00
sde               0.00   898.00    0.00 2335.00     0.00 86308.00    73.93     0.86    0.37    0.00    0.37   0.37  85.60
sde               0.00   932.00    0.00 2413.00     0.00 94456.00    78.29     0.94    0.39    0.00    0.39   0.38  90.80
sde               0.00   865.00    0.00 2274.00     0.00 84720.00    74.51     0.87    0.38    0.00    0.38   0.38  86.80
sde               0.00   880.00    0.00 2345.00     0.00 86152.00    73.48     0.89    0.38    0.00    0.38   0.37  87.60
sde               0.00   898.00    0.00 2354.00     0.00 86112.00    73.16     0.88    0.37    0.00    0.37   0.37  88.00
sde               0.00   877.00    0.00 2327.00     0.00 86200.00    74.09     0.90    0.39    0.00    0.39   0.39  90.40
sde               0.00   898.00    0.00 2361.00     0.00 86128.00    72.96     0.88    0.37    0.00    0.37   0.37  88.00
sde               0.00   926.00    0.00 2394.00     0.00 92204.00    77.03     0.88    0.37    0.00    0.37   0.37  87.60
sde               0.00   914.00    0.00 2406.00     0.00 89900.00    74.73     0.88    0.36    0.00    0.36   0.36  87.60
sde               0.00   879.00    0.00 2279.00     0.00 85812.00    75.31     0.90    0.39    0.00    0.39   0.39  89.20
sde               0.00   893.00    0.00 2390.00     0.00 86452.00    72.34     0.84    0.35    0.00    0.35   0.35  84.00
sde               0.00   912.00    0.00 2377.00     0.00 89672.00    75.45     0.88    0.37    0.00    0.37   0.37  87.60
sde               0.00   872.00    0.00 2243.00     0.00 88100.00    78.56     0.85    0.38    0.00    0.38   0.38  84.80
sde               0.00   895.00    0.00 2348.00     0.00 89644.00    76.36     0.86    0.37    0.00    0.37   0.37  86.40
sde               0.00   910.00    0.00 2341.00     0.00 89564.00    76.52     0.86    0.37    0.00    0.37   0.37  86.00
sde               0.00   866.00    0.00 2314.00     0.00 84964.00    73.43     0.84    0.36    0.00    0.36   0.36  84.00
sde               0.00   897.00    0.00 2353.00     0.00 87248.00    74.16     0.89    0.38    0.00    0.38   0.37  88.00
sde               0.00   884.00    0.00 2363.00     0.00 86336.00    73.07     0.86    0.36    0.00    0.36   0.36  85.60
sde               0.00   866.00    0.00 2258.00     0.00 84548.00    74.89     0.84    0.37    0.00    0.37   0.37  84.00
sde               0.00   884.00    0.00 2299.00     0.00 88312.00    76.83     0.84    0.37    0.00    0.37   0.37  84.40
sde               0.00   878.00    0.00 2316.00     0.00 84892.00    73.31     0.83    0.36    0.00    0.36   0.36  82.80
sde               0.00   849.00    0.00 2219.00     0.00 84368.00    76.04     0.88    0.39    0.00    0.39   0.39  87.60
sde               0.00   832.00    0.00 2225.00     0.00 81124.00    72.92     0.82    0.37    0.00    0.37   0.37  81.60
sde               0.00   867.00    0.00 2295.00     0.00 85800.00    74.77     0.84    0.36    0.00    0.36   0.36  82.40
