sde               0.00     1.20    0.00    2.38     0.00   152.98   128.60     0.01    3.01    1.91    3.01   0.41   0.10
sde               0.00     1.00    0.00    4.00     0.00    20.00    10.00     0.00    0.00    0.00    0.00   0.00   0.00
sde               0.00   424.00    0.00 1402.00     0.00 62436.00    89.07     0.83    0.59    0.00    0.59   0.38  53.20
sde               0.00   655.00    0.00 2234.00     0.00 118576.00   106.16     1.50    0.67    0.00    0.67   0.39  86.80
sde               0.00   633.00    0.00 2267.00     0.00 98316.00    86.74     1.36    0.60    0.00    0.60   0.38  86.80
sde               0.00   564.00    0.00 1934.00     0.00 104712.00   108.29     1.47    0.76    0.00    0.76   0.44  85.20
sde               0.00   623.00    0.00 2162.00     0.00 115656.00   106.99     1.52    0.71    0.00    0.71   0.40  87.20
sde               0.00   609.00    0.00 1999.00     0.00 120220.00   120.28     1.54    0.77    0.00    0.77   0.42  84.00
sde               0.00   656.00    0.00 2188.00     0.00 100736.00    92.08     1.38    0.63    0.00    0.63   0.38  82.40
sde               0.00   627.00    0.00 2111.00     0.00 92732.00    87.86     1.42    0.67    0.00    0.67   0.39  83.20
sde               0.00   655.00    0.00 2239.00     0.00 85464.00    76.34     1.32    0.59    0.00    0.59   0.38  85.20
sde               0.00   652.00    0.00 2217.00     0.00 93176.00    84.06     1.27    0.57    0.00    0.57   0.38  85.20
sde               0.00   635.00    0.00 2147.00     0.00 94732.00    88.25     1.39    0.64    0.00    0.64   0.39  84.80
sde               0.00   668.00    0.00 2260.00     0.00 89448.00    79.16     1.37    0.60    0.00    0.60   0.37  84.40
sde               0.00   638.00    0.00 2019.00     0.00 102124.00   101.16     1.20    0.60    0.00    0.60   0.40  81.60
sde               0.00   662.00    0.00 2104.00     0.00 95508.00    90.79     1.24    0.59    0.00    0.59   0.40  84.40
sde               0.00   612.00    0.00 1934.00     0.00 87136.00    90.11     1.27    0.66    0.00    0.66   0.43  84.00
sde               0.00   655.00    0.00 2115.00     0.00 90236.00    85.33     1.22    0.58    0.00    0.58   0.40  84.40
sde               0.00   672.00    0.00 2143.00     0.00 95652.00    89.27     1.20    0.56    0.00    0.56   0.40  85.60
sde               0.00   676.00    0.00 2119.00     0.00 95448.00    90.09     1.15    0.54    0.00    0.54   0.40  84.00
sde               0.00   681.00    0.00 2247.00     0.00 91016.00    81.01     1.19    0.53    0.00    0.53   0.38  84.80
sde               0.00   659.00    0.00 2132.00     0.00 87768.00    82.33     1.15    0.54    0.00    0.54   0.41  87.20
sde               0.00   636.00    0.00 2002.00     0.00 97680.00    97.58     1.19    0.59    0.00    0.59   0.43  85.20
sde               0.00   671.00    0.00 2228.00     0.00 88316.00    79.28     1.14    0.51    0.00    0.51   0.39  86.40
sde               0.00   670.00    0.00 2166.00     0.00 90492.00    83.56     1.10    0.51    0.00    0.51   0.37  80.40
sde               0.00   654.00    0.00 2015.00     0.00 100312.00    99.57     1.18    0.59    0.00    0.59   0.41  82.80
sde               0.00   670.00    0.00 2129.00     0.00 103268.00    97.01     1.17    0.55    0.00    0.55   0.38  80.00
sde               0.00   668.00    0.00 2110.00     0.00 97984.00    92.88     1.21    0.57    0.00    0.57   0.41  86.80
sde               0.00   661.00    0.00 2117.00     0.00 92992.00    87.85     1.15    0.54    0.00    0.54   0.39  83.60
sde               0.00   654.00    0.00 2142.00     0.00 98132.00    91.63     1.24    0.58    0.00    0.58   0.39  84.40
sde               0.00   590.00    0.00 1984.00     0.00 82028.00    82.69     1.32    0.67    0.00    0.67   0.42  84.00
sde               0.00   563.00    0.00 1821.00     0.00 86452.00    94.95     1.38    0.76    0.00    0.76   0.45  82.80
sde               0.00   624.00    0.00 1947.00     0.00 94844.00    97.43     1.38    0.71    0.00    0.71   0.43  82.80
sde               0.00   638.00    0.00 2098.00     0.00 87728.00    83.63     1.24    0.59    0.00    0.59   0.39  82.80
sde               0.00   662.00    0.00 2092.00     0.00 100412.00    96.00     1.25    0.60    0.00    0.60   0.40  83.60
sde               0.00   664.00    0.00 2161.00     0.00 95640.00    88.51     1.27    0.59    0.00    0.59   0.38  82.00
sde               0.00   663.00    0.00 2171.00     0.00 88040.00    81.11     1.11    0.51    0.00    0.51   0.38  82.80
sde               0.00   686.00    0.00 2223.00     0.00 93252.00    83.90     1.19    0.54    0.00    0.54   0.37  82.80
sde               0.00   667.00    0.00 2185.00     0.00 88636.00    81.13     1.17    0.53    0.00    0.53   0.39  86.00
sde               0.00   640.00    0.00 2129.00     0.00 93916.00    88.23     1.31    0.62    0.00    0.62   0.39  83.60
sde               0.00   605.00    0.00 1949.00     0.00 90520.00    92.89     1.38    0.71    0.00    0.71   0.42  82.80
sde               0.00   585.00    0.00 1943.00     0.00 87108.00    89.66     1.41    0.72    0.00    0.72   0.44  84.80
sde               0.00   610.00    0.00 2016.00     0.00 88360.00    87.66     1.35    0.67    0.00    0.67   0.41  83.60
sde               0.00   622.00    0.00 2051.00     0.00 86340.00    84.19     1.32    0.65    0.00    0.65   0.41  84.00
sde               0.00   634.00    0.00 2042.00     0.00 95152.00    93.19     1.22    0.60    0.00    0.60   0.42  84.80
sde               0.00   594.00    0.00 1922.00     0.00 95696.00    99.58     1.34    0.68    0.00    0.68   0.44  84.40
sde               0.00   640.00    0.00 2014.00     0.00 96584.00    95.91     1.13    0.57    0.00    0.57   0.41  83.20
sde               0.00   675.00    0.00 2197.00     0.00 93288.00    84.92     1.11    0.51    0.00    0.51   0.38  84.00
sde               0.00   603.00    0.00 2033.00     0.00 79748.00    78.45     1.29    0.63    0.00    0.63   0.41  82.80
sde               0.00   586.00    0.00 1868.00     0.00 86756.00    92.89     1.27    0.68    0.00    0.68   0.46  85.20
sde               0.00   644.00    0.00 2089.00     0.00 90396.00    86.54     1.06    0.51    0.00    0.51   0.39  82.40
sde               0.00   667.00    0.00 2173.00     0.00 100972.00    92.93     1.12    0.52    0.00    0.52   0.39  84.40
sde               0.00   661.00    0.00 2113.00     0.00 96532.00    91.37     1.14    0.54    0.00    0.54   0.40  85.20
sde               0.00   637.00    0.00 2049.00     0.00 99436.00    97.06     1.18    0.58    0.00    0.58   0.42  85.60
sde               0.00   644.00    0.00 2109.00     0.00 93004.00    88.20     1.16    0.55    0.00    0.55   0.41  86.00
sde               0.00   675.00    0.00 2165.00     0.00 95716.00    88.42     1.13    0.53    0.00    0.53   0.39  84.80
sde               0.00   662.00    0.00 2166.00     0.00 93248.00    86.10     1.10    0.51    0.00    0.51   0.39  83.60
sde               0.00   613.00    0.00 1967.00     0.00 95016.00    96.61     1.16    0.59    0.00    0.59   0.43  84.80
sde               0.00   662.00    0.00 2107.00     0.00 100608.00    95.50     1.10    0.52    0.00    0.52   0.39  83.20
sde               0.00   628.00    0.00 2020.00     0.00 95336.00    94.39     1.10    0.55    0.00    0.55   0.41  83.60
sde               0.00   555.00    0.00 1828.00     0.00 78928.00    86.35     1.19    0.65    0.00    0.65   0.45  82.40
sde               0.00   526.00    0.00 1653.00     0.00 83516.00   101.05     1.26    0.76    0.00    0.76   0.51  84.00
sde               0.00   570.00    0.00 1771.00     0.00 78940.00    89.15     1.24    0.70    0.00    0.70   0.48  85.60
sde               0.00   525.00    0.00 1669.00     0.00 73720.00    88.34     1.22    0.72    0.00    0.72   0.50  84.00
sde               0.00   538.00    0.00 1830.00     0.00 73508.00    80.34     1.30    0.72    0.00    0.72   0.48  88.40
sde               0.00   520.00    0.00 1691.00     0.00 69188.00    81.83     1.25    0.73    0.00    0.73   0.51  86.40
sde               0.00   598.00    0.00 1931.00     0.00 88848.00    92.02     1.16    0.61    0.00    0.61   0.44  85.20
sde               0.00   605.00    0.00 1926.00     0.00 89624.00    93.07     1.20    0.62    0.00    0.62   0.45  86.80
sde               0.00   473.00    0.00 1541.00     0.00 71368.00    92.63     1.30    0.83    0.00    0.83   0.56  86.80
sde               0.00   579.00    0.00 1898.00     0.00 76672.00    80.79     1.20    0.64    0.00    0.64   0.44  83.60
sde               0.00   546.00    0.00 1799.00     0.00 72916.00    81.06     1.18    0.66    0.00    0.66   0.48  87.20
sde               0.00   589.00    0.00 1929.00     0.00 81920.00    84.94     1.20    0.62    0.00    0.62   0.44  84.80
sde               0.00   532.00    0.00 1769.00     0.00 71136.00    80.43     1.26    0.71    0.00    0.71   0.49  87.20
sde               0.00   538.00    0.00 1719.00     0.00 81188.00    94.46     1.24    0.72    0.00    0.72   0.49  84.80
sde               0.00   607.00    0.00 1977.00     0.00 84796.00    85.78     1.11    0.56    0.00    0.56   0.41  81.60
sde               0.00   592.00    0.00 1866.00     0.00 94504.00   101.29     1.20    0.64    0.00    0.64   0.45  83.60
sde               0.00   557.00    0.00 1818.00     0.00 76488.00    84.15     1.20    0.66    0.00    0.66   0.47  86.00
sde               0.00   608.00    0.00 1969.00     0.00 93460.00    94.93     1.15    0.57    0.00    0.57   0.42  83.60
sde               0.00   553.00    0.00 1761.00     0.00 82936.00    94.19     1.29    0.75    0.00    0.75   0.51  90.40
sde               0.00   650.00    0.00 2082.00     0.00 95376.00    91.62     1.20    0.58    0.00    0.58   0.42  87.20
sde               0.00   581.00    0.00 1899.00     0.00 82040.00    86.40     1.16    0.62    0.00    0.62   0.45  85.60
sde               0.00   629.00    0.00 2050.00     0.00 92640.00    90.38     1.07    0.52    0.00    0.52   0.39  80.40
sde               0.00   526.00    0.00 1635.00     0.00 87032.00   106.46     1.26    0.76    0.00    0.76   0.50  82.40
sde               0.00   485.00    0.00 1584.00     0.00 69352.00    87.57     1.28    0.81    0.00    0.81   0.54  86.00
sde               0.00   435.00    0.00 1323.00     0.00 74628.00   112.82     1.33    1.01    0.00    1.01   0.65  86.00
sde               0.00   444.00    0.00 1415.00     0.00 73164.00   103.41     1.40    0.98    0.00    0.98   0.61  86.80
sde               0.00   555.00    0.00 1828.00     0.00 75488.00    82.59     1.25    0.69    0.00    0.69   0.47  86.00
sde               0.00   487.00    0.00 1498.00     0.00 82884.00   110.66     1.25    0.83    0.00    0.83   0.56  83.20
sde               0.00   644.00    0.00 2072.00     0.00 95452.00    92.14     1.11    0.54    0.00    0.54   0.41  84.40
sde               0.00   640.00    0.00 2111.00     0.00 87756.00    83.14     1.10    0.52    0.00    0.52   0.41  85.60
sde               0.00   658.00    0.00 2080.00     0.00 100876.00    97.00     1.18    0.56    0.00    0.56   0.40  82.80
sde               0.00   656.00    0.00 2101.00     0.00 103880.00    98.89     1.16    0.55    0.00    0.55   0.40  83.20
sde               0.00   681.00    0.00 2041.00     0.00 107272.00   105.12     1.15    0.56    0.00    0.56   0.41  83.20
sde               0.00   651.00    0.00 2074.00     0.00 95476.00    92.07     1.10    0.53    0.00    0.53   0.40  82.80
sde               0.00   632.00    0.00 2011.00     0.00 100208.00    99.66     1.17    0.58    0.00    0.58   0.41  83.20
sde               0.00   652.00    0.00 2117.00     0.00 92956.00    87.82     1.15    0.54    0.00    0.54   0.40  84.80
sde               0.00   652.00    0.00 2052.00     0.00 105632.00   102.96     1.10    0.53    0.00    0.53   0.40  82.00
sde               0.00   623.00    0.00 1987.00     0.00 95236.00    95.86     1.10    0.56    0.00    0.56   0.42  82.80
sde               0.00   635.00    0.00 2035.00     0.00 93640.00    92.03     1.18    0.57    0.00    0.57   0.43  86.80
sde               0.00   642.00    0.00 2058.00     0.00 97824.00    95.07     1.07    0.52    0.00    0.52   0.40  82.00
sde               0.00   657.00    0.00 2098.00     0.00 102228.00    97.45     1.15    0.55    0.00    0.55   0.41  85.20
sde               0.00   616.00    0.00 1998.00     0.00 87344.00    87.43     1.13    0.57    0.00    0.57   0.42  84.00
sde               0.00   668.00    0.00 2113.00     0.00 98212.00    92.96     1.06    0.50    0.00    0.50   0.38  81.20
sde               0.00   633.00    0.00 2054.00     0.00 95364.00    92.86     1.10    0.54    0.00    0.54   0.40  81.20
sde               0.00   662.00    0.00 2125.00     0.00 98100.00    92.33     1.20    0.56    0.00    0.56   0.41  87.60
sde               0.00   655.00    0.00 2129.00     0.00 93236.00    87.59     1.13    0.53    0.00    0.53   0.41  86.80
sde               0.00   684.00    0.00 2168.00     0.00 103432.00    95.42     1.12    0.52    0.00    0.52   0.39  84.80
sde               0.00   639.00    0.00 2091.00     0.00 92928.00    88.88     1.12    0.54    0.00    0.54   0.40  84.40
sde               0.00   677.00    0.00 2165.00     0.00 95728.00    88.43     1.08    0.50    0.00    0.50   0.39  83.60
sde               0.00   619.00    0.00 1988.00     0.00 95100.00    95.67     1.14    0.58    0.00    0.58   0.41  81.60
sde               0.00   668.00    0.00 2197.00     0.00 95920.00    87.32     1.15    0.52    0.00    0.52   0.39  85.60
sde               0.00   654.00    0.00 2130.00     0.00 87988.00    82.62     1.13    0.53    0.00    0.53   0.41  86.40
sde               0.00   603.00    0.00 1953.00     0.00 92236.00    94.46     1.12    0.58    0.00    0.58   0.41  80.40
sde               0.00   678.00    0.00 2235.00     0.00 90988.00    81.42     1.12    0.50    0.00    0.50   0.39  86.40
sde               0.00   650.00    0.00 2096.00     0.00 90672.00    86.52     1.16    0.55    0.00    0.55   0.41  85.20
sde               0.00   674.00    0.00 2164.00     0.00 105680.00    97.67     1.22    0.57    0.00    0.57   0.40  87.20
sde               0.00   625.00    0.00 2036.00     0.00 90172.00    88.58     1.06    0.52    0.00    0.52   0.41  82.80
sde               0.00   639.00    0.00 2051.00     0.00 95360.00    92.99     1.09    0.53    0.00    0.53   0.40  81.20
sde               0.00   631.00    0.00 2033.00     0.00 90176.00    88.71     1.10    0.54    0.00    0.54   0.41  83.60
sde               0.00   657.00    0.00 2138.00     0.00 95572.00    89.40     1.10    0.51    0.00    0.51   0.39  82.80
sde               0.00   664.00    0.00 2164.00     0.00 90688.00    83.82     1.11    0.51    0.00    0.51   0.39  84.80
sde               0.00   640.00    0.00 2136.00     0.00 85416.00    79.98     1.08    0.50    0.00    0.50   0.39  83.20
sde               0.00   659.00    0.00 2029.00     0.00 90160.00    88.87     1.18    0.59    0.00    0.59   0.41  84.00
sde               0.00   612.00    0.00 1961.00     0.00 94984.00    96.87     1.12    0.58    0.00    0.58   0.41  80.00
sde               0.00   654.00    0.00 2094.00     0.00 95408.00    91.13     1.14    0.54    0.00    0.54   0.40  84.00
sde               0.00   660.00    0.00 2114.00     0.00 103312.00    97.74     1.12    0.53    0.00    0.53   0.40  84.80
sde               0.00   603.00    0.00 1908.00     0.00 94792.00    99.36     1.11    0.58    0.00    0.58   0.44  83.20
sde               0.00   674.00    0.00 2158.00     0.00 93268.00    86.44     1.08    0.50    0.00    0.50   0.39  83.20
sde               0.00   665.00    0.00 2106.00     0.00 105724.00   100.40     1.12    0.53    0.00    0.53   0.40  84.00
sde               0.00   634.00    0.00 2042.00     0.00 95324.00    93.36     1.09    0.54    0.00    0.54   0.40  81.60
sde               0.00   644.00    0.00 2065.00     0.00 92872.00    89.95     1.09    0.53    0.00    0.53   0.41  84.40
sde               0.00   658.00    0.00 2141.00     0.00 95584.00    89.29     1.11    0.52    0.00    0.52   0.38  82.40
sde               0.00   634.00    0.00 1992.00     0.00 100272.00   100.67     1.10    0.55    0.00    0.55   0.42  84.00
sde               0.00   650.00    0.00 2093.00     0.00 90304.00    86.29     1.10    0.53    0.00    0.53   0.41  84.80
sde               0.00   628.00    0.00 1998.00     0.00 100292.00   100.39     1.16    0.58    0.00    0.58   0.41  82.00
sde               0.00   670.00    0.00 2165.00     0.00 98372.00    90.87     1.17    0.54    0.00    0.54   0.40  86.00
sde               0.00   647.00    0.00 2042.00     0.00 100348.00    98.28     1.14    0.55    0.00    0.55   0.41  83.20
sde               0.00   640.00    0.00 2033.00     0.00 102992.00   101.32     1.16    0.58    0.00    0.58   0.41  84.00
sde               0.00   672.00    0.00 2130.00     0.00 100832.00    94.68     1.13    0.53    0.00    0.53   0.40  84.40
sde               0.00   559.00    0.00 1776.00     0.00 86440.00    97.34     1.23    0.70    0.00    0.70   0.48  84.40
sde               0.00   651.00    0.00 2092.00     0.00 103204.00    98.67     1.15    0.55    0.00    0.55   0.40  84.00
sde               0.00   649.00    0.00 2101.00     0.00 90316.00    85.97     1.07    0.51    0.00    0.51   0.40  84.40
sde               0.00   640.00    0.00 2108.00     0.00 93116.00    88.35     1.08    0.51    0.00    0.51   0.39  81.60
sde               0.00   634.00    0.00 2069.00     0.00 88636.00    85.68     1.06    0.51    0.00    0.51   0.40  83.20
sde               0.00   663.00    0.00 2160.00     0.00 92216.00    85.39     1.12    0.52    0.00    0.52   0.39  85.20
sde               0.00   620.00    0.00 1939.00     0.00 99924.00   103.07     1.15    0.60    0.00    0.60   0.42  82.40
sde               0.00   527.00    0.00 1728.00     0.00 84908.00    98.27     1.21    0.69    0.00    0.69   0.49  84.00
sde               0.00   637.00    0.00 1986.00     0.00 101680.00   102.40     1.17    0.60    0.00    0.60   0.42  84.00
sde               0.00   627.00    0.00 2004.00     0.00 95176.00    94.99     1.16    0.58    0.00    0.58   0.43  85.20
sde               0.00   627.00    0.00 2026.00     0.00 97676.00    96.42     1.17    0.58    0.00    0.58   0.41  82.80
sde               0.00   629.00    0.00 2006.00     0.00 95300.00    95.01     1.13    0.56    0.00    0.56   0.42  84.00
sde               0.00   681.00    0.00 2148.00     0.00 103216.00    96.10     1.12    0.53    0.00    0.53   0.39  83.20
sde               0.00   665.00    0.00 2112.00     0.00 89028.00    84.31     1.10    0.52    0.00    0.52   0.40  83.60
sde               0.00   672.00    0.00 2192.00     0.00 92344.00    84.26     1.10    0.50    0.00    0.50   0.39  84.80
sde               0.00   652.00    0.00 2096.00     0.00 90312.00    86.18     1.14    0.54    0.00    0.54   0.42  87.20
sde               0.00   645.00    0.00 2200.00     0.00 85720.00    77.93     1.19    0.54    0.00    0.54   0.39  86.40
sde               0.00   647.00    0.00 2146.00     0.00 99420.00    92.66     1.36    0.63    0.00    0.63   0.39  83.60
sde               0.00   636.00    0.00 2078.00     0.00 93796.00    90.28     1.21    0.59    0.00    0.59   0.40  83.20
sde               0.00   653.00    0.00 2079.00     0.00 95268.00    91.65     1.19    0.57    0.00    0.57   0.40  83.20
sde               0.00   643.00    0.00 2046.00     0.00 92664.00    90.58     1.20    0.59    0.00    0.59   0.41  83.60
sde               0.00   627.00    0.00 2028.00     0.00 87484.00    86.28     1.21    0.60    0.00    0.60   0.42  85.20
sde               0.00   686.00    0.00 2226.00     0.00 93416.00    83.93     1.17    0.53    0.00    0.53   0.38  85.60
sde               0.00   607.00    0.00 1930.00     0.00 86980.00    90.13     1.22    0.63    0.00    0.63   0.44  85.20
sde               0.00   661.00    0.00 2190.00     0.00 85704.00    78.27     1.09    0.49    0.00    0.49   0.37  81.20
sde               0.00   655.00    0.00 2113.00     0.00 90272.00    85.44     1.19    0.57    0.00    0.57   0.39  82.80
sde               0.00   621.00    0.00 1941.00     0.00 99956.00   102.99     1.31    0.67    0.00    0.67   0.43  83.20
sde               0.00   641.00    0.00 2062.00     0.00 87636.00    85.00     1.23    0.60    0.00    0.60   0.40  82.80
sde               0.00   646.00    0.00 1978.00     0.00 105108.00   106.28     1.18    0.60    0.00    0.60   0.41  81.60
sde               0.00   638.00    0.00 2029.00     0.00 95168.00    93.81     1.08    0.53    0.00    0.53   0.39  78.40
sde               0.00   667.00    0.00 2088.00     0.00 103104.00    98.76     1.18    0.56    0.00    0.56   0.38  80.00
sde               0.00   652.00    0.00 2030.00     0.00 97628.00    96.19     1.15    0.57    0.00    0.57   0.40  80.80
sde               0.00   648.00    0.00 2047.00     0.00 97792.00    95.55     1.26    0.62    0.00    0.62   0.42  85.60
sde               0.00   673.00    0.00 2132.00     0.00 95460.00    89.55     1.20    0.56    0.00    0.56   0.39  82.80
sde               0.00   663.00    0.00 2059.00     0.00 98836.00    96.00     1.26    0.61    0.00    0.61   0.41  83.60
sde               0.00   601.00    0.00 1938.00     0.00 91256.00    94.18     1.25    0.65    0.00    0.65   0.43  83.60
sde               0.00   618.00    0.00 1966.00     0.00 92360.00    93.96     1.15    0.59    0.00    0.59   0.42  82.40
sde               0.00   654.00    0.00 2043.00     0.00 97700.00    95.64     1.12    0.55    0.00    0.55   0.39  78.80
sde               0.00   659.00    0.00 2080.00     0.00 104064.00   100.06     1.19    0.57    0.00    0.57   0.40  82.80
sde               0.00   682.00    0.00 2176.00     0.00 92064.00    84.62     1.21    0.56    0.00    0.56   0.40  86.00
sde               0.00   653.00    0.00 2146.00     0.00 82928.00    77.29     1.11    0.52    0.00    0.52   0.38  81.60
sde               0.00   659.00    0.00 1994.00     0.00 105124.00   105.44     1.22    0.61    0.00    0.61   0.41  82.00
sde               0.00   669.00    0.00 2123.00     0.00 100696.00    94.86     1.18    0.56    0.00    0.56   0.39  82.40
sde               0.00   697.00    0.00 2176.00     0.00 93212.00    85.67     1.12    0.51    0.00    0.51   0.38  82.80
sde               0.00   632.00    0.00 2074.00     0.00 88656.00    85.49     1.12    0.54    0.00    0.54   0.40  82.80
sde               0.00   654.00    0.00 2071.00     0.00 99568.00    96.15     1.10    0.54    0.00    0.54   0.40  83.20
sde               0.00   646.00    0.00 2092.00     0.00 95520.00    91.32     1.09    0.52    0.00    0.52   0.39  82.00
sde               0.00   607.00    0.00 1897.00     0.00 99748.00   105.16     1.19    0.63    0.00    0.63   0.44  84.00
sde               0.00   629.00    0.00 1970.00     0.00 97636.00    99.12     1.12    0.57    0.00    0.57   0.42  83.20
sde               0.00   634.00    0.00 2017.00     0.00 97808.00    96.98     1.10    0.55    0.00    0.55   0.41  82.00
sde               0.00   617.00    0.00 2036.00     0.00 87568.00    86.02     1.06    0.52    0.00    0.52   0.39  80.00
sde               0.00   662.00    0.00 2108.00     0.00 98028.00    93.01     1.10    0.52    0.00    0.52   0.38  80.40
sde               0.00   646.00    0.00 2089.00     0.00 93964.00    89.96     1.06    0.50    0.00    0.50   0.38  79.20
sde               0.00   638.00    0.00 2054.00     0.00 94336.00    91.86     1.07    0.52    0.00    0.52   0.40  82.00
sde               0.00   659.00    0.00 2079.00     0.00 100508.00    96.69     1.16    0.56    0.00    0.56   0.40  84.00
sde               0.00   659.00    0.00 2174.00     0.00 88152.00    81.10     1.08    0.50    0.00    0.50   0.39  84.00
sde               0.00   625.00    0.00 2035.00     0.00 90152.00    88.60     1.08    0.53    0.00    0.53   0.40  81.20
sde               0.00   677.00    0.00 2191.00     0.00 95804.00    87.45     1.17    0.53    0.00    0.53   0.39  84.40
sde               0.00   648.00    0.00 2093.00     0.00 99100.00    94.70     1.12    0.53    0.00    0.53   0.40  83.20
sde               0.00   656.00    0.00 2142.00     0.00 94700.00    88.42     1.07    0.50    0.00    0.50   0.37  80.00
sde               0.00   651.49    0.00 2106.93     0.00 92194.06    87.52     1.03    0.49    0.00    0.49   0.39  81.19
sde               0.00   619.00    0.00 1945.00     0.00 100976.00   103.83     1.13    0.58    0.00    0.58   0.42  80.80
sde               0.00   649.00    0.00 2142.00     0.00 89552.00    83.62     1.12    0.53    0.00    0.53   0.40  85.60
sde               0.00   673.00    0.00 2172.00     0.00 93172.00    85.79     1.07    0.49    0.00    0.49   0.38  82.00
sde               0.00   626.00    0.00 2075.00     0.00 87716.00    84.55     1.05    0.51    0.00    0.51   0.40  82.00
sde               0.00   656.00    0.00 2079.00     0.00 105740.00   101.72     1.16    0.56    0.00    0.56   0.40  82.40
sde               0.00   630.00    0.00 1985.00     0.00 97668.00    98.41     1.13    0.57    0.00    0.57   0.42  83.20
sde               0.00   643.00    0.00 2093.00     0.00 92808.00    88.68     1.09    0.52    0.00    0.52   0.40  82.80
sde               0.00   604.00    0.00 1970.00     0.00 87332.00    88.66     1.14    0.58    0.00    0.58   0.42  82.40
sde               0.00   614.00    0.00 1999.00     0.00 87444.00    87.49     1.14    0.57    0.00    0.57   0.41  82.80
sde               0.00   644.00    0.00 2081.00     0.00 98020.00    94.20     1.09    0.52    0.00    0.52   0.39  82.00
sde               0.00   632.00    0.00 1984.00     0.00 100112.00   100.92     1.12    0.57    0.00    0.57   0.41  82.00
sde               0.00   654.00    0.00 2100.00     0.00 98112.00    93.44     1.13    0.54    0.00    0.54   0.40  84.80
sde               0.00   699.00    0.00 2157.00     0.00 106016.00    98.30     1.18    0.55    0.00    0.55   0.39  85.20
sde               0.00   641.00    0.00 2151.00     0.00 85488.00    79.49     1.07    0.50    0.00    0.50   0.39  84.00
sde               0.00   663.00    0.00 2082.00     0.00 100656.00    96.69     1.08    0.52    0.00    0.52   0.40  83.20
sde               0.00   651.00    0.00 2078.00     0.00 95364.00    91.78     1.13    0.54    0.00    0.54   0.40  84.00
sde               0.00   643.00    0.00 2077.00     0.00 98024.00    94.39     1.12    0.54    0.00    0.54   0.40  83.60
sde               0.00   655.00    0.00 2064.00     0.00 103004.00    99.81     1.09    0.53    0.00    0.53   0.39  80.80
sde               0.00   632.00    0.00 1970.00     0.00 107848.00   109.49     1.18    0.60    0.00    0.60   0.43  85.20
sde               0.00   664.00    0.00 2183.00     0.00 90664.00    83.06     1.14    0.52    0.00    0.52   0.39  86.00
sde               0.00   660.00    0.00 2131.00     0.00 95816.00    89.93     1.04    0.49    0.00    0.49   0.38  80.00
sde               0.00   626.00    0.00 2014.00     0.00 96104.00    95.44     1.12    0.55    0.00    0.55   0.42  84.80
sde               0.00   661.00    0.00 2132.00     0.00 97112.00    91.10     1.12    0.53    0.00    0.53   0.38  82.00
sde               0.00   656.00    0.00 2089.00     0.00 98228.00    94.04     1.09    0.52    0.00    0.52   0.39  82.40
sde               0.00   624.00    0.00 1964.00     0.00 100044.00   101.88     1.14    0.58    0.00    0.58   0.41  81.20
sde               0.00   653.00    0.00 2117.00     0.00 98044.00    92.63     1.14    0.53    0.00    0.53   0.39  82.80
sde               0.00   656.00    0.00 2047.00     0.00 105624.00   103.20     1.06    0.53    0.00    0.53   0.39  79.60
sde               0.00   644.00    0.00 1992.00     0.00 105296.00   105.72     1.18    0.59    0.00    0.59   0.42  82.80
sde               0.00   653.00    0.00 2176.00     0.00 91836.00    84.41     1.05    0.48    0.00    0.48   0.36  78.80
sde               0.00   664.00    0.00 2162.00     0.00 89544.00    82.83     1.10    0.52    0.00    0.52   0.38  82.80
sde               0.00   673.00    0.00 2205.00     0.00 88164.00    79.97     1.12    0.51    0.00    0.51   0.38  82.80
sde               0.00   604.00    0.00 1957.00     0.00 95072.00    97.16     1.14    0.58    0.00    0.58   0.42  82.80
sde               0.00   613.00    0.00 1936.00     0.00 95680.00    98.84     1.14    0.58    0.00    0.58   0.43  82.40
sde               0.00   613.00    0.00 1949.00     0.00 99196.00   101.79     1.07    0.56    0.00    0.56   0.43  83.20
sde               0.00   629.00    0.00 2011.00     0.00 100304.00    99.76     1.14    0.56    0.00    0.56   0.40  80.40
sde               0.00   645.00    0.00 2058.00     0.00 95284.00    92.60     1.06    0.52    0.00    0.52   0.40  82.80
sde               0.00   671.00    0.00 2196.00     0.00 90692.00    82.60     1.05    0.48    0.00    0.48   0.38  82.80
sde               0.00   680.00    0.00 2211.00     0.00 101240.00    91.58     1.18    0.53    0.00    0.53   0.39  86.80
