sde               0.00     1.29    0.00    2.70     0.00   171.19   126.64     0.01    2.75    1.91    2.75   0.41   0.11
sde               0.00     1.00    0.00    4.00     0.00    20.00    10.00     0.00    0.00    0.00    0.00   0.00   0.00
sde               0.00   335.00    0.00 1217.00     0.00 69656.00   114.47     1.54    1.27    0.00    1.27   0.40  49.20
sde               0.00   578.00    0.00 2208.00     0.00 100316.00    90.87     2.50    1.13    0.00    1.13   0.38  83.20
sde               0.00   538.00    0.00 2150.00     0.00 100224.00    93.23     2.53    1.18    0.00    1.18   0.39  83.20
sde               0.00   453.00    0.00 1762.00     0.00 87792.00    99.65     3.05    1.68    0.00    1.68   0.48  84.80
sde               0.00   518.00    0.00 1991.00     0.00 110124.00   110.62     2.87    1.49    0.00    1.49   0.44  86.80
sde               0.00   510.00    0.00 1971.00     0.00 106948.00   108.52     3.07    1.56    0.00    1.56   0.43  85.20
sde               0.00   526.00    0.00 2047.00     0.00 92260.00    90.14     2.54    1.24    0.00    1.24   0.42  85.60
sde               0.00   546.00    0.00 2068.00     0.00 107400.00   103.87     2.66    1.29    0.00    1.29   0.39  80.00
sde               0.00   509.00    0.00 1972.00     0.00 76536.00    77.62     2.78    1.41    0.00    1.41   0.44  87.20
sde               0.00   530.00    0.00 2036.00     0.00 84472.00    82.98     2.71    1.33    0.00    1.33   0.43  87.60
sde               0.00   533.00    0.00 2017.00     0.00 92436.00    91.66     2.65    1.30    0.00    1.30   0.43  86.00
sde               0.00   540.00    0.00 2104.00     0.00 84192.00    80.03     2.41    1.16    0.00    1.16   0.40  84.40
sde               0.00   513.00    0.00 1964.00     0.00 91816.00    93.50     2.79    1.42    0.00    1.42   0.42  82.40
sde               0.00   495.00    0.00 1877.00     0.00 83880.00    89.38     2.49    1.33    0.00    1.33   0.47  87.60
sde               0.00   496.00    0.00 1829.00     0.00 87588.00    95.78     2.63    1.39    0.00    1.39   0.47  85.60
sde               0.00   468.00    0.00 1710.00     0.00 84432.00    98.75     3.19    1.76    0.00    1.76   0.51  87.20
sde               0.00   437.00    0.00 1564.00     0.00 100660.00   128.72     2.67    1.87    0.00    1.87   0.52  81.20
sde               0.00   549.00    0.00 2029.00     0.00 92272.00    90.95     2.05    1.01    0.00    1.01   0.42  84.80
sde               0.00   545.00    0.00 2025.00     0.00 88544.00    87.45     1.91    0.93    0.00    0.93   0.40  81.20
sde               0.00   531.00    0.00 1941.00     0.00 103168.00   106.30     2.05    1.07    0.00    1.07   0.42  81.60
sde               0.00   565.00    0.00 2080.00     0.00 92348.00    88.80     1.93    0.93    0.00    0.93   0.38  78.80
sde               0.00   542.00    0.00 2027.00     0.00 85548.00    84.41     2.21    1.07    0.00    1.07   0.41  83.60
sde               0.00   464.00    0.00 1669.00     0.00 97476.00   116.81     2.77    1.68    0.00    1.68   0.52  86.00
sde               0.00   499.00    0.00 1802.00     0.00 105360.00   116.94     2.47    1.35    0.00    1.35   0.45  80.80
sde               0.00   603.00    0.00 2209.00     0.00 94196.00    85.28     1.78    0.82    0.00    0.82   0.36  80.00
sde               0.00   537.00    0.00 1948.00     0.00 114948.00   118.02     2.02    1.04    0.00    1.04   0.41  80.00
sde               0.00   563.00    0.00 2034.00     0.00 111904.00   110.03     2.19    1.05    0.00    1.05   0.41  82.80
sde               0.00   418.00    0.00 1511.00     0.00 85740.00   113.49     2.79    1.88    0.00    1.88   0.56  84.40
sde               0.00   364.00    0.00 1312.00     0.00 81780.00   124.66     2.96    2.26    0.00    2.26   0.67  88.40
sde               0.00   499.00    0.00 1815.00     0.00 76916.00    84.76     2.08    1.14    0.00    1.14   0.46  83.20
sde               0.00   513.00    0.00 1754.00     0.00 116460.00   132.79     2.46    1.37    0.00    1.37   0.47  82.80
sde               0.00   521.00    0.00 1889.00     0.00 88680.00    93.89     2.21    1.20    0.00    1.20   0.44  83.60
sde               0.00   558.00    0.00 2019.00     0.00 107456.00   106.44     2.04    1.01    0.00    1.01   0.41  82.00
sde               0.00   596.00    0.00 2204.00     0.00 93100.00    84.48     1.92    0.87    0.00    0.87   0.38  82.80
sde               0.00   526.00    0.00 1858.00     0.00 114364.00   123.10     2.02    1.09    0.00    1.09   0.41  76.40
sde               0.00   554.00    0.00 2004.00     0.00 102908.00   102.70     2.00    0.98    0.00    0.98   0.42  83.20
sde               0.00   543.00    0.00 1966.00     0.00 116008.00   118.01     2.24    1.12    0.00    1.12   0.41  80.80
sde               0.00   457.00    0.00 1662.00     0.00 78948.00    95.00     2.45    1.52    0.00    1.52   0.52  86.00
sde               0.00   509.00    0.00 1912.00     0.00 73028.00    76.39     2.20    1.08    0.00    1.08   0.43  82.00
sde               0.00   392.00    0.00 1395.00     0.00 85636.00   122.78     2.70    2.03    0.00    2.03   0.63  88.00
sde               0.00   491.00    0.00 1756.00     0.00 106520.00   121.32     2.00    1.14    0.00    1.14   0.47  83.20
sde               0.00   547.00    0.00 2024.00     0.00 77160.00    76.25     1.58    0.78    0.00    0.78   0.42  85.60
sde               0.00   409.00    0.00 1409.00     0.00 112828.00   160.15     2.41    1.72    0.00    1.72   0.56  79.60
sde               0.00   515.00    0.00 1834.00     0.00 106848.00   116.52     1.91    1.04    0.00    1.04   0.45  82.40
sde               0.00   539.00    0.00 1967.00     0.00 99804.00   101.48     1.73    0.88    0.00    0.88   0.41  80.40
sde               0.00   497.00    0.00 1809.00     0.00 83732.00    92.57     1.94    1.07    0.00    1.07   0.48  86.80
sde               0.00   529.00    0.00 1931.00     0.00 92000.00    95.29     1.88    0.97    0.00    0.97   0.43  82.40
sde               0.00   559.00    0.00 2043.00     0.00 92456.00    90.51     1.57    0.77    0.00    0.77   0.39  80.40
sde               0.00   553.00    0.00 2016.00     0.00 99888.00    99.10     1.78    0.88    0.00    0.88   0.41  82.00
sde               0.00   498.00    0.00 1773.00     0.00 106724.00   120.39     1.86    1.05    0.00    1.05   0.47  82.80
sde               0.00   575.00    0.00 2088.00     0.00 92652.00    88.75     1.58    0.76    0.00    0.76   0.41  84.80
sde               0.00   482.00    0.00 1761.00     0.00 98852.00   112.27     1.92    1.09    0.00    1.09   0.48  85.20
sde               0.00   547.00    0.00 2019.00     0.00 77152.00    76.43     1.66    0.82    0.00    0.82   0.41  82.00
sde               0.00   443.00    0.00 1602.00     0.00 96028.00   119.89     1.98    1.19    0.00    1.19   0.52  83.60
sde               0.00   522.00    0.00 1849.00     0.00 112180.00   121.34     1.89    1.03    0.00    1.03   0.45  83.60
sde               0.00   486.00    0.00 1751.00     0.00 88236.00   100.78     1.96    1.15    0.00    1.15   0.48  84.00
sde               0.00   383.00    0.00 1409.00     0.00 66236.00    94.02     2.29    1.57    0.00    1.57   0.62  88.00
sde               0.00   387.00    0.00 1401.00     0.00 67508.00    96.37     2.56    1.88    0.00    1.88   0.64  89.20
sde               0.00   425.00    0.00 1625.00     0.00 66308.00    81.61     2.32    1.38    0.00    1.38   0.53  86.40
sde               0.00   435.00    0.00 1545.00     0.00 68908.00    89.20     2.30    1.54    0.00    1.54   0.56  87.20
sde               0.00   472.00    0.00 1671.00     0.00 68156.00    81.58     2.16    1.29    0.00    1.29   0.53  88.80
sde               0.00   401.00    0.00 1415.00     0.00 80640.00   113.98     2.36    1.63    0.00    1.63   0.61  86.00
sde               0.00   375.00    0.00 1348.00     0.00 83532.00   123.93     2.50    1.87    0.00    1.87   0.63  84.80
sde               0.00   498.00    0.00 1807.00     0.00 83856.00    92.81     1.91    1.08    0.00    1.08   0.46  83.60
sde               0.00   378.00    0.00 1360.00     0.00 71816.00   105.61     2.52    1.78    0.00    1.78   0.66  90.40
sde               0.00   431.00    0.00 1570.00     0.00 77788.00    99.09     2.27    1.52    0.00    1.52   0.55  85.60
sde               0.00   381.00    0.00 1393.00     0.00 66836.00    95.96     2.59    1.86    0.00    1.86   0.63  87.20
sde               0.00   442.00    0.00 1599.00     0.00 75348.00    94.24     2.15    1.35    0.00    1.35   0.54  85.60
sde               0.00   376.00    0.00 1361.00     0.00 62104.00    91.26     2.58    1.78    0.00    1.78   0.64  87.60
sde               0.00   379.00    0.00 1380.00     0.00 71392.00   103.47     2.54    1.95    0.00    1.95   0.63  87.60
sde               0.00   475.00    0.00 1757.00     0.00 75960.00    86.47     2.09    1.19    0.00    1.19   0.50  88.00
sde               0.00   394.00    0.00 1442.00     0.00 65232.00    90.47     2.38    1.60    0.00    1.60   0.59  85.20
sde               0.00   537.00    0.00 1946.00     0.00 78552.00    80.73     1.85    0.99    0.00    0.99   0.46  89.20
sde               0.00   374.00    0.00 1358.00     0.00 83056.00   122.32     2.44    1.67    0.00    1.67   0.63  86.00
sde               0.00   505.00    0.00 1778.00     0.00 105620.00   118.81     1.99    1.21    0.00    1.21   0.47  83.60
sde               0.00   538.00    0.00 1999.00     0.00 77948.00    77.99     1.70    0.84    0.00    0.84   0.42  84.80
sde               0.00   450.00    0.00 1637.00     0.00 82144.00   100.36     2.24    1.38    0.00    1.38   0.53  86.80
sde               0.00   545.00    0.00 1993.00     0.00 92144.00    92.47     1.76    0.89    0.00    0.89   0.41  82.40
sde               0.00   478.00    0.00 1758.00     0.00 76092.00    86.57     1.99    1.13    0.00    1.13   0.50  88.00
sde               0.00   433.00    0.00 1556.00     0.00 75036.00    96.45     2.24    1.43    0.00    1.43   0.56  87.60
sde               0.00   462.00    0.00 1717.00     0.00 83608.00    97.39     2.01    1.18    0.00    1.18   0.49  84.40
sde               0.00   377.00    0.00 1335.00     0.00 74168.00   111.11     2.47    1.85    0.00    1.85   0.65  87.20
sde               0.00   430.00    0.00 1608.00     0.00 62932.00    78.27     2.35    1.39    0.00    1.39   0.55  89.20
sde               0.00   422.00    0.00 1513.00     0.00 72072.00    95.27     2.24    1.56    0.00    1.56   0.58  87.60
sde               0.00   431.00    0.00 1610.00     0.00 67820.00    84.25     2.33    1.45    0.00    1.45   0.54  87.20
sde               0.00   500.00    0.00 1823.00     0.00 91440.00   100.32     1.85    1.02    0.00    1.02   0.45  82.80
sde               0.00   523.00    0.00 1871.00     0.00 91788.00    98.12     1.79    0.96    0.00    0.96   0.44  82.40
sde               0.00   533.00    0.00 1983.00     0.00 84528.00    85.25     1.65    0.83    0.00    0.83   0.44  86.80
sde               0.00   520.00    0.00 1935.00     0.00 80372.00    83.07     1.92    0.96    0.00    0.96   0.45  87.60
sde               0.00   516.00    0.00 1840.00     0.00 95504.00   103.81     1.74    0.98    0.00    0.98   0.45  82.40
sde               0.00   525.00    0.00 1824.00     0.00 91680.00   100.53     1.88    1.03    0.00    1.03   0.46  83.60
sde               0.00   567.00    0.00 2085.00     0.00 92632.00    88.86     1.69    0.81    0.00    0.81   0.40  83.20
sde               0.00   531.00    0.00 1907.00     0.00 91812.00    96.29     1.77    0.93    0.00    0.93   0.44  84.40
sde               0.00   524.00    0.00 1943.00     0.00 84488.00    86.97     1.80    0.92    0.00    0.92   0.44  86.00
sde               0.00   524.00    0.00 1911.00     0.00 91808.00    96.08     1.83    0.96    0.00    0.96   0.44  84.00
sde               0.00   550.00    0.00 2020.00     0.00 92360.00    91.45     1.73    0.86    0.00    0.86   0.41  82.00
sde               0.00   524.00    0.00 1880.00     0.00 99492.00   105.84     1.74    0.93    0.00    0.93   0.45  84.00
sde               0.00   546.00    0.00 2029.00     0.00 84588.00    83.38     1.62    0.80    0.00    0.80   0.41  82.40
sde               0.00   558.00    0.00 2044.00     0.00 84800.00    82.97     1.62    0.79    0.00    0.79   0.40  82.00
sde               0.00   485.00    0.00 1755.00     0.00 98960.00   112.77     1.84    1.05    0.00    1.05   0.48  84.40
sde               0.00   558.00    0.00 2060.00     0.00 92528.00    89.83     1.70    0.83    0.00    0.83   0.41  83.60
sde               0.00   527.00    0.00 1904.00     0.00 91796.00    96.42     1.69    0.89    0.00    0.89   0.43  82.00
sde               0.00   555.00    0.00 2002.00     0.00 92188.00    92.10     1.63    0.82    0.00    0.82   0.41  82.00
sde               0.00   565.00    0.00 2133.00     0.00 85240.00    79.92     1.54    0.72    0.00    0.72   0.39  83.20
sde               0.00   600.00    0.00 2183.00     0.00 92928.00    85.14     1.49    0.68    0.00    0.68   0.38  82.00
sde               0.00   525.00    0.00 1900.00     0.00 99504.00   104.74     1.72    0.91    0.00    0.91   0.42  80.40
sde               0.00   455.00    0.00 1612.00     0.00 98292.00   121.95     2.13    1.32    0.00    1.32   0.51  82.80
sde               0.00   531.00    0.00 1899.00     0.00 114896.00   121.01     1.73    0.91    0.00    0.91   0.41  78.00
sde               0.00   575.00    0.00 2092.00     0.00 84880.00    81.15     1.56    0.75    0.00    0.75   0.41  86.80
sde               0.00   482.00    0.00 1791.00     0.00 99200.00   110.78     1.86    1.04    0.00    1.04   0.47  84.00
sde               0.00   476.00    0.00 1662.00     0.00 106176.00   127.77     2.07    1.25    0.00    1.25   0.49  80.80
sde               0.00   560.00    0.00 2021.00     0.00 107712.00   106.59     1.69    0.84    0.00    0.84   0.39  78.40
sde               0.00   518.00    0.00 1891.00     0.00 99368.00   105.10     1.73    0.91    0.00    0.91   0.43  82.00
sde               0.00   520.00    0.00 1840.00     0.00 114672.00   124.64     1.80    0.98    0.00    0.98   0.45  83.60
sde               0.00   492.00    0.00 1763.00     0.00 92260.00   104.66     1.88    1.05    0.00    1.05   0.47  82.80
sde               0.00   546.00    0.00 1994.00     0.00 98916.00    99.21     1.78    0.91    0.00    0.91   0.41  82.00
sde               0.00   464.00    0.00 1646.00     0.00 106072.00   128.88     1.92    1.16    0.00    1.16   0.51  84.00
sde               0.00   465.00    0.00 1645.00     0.00 110184.00   133.96     2.09    1.25    0.00    1.25   0.50  82.80
sde               0.00   503.00    0.00 1785.00     0.00 110344.00   123.63     1.83    1.04    0.00    1.04   0.46  82.40
sde               0.00   552.00    0.00 2049.00     0.00 77132.00    75.29     1.63    0.80    0.00    0.80   0.41  83.60
sde               0.00   542.00    0.00 1905.00     0.00 92008.00    96.60     1.86    0.97    0.00    0.97   0.45  84.80
sde               0.00   529.00    0.00 1894.00     0.00 91776.00    96.91     1.81    0.96    0.00    0.96   0.45  86.00
sde               0.00   550.00    0.00 2004.00     0.00 85792.00    85.62     1.62    0.80    0.00    0.80   0.41  82.40
sde               0.00   509.00    0.00 1832.00     0.00 113472.00   123.88     1.78    0.98    0.00    0.98   0.44  80.40
sde               0.00   523.00    0.00 1857.00     0.00 106948.00   115.18     1.94    1.05    0.00    1.05   0.46  84.80
sde               0.00   493.00    0.00 1724.00     0.00 99796.00   115.77     1.88    1.09    0.00    1.09   0.47  81.60
sde               0.00   557.00    0.00 2069.00     0.00 99188.00    95.88     1.73    0.84    0.00    0.84   0.41  84.40
sde               0.00   537.00    0.00 1943.00     0.00 99728.00   102.65     1.62    0.83    0.00    0.83   0.42  81.60
sde               0.00   554.00    0.00 1997.00     0.00 99960.00   100.11     1.70    0.85    0.00    0.85   0.42  83.60
sde               0.00   531.00    0.00 1898.00     0.00 114772.00   120.94     1.86    0.98    0.00    0.98   0.46  86.80
sde               0.00   557.00    0.00 2021.00     0.00 84720.00    83.84     1.68    0.83    0.00    0.83   0.41  83.20
sde               0.00   559.00    0.00 2053.00     0.00 100032.00    97.45     1.73    0.84    0.00    0.84   0.41  84.80
sde               0.00   540.00    0.00 2011.00     0.00 77120.00    76.70     1.76    0.88    0.00    0.88   0.43  86.40
sde               0.00   559.00    0.00 1971.00     0.00 115088.00   116.78     1.76    0.90    0.00    0.90   0.43  84.00
sde               0.00   504.00    0.00 1772.00     0.00 115316.00   130.15     2.04    1.14    0.00    1.14   0.49  86.40
sde               0.00   503.00    0.00 1816.00     0.00 98072.00   108.01     1.97    1.10    0.00    1.10   0.46  84.00
sde               0.00   488.00    0.00 1758.00     0.00 96300.00   109.56     2.06    1.14    0.00    1.14   0.48  85.20
sde               0.00   544.00    0.00 2006.00     0.00 79652.00    79.41     1.67    0.87    0.00    0.87   0.42  84.80
sde               0.00   454.00    0.00 1632.00     0.00 90812.00   111.29     2.15    1.32    0.00    1.32   0.53  86.00
sde               0.00   511.00    0.00 1804.00     0.00 114400.00   126.83     1.69    0.93    0.00    0.93   0.43  77.20
sde               0.00   533.00    0.00 1928.00     0.00 107204.00   111.21     1.76    0.92    0.00    0.92   0.44  85.60
sde               0.00   533.00    0.00 1980.00     0.00 84508.00    85.36     1.79    0.90    0.00    0.90   0.43  85.20
sde               0.00   512.00    0.00 1831.00     0.00 106948.00   116.82     1.84    1.00    0.00    1.00   0.43  79.60
sde               0.00   506.00    0.00 1896.00     0.00 76504.00    80.70     1.80    0.95    0.00    0.95   0.45  84.80
sde               0.00   542.00    0.00 1911.00     0.00 114844.00   120.19     1.86    0.97    0.00    0.97   0.44  84.80
sde               0.00   483.00    0.00 1726.00     0.00 107872.00   125.00     2.08    1.17    0.00    1.17   0.46  79.60
sde               0.00   482.00    0.00 1830.00     0.00 90252.00    98.64     3.14    1.71    0.00    1.71   0.45  83.20
sde               0.00   440.00    0.00 1684.00     0.00 90156.00   107.07     3.25    1.97    0.00    1.97   0.50  84.00
sde               0.00   516.00    0.00 2000.00     0.00 84284.00    84.28     2.68    1.34    0.00    1.34   0.41  82.00
sde               0.00   476.00    0.00 1829.00     0.00 75992.00    83.10     2.98    1.63    0.00    1.63   0.48  88.40
sde               0.00   550.00    0.00 1986.00     0.00 91900.00    92.55     2.59    1.31    0.00    1.31   0.42  82.80
sde               0.00   515.00    0.00 1968.00     0.00 95256.00    96.80     2.88    1.41    0.00    1.41   0.42  82.00
sde               0.00   487.00    0.00 1887.00     0.00 94268.00    99.91     2.77    1.47    0.00    1.47   0.44  82.80
sde               0.00   537.00    0.00 2057.00     0.00 78312.00    76.14     2.32    1.15    0.00    1.15   0.38  78.80
sde               0.00   485.15    0.00 1834.65     0.00 97916.83   106.74     2.71    1.50    0.00    1.50   0.44  81.19
sde               0.00   578.00    0.00 2139.00     0.00 92704.00    86.68     1.94    0.91    0.00    0.91   0.39  83.60
sde               0.00   567.00    0.00 2088.00     0.00 92508.00    88.61     1.96    0.94    0.00    0.94   0.42  87.20
sde               0.00   560.00    0.00 2074.00     0.00 95712.00    92.30     2.08    0.98    0.00    0.98   0.38  79.60
sde               0.00   541.00    0.00 2028.00     0.00 74660.00    73.63     1.89    0.93    0.00    0.93   0.42  86.00
sde               0.00   546.00    0.00 1990.00     0.00 98628.00    99.12     2.22    1.14    0.00    1.14   0.41  82.40
sde               0.00   508.00    0.00 1876.00     0.00 83972.00    89.52     2.30    1.23    0.00    1.23   0.46  86.00
sde               0.00   530.00    0.00 1901.00     0.00 114628.00   120.60     2.23    1.17    0.00    1.17   0.41  77.20
sde               0.00   542.00    0.00 2054.00     0.00 84732.00    82.50     2.20    1.07    0.00    1.07   0.40  82.80
sde               0.00   531.00    0.00 1920.00     0.00 113092.00   117.80     2.26    1.14    0.00    1.14   0.39  75.60
sde               0.00   513.00    0.00 1834.00     0.00 93008.00   101.43     2.01    1.14    0.00    1.14   0.45  83.20
sde               0.00   465.00    0.00 1705.00     0.00 93140.00   109.26     2.46    1.41    0.00    1.41   0.46  79.20
sde               0.00   559.00    0.00 2088.00     0.00 82688.00    79.20     1.70    0.84    0.00    0.84   0.38  78.40
sde               0.00   520.00    0.00 1907.00     0.00 84024.00    88.12     2.24    1.18    0.00    1.18   0.44  84.80
sde               0.00   482.00    0.00 1773.00     0.00 98928.00   111.59     2.26    1.28    0.00    1.28   0.45  80.40
sde               0.00   519.00    0.00 1911.00     0.00 91804.00    96.08     2.32    1.21    0.00    1.21   0.45  86.40
sde               0.00   547.00    0.00 2008.00     0.00 99696.00    99.30     2.17    1.08    0.00    1.08   0.41  81.60
sde               0.00   563.00    0.00 2074.00     0.00 107720.00   103.88     2.27    1.09    0.00    1.09   0.40  83.60
sde               0.00   553.00    0.00 2039.00     0.00 84636.00    83.02     1.85    0.91    0.00    0.91   0.41  83.20
sde               0.00   472.00    0.00 1692.00     0.00 98936.00   116.95     2.65    1.53    0.00    1.53   0.46  78.40
sde               0.00   482.00    0.00 1789.00     0.00 99432.00   111.16     2.37    1.33    0.00    1.33   0.46  82.40
sde               0.00   489.00    0.00 1745.00     0.00 105300.00   120.69     2.59    1.52    0.00    1.52   0.47  82.40
sde               0.00   496.00    0.00 1889.00     0.00 75280.00    79.70     2.39    1.21    0.00    1.21   0.44  83.20
sde               0.00   531.00    0.00 1902.00     0.00 108124.00   113.70     2.33    1.28    0.00    1.28   0.43  82.40
sde               0.00   487.00    0.00 1758.00     0.00 91064.00   103.60     2.24    1.28    0.00    1.28   0.46  81.20
sde               0.00   508.00    0.00 1858.00     0.00 106860.00   115.03     2.36    1.27    0.00    1.27   0.45  82.80
sde               0.00   587.00    0.00 1989.00     0.00 107604.00   108.20     1.67    0.84    0.00    0.84   0.41  80.80
sde               0.00   509.00    0.00 1821.00     0.00 106912.00   117.42     1.72    0.95    0.00    0.95   0.44  80.80
sde               0.00   535.00    0.00 1958.00     0.00 84324.00    86.13     1.60    0.82    0.00    0.82   0.42  82.80
sde               0.00   473.00    0.00 1720.00     0.00 91280.00   106.14     1.98    1.15    0.00    1.15   0.46  79.60
sde               0.00   510.00    0.00 1841.00     0.00 91528.00    99.43     1.73    0.94    0.00    0.94   0.44  80.40
sde               0.00   520.00    0.00 1916.00     0.00 84268.00    87.96     1.63    0.85    0.00    0.85   0.43  82.40
sde               0.00   538.00    0.00 1910.00     0.00 108192.00   113.29     1.85    0.95    0.00    0.95   0.44  84.40
sde               0.00   499.00    0.00 1801.00     0.00 98252.00   109.11     1.75    0.99    0.00    0.99   0.46  83.60
sde               0.00   539.00    0.00 1973.00     0.00 92060.00    93.32     1.66    0.84    0.00    0.84   0.41  80.80
sde               0.00   528.00    0.00 1936.00     0.00 85260.00    88.08     1.68    0.85    0.00    0.85   0.43  82.80
sde               0.00   468.00    0.00 1632.00     0.00 111280.00   136.37     1.94    1.19    0.00    1.19   0.50  81.20
sde               0.00   430.00    0.00 1551.00     0.00 91996.00   118.63     2.20    1.44    0.00    1.44   0.52  80.40
sde               0.00   513.00    0.00 1805.00     0.00 114432.00   126.79     1.80    1.00    0.00    1.00   0.43  78.40
sde               0.00   542.00    0.00 1968.00     0.00 84512.00    85.89     1.62    0.83    0.00    0.83   0.44  86.80
sde               0.00   456.00    0.00 1683.00     0.00 83324.00    99.02     2.04    1.21    0.00    1.21   0.52  86.80
sde               0.00   550.00    0.00 2028.00     0.00 84732.00    83.56     1.61    0.79    0.00    0.79   0.41  83.60
sde               0.00   534.00    0.00 1892.00     0.00 101844.00   107.66     1.70    0.88    0.00    0.88   0.42  78.80
sde               0.00   511.00    0.00 1851.00     0.00 112272.00   121.31     1.74    0.96    0.00    0.96   0.43  80.00
sde               0.00   575.00    0.00 2076.00     0.00 100144.00    96.48     1.64    0.79    0.00    0.79   0.40  83.20
sde               0.00   581.00    0.00 2133.00     0.00 92820.00    87.03     1.56    0.73    0.00    0.73   0.37  79.20
sde               0.00   561.00    0.00 2091.00     0.00 84968.00    81.27     1.50    0.71    0.00    0.71   0.40  84.00
sde               0.00   571.00    0.00 2095.00     0.00 97764.00    93.33     1.64    0.77    0.00    0.77   0.39  80.80
sde               0.00   585.00    0.00 2124.00     0.00 95236.00    89.68     1.51    0.73    0.00    0.73   0.37  78.00
sde               0.00   553.00    0.00 2042.00     0.00 92440.00    90.54     1.66    0.81    0.00    0.81   0.41  84.40
sde               0.00   532.00    0.00 1918.00     0.00 114820.00   119.73     1.70    0.89    0.00    0.89   0.41  78.00
sde               0.00   572.00    0.00 2055.00     0.00 92424.00    89.95     1.58    0.77    0.00    0.77   0.41  84.00
sde               0.00   579.00    0.00 2157.00     0.00 85364.00    79.15     1.52    0.70    0.00    0.70   0.37  80.80
sde               0.00   532.00    0.00 1950.00     0.00 99616.00   102.17     1.63    0.84    0.00    0.84   0.41  80.40
sde               0.00   513.00    0.00 1807.00     0.00 110832.00   122.67     1.80    0.97    0.00    0.97   0.44  80.40
sde               0.00   465.00    0.00 1661.00     0.00 90948.00   109.51     2.08    1.26    0.00    1.26   0.51  84.40
sde               0.00   595.00    0.00 2098.00     0.00 88824.00    84.67     1.58    0.77    0.00    0.77   0.40  83.20
sde               0.00   588.00    0.00 2139.00     0.00 92736.00    86.71     1.49    0.70    0.00    0.70   0.38  81.60
sde               0.00   541.00    0.00 1955.00     0.00 107304.00   109.77     1.68    0.86    0.00    0.86   0.41  79.60
sde               0.00   591.00    0.00 2142.00     0.00 100540.00    93.87     1.63    0.76    0.00    0.76   0.40  84.80
sde               0.00   570.00    0.00 2107.00     0.00 92676.00    87.97     1.64    0.78    0.00    0.78   0.39  82.40
sde               0.00   556.00    0.00 2035.00     0.00 99980.00    98.26     1.66    0.82    0.00    0.82   0.40  82.00
sde               0.00   560.00    0.00 2010.00     0.00 107676.00   107.14     1.69    0.84    0.00    0.84   0.40  80.00
sde               0.00   509.00    0.00 1789.00     0.00 115372.00   128.98     1.68    0.92    0.00    0.92   0.43  76.40
sde               0.00   549.00    0.00 1943.00     0.00 121624.00   125.19     1.85    0.97    0.00    0.97   0.42  81.60
sde               0.00   555.00    0.00 2066.00     0.00 77320.00    74.85     1.48    0.72    0.00    0.72   0.40  83.20
sde               0.00   538.00    0.00 1960.00     0.00 84360.00    86.08     1.73    0.88    0.00    0.88   0.43  85.20
sde               0.00   540.00    0.00 1988.00     0.00 96956.00    97.54     1.66    0.82    0.00    0.82   0.39  78.00
sde               0.00   540.00    0.00 1894.00     0.00 117716.00   124.30     1.73    0.93    0.00    0.93   0.41  77.20
sde               0.00   553.00    0.00 2030.00     0.00 92420.00    91.05     1.58    0.78    0.00    0.78   0.40  81.20
sde               0.00   548.00    0.00 1961.00     0.00 100716.00   102.72     1.59    0.81    0.00    0.81   0.39  76.40
sde               0.00   550.00    0.00 1970.00     0.00 106508.00   108.13     1.71    0.88    0.00    0.88   0.42  83.60
sde               0.00   568.00    0.00 2131.00     0.00 92780.00    87.08     1.56    0.73    0.00    0.73   0.38  80.00
sde               0.00   547.00    0.00 1964.00     0.00 106600.00   108.55     1.64    0.83    0.00    0.83   0.41  79.60
sde               0.00   562.00    0.00 2031.00     0.00 93072.00    91.65     1.60    0.80    0.00    0.80   0.42  84.80
sde               0.00   398.00    0.00 1453.00     0.00 82544.00   113.62     2.40    1.65    0.00    1.65   0.60  86.80
sde               0.00   506.00    0.00 1838.00     0.00 91500.00    99.56     1.78    0.97    0.00    0.97   0.45  82.00
