sde               0.00     0.86    0.00    1.57     0.00   115.53   146.81     0.01    4.32    1.91    4.32   0.41   0.06
sde               0.00     8.00    0.00    6.00     0.00    56.00    18.67     0.00    0.00    0.00    0.00   0.00   0.00
sde               0.00   568.00    0.00 1519.00     0.00 54784.00    72.13     0.63    0.41    0.00    0.41   0.35  52.80
sde               0.00   916.00    0.00 2595.00     0.00 89040.00    68.62     1.06    0.41    0.00    0.41   0.34  87.60
sde               0.00   902.00    0.00 2494.00     0.00 90340.00    72.45     0.98    0.39    0.00    0.39   0.34  86.00
sde               0.00   867.00    0.00 2310.00     0.00 93468.00    80.92     1.10    0.48    0.00    0.48   0.39  89.60
sde               0.00   879.00    0.00 2403.00     0.00 91508.00    76.16     1.05    0.44    0.00    0.44   0.35  83.60
sde               0.00   944.00    0.00 2525.00     0.00 102048.00    80.83     1.02    0.40    0.00    0.40   0.33  83.60
sde               0.00   968.00    0.00 2366.00     0.00 101716.00    85.98     1.10    0.46    0.00    0.46   0.38  90.80
sde               0.00  1039.00    0.00 2516.00     0.00 93488.00    74.31     1.02    0.41    0.00    0.41   0.35  88.80
sde               0.00   999.00    0.00 2493.00     0.00 85388.00    68.50     0.94    0.38    0.00    0.38   0.33  81.20
sde               0.00  1019.00    0.00 2559.00     0.00 87160.00    68.12     1.02    0.40    0.00    0.40   0.34  86.00
sde               0.00  1052.00    0.00 2603.00     0.00 91372.00    70.21     0.99    0.38    0.00    0.38   0.33  84.80
sde               0.00   992.00    0.00 2497.00     0.00 84432.00    67.63     0.97    0.39    0.00    0.39   0.33  83.20
sde               0.00   964.00    0.00 2392.00     0.00 81592.00    68.22     0.91    0.38    0.00    0.38   0.34  82.40
sde               0.00  1048.00    0.00 2520.00     0.00 89268.00    70.85     1.03    0.41    0.00    0.41   0.37  92.80
sde               0.00  1037.00    0.00 2499.00     0.00 89908.00    71.96     1.02    0.41    0.00    0.41   0.36  90.80
sde               0.00   992.00    0.00 2448.00     0.00 84464.00    69.01     1.01    0.41    0.00    0.41   0.37  90.80
sde               0.00   992.00    0.00 2355.00     0.00 86148.00    73.16     0.86    0.37    0.00    0.37   0.35  83.20
sde               0.00  1002.00    0.00 2431.00     0.00 85792.00    70.58     0.92    0.38    0.00    0.38   0.37  89.60
sde               0.00  1066.00    0.00 2537.00     0.00 92536.00    72.95     1.00    0.39    0.00    0.39   0.36  90.40
sde               0.00   997.00    0.00 2435.00     0.00 85884.00    70.54     0.96    0.39    0.00    0.39   0.36  88.80
sde               0.00  1068.00    0.00 2539.00     0.00 91388.00    71.99     0.95    0.37    0.00    0.37   0.36  90.80
sde               0.00  1042.00    0.00 2456.00     0.00 91800.00    74.76     0.91    0.37    0.00    0.37   0.35  86.00
sde               0.00   996.00    0.00 2434.00     0.00 86932.00    71.43     0.95    0.39    0.00    0.39   0.36  87.20
sde               0.00   949.00    0.00 2310.00     0.00 81304.00    70.39     0.87    0.38    0.00    0.38   0.35  80.00
sde               0.00  1064.00    0.00 2548.00     0.00 93348.00    73.27     0.94    0.37    0.00    0.37   0.35  90.00
sde               0.00  1034.00    0.00 2473.00     0.00 89076.00    72.04     0.95    0.38    0.00    0.38   0.36  88.00
sde               0.00   968.00    0.00 2389.00     0.00 82428.00    69.01     0.93    0.39    0.00    0.39   0.37  87.60
sde               0.00  1057.00    0.00 2536.00     0.00 90568.00    71.43     1.00    0.40    0.00    0.40   0.36  91.60
sde               0.00  1023.00    0.00 2445.00     0.00 87664.00    71.71     0.98    0.40    0.00    0.40   0.37  89.60
sde               0.00  1019.00    0.00 2459.00     0.00 86716.00    70.53     0.90    0.37    0.00    0.37   0.34  83.20
sde               0.00  1029.00    0.00 2436.00     0.00 88344.00    72.53     0.89    0.37    0.00    0.37   0.35  85.60
sde               0.00  1052.00    0.00 2518.00     0.00 92700.00    73.63     0.97    0.38    0.00    0.38   0.35  88.80
sde               0.00  1008.00    0.00 2412.00     0.00 86248.00    71.52     0.94    0.39    0.00    0.39   0.36  88.00
sde               0.00  1052.00    0.00 2469.00     0.00 92300.00    74.77     0.94    0.38    0.00    0.38   0.36  88.40
sde               0.00   990.00    0.00 2431.00     0.00 85836.00    70.62     0.94    0.39    0.00    0.39   0.36  87.20
sde               0.00  1034.00    0.00 2468.00     0.00 89620.00    72.63     0.99    0.40    0.00    0.40   0.35  87.20
sde               0.00   957.00    0.00 2355.00     0.00 83488.00    70.90     0.90    0.38    0.00    0.38   0.35  82.40
sde               0.00   984.00    0.00 2375.00     0.00 84652.00    71.29     0.84    0.36    0.00    0.36   0.33  79.20
sde               0.00  1060.00    0.00 2556.00     0.00 92232.00    72.17     0.93    0.36    0.00    0.36   0.34  86.40
sde               0.00  1022.00    0.00 2472.00     0.00 87684.00    70.94     0.97    0.39    0.00    0.39   0.35  86.00
sde               0.00  1047.00    0.00 2472.00     0.00 91064.00    73.68     0.95    0.38    0.00    0.38   0.37  90.80
sde               0.00  1006.00    0.00 2452.00     0.00 88472.00    72.16     0.96    0.39    0.00    0.39   0.34  84.00
sde               0.00   991.00    0.00 2394.00     0.00 83552.00    69.80     0.89    0.37    0.00    0.37   0.35  83.60
sde               0.00  1000.00    0.00 2439.00     0.00 86528.00    70.95     0.97    0.40    0.00    0.40   0.35  86.40
sde               0.00  1054.00    0.00 2528.00     0.00 90552.00    71.64     1.01    0.40    0.00    0.40   0.36  91.20
sde               0.00  1047.00    0.00 2503.00     0.00 89808.00    71.76     0.96    0.39    0.00    0.39   0.35  87.60
sde               0.00   973.00    0.00 2394.00     0.00 84976.00    70.99     0.96    0.40    0.00    0.40   0.35  84.80
sde               0.00  1034.00    0.00 2459.00     0.00 89040.00    72.42     0.90    0.37    0.00    0.37   0.34  83.60
sde               0.00  1015.00    0.00 2489.00     0.00 87996.00    70.71     1.00    0.40    0.00    0.40   0.35  88.00
sde               0.00   997.00    0.00 2425.00     0.00 84264.00    69.50     0.92    0.38    0.00    0.38   0.35  85.20
sde               0.00  1021.00    0.00 2471.00     0.00 87888.00    71.14     0.90    0.36    0.00    0.36   0.34  83.60
sde               0.00   935.00    0.00 2270.00     0.00 79896.00    70.39     0.83    0.37    0.00    0.37   0.35  78.40
sde               0.00  1037.00    0.00 2434.00     0.00 88432.00    72.66     0.85    0.35    0.00    0.35   0.35  84.00
sde               0.00   973.00    0.00 2373.00     0.00 84952.00    71.60     0.94    0.40    0.00    0.40   0.38  89.20
sde               0.00   961.00    0.00 2299.00     0.00 82456.00    71.73     0.90    0.39    0.00    0.39   0.36  83.20
sde               0.00   967.00    0.00 2374.00     0.00 83628.00    70.45     0.88    0.37    0.00    0.37   0.34  80.00
sde               0.00  1064.00    0.00 2526.00     0.00 91912.00    72.77     0.93    0.37    0.00    0.37   0.35  87.60
sde               0.00  1016.00    0.00 2461.00     0.00 87296.00    70.94     0.94    0.38    0.00    0.38   0.36  88.00
sde               0.00   970.00    0.00 2360.00     0.00 82708.00    70.09     0.90    0.38    0.00    0.38   0.35  83.60
sde               0.00  1049.00    0.00 2516.00     0.00 90488.00    71.93     0.95    0.38    0.00    0.38   0.34  86.80
sde               0.00   991.00    0.00 2381.00     0.00 84384.00    70.88     0.94    0.39    0.00    0.39   0.35  84.00
sde               0.00  1043.00    0.00 2478.00     0.00 90416.00    72.97     0.94    0.38    0.00    0.38   0.36  89.60
sde               0.00   938.00    0.00 2277.00     0.00 81320.00    71.43     0.92    0.40    0.00    0.40   0.37  85.20
sde               0.00  1051.00    0.00 2494.00     0.00 90512.00    72.58     0.91    0.36    0.00    0.36   0.34  83.60
sde               0.00  1015.00    0.00 2446.00     0.00 88384.00    72.27     0.87    0.35    0.00    0.35   0.34  84.00
sde               0.00   981.00    0.00 2360.00     0.00 84840.00    71.90     0.92    0.39    0.00    0.39   0.37  87.20
sde               0.00  1009.00    0.00 2395.00     0.00 86840.00    72.52     0.91    0.38    0.00    0.38   0.36  86.40
sde               0.00   993.00    0.00 2413.00     0.00 85808.00    71.12     0.87    0.36    0.00    0.36   0.35  84.80
sde               0.00   966.00    0.00 2308.00     0.00 83756.00    72.58     0.94    0.40    0.00    0.40   0.37  85.60
sde               0.00  1020.00    0.00 2517.00     0.00 87412.00    69.46     1.00    0.40    0.00    0.40   0.34  86.00
sde               0.00   991.00    0.00 2380.00     0.00 85352.00    71.72     0.96    0.40    0.00    0.40   0.38  90.80
sde               0.00   975.00    0.00 2348.00     0.00 84108.00    71.64     0.94    0.40    0.00    0.40   0.36  85.20
sde               0.00   974.00    0.00 2382.00     0.00 83540.00    70.14     0.97    0.40    0.00    0.40   0.37  87.60
sde               0.00   979.00    0.00 2340.00     0.00 84040.00    71.83     0.91    0.39    0.00    0.39   0.37  86.80
sde               0.00   961.00    0.00 2354.00     0.00 84116.00    71.47     0.97    0.41    0.00    0.41   0.37  86.40
sde               0.00   956.00    0.00 2331.00     0.00 81884.00    70.26     0.92    0.40    0.00    0.40   0.36  84.00
sde               0.00   987.00    0.00 2426.00     0.00 85168.00    70.21     0.97    0.40    0.00    0.40   0.36  88.40
sde               0.00  1028.00    0.00 2417.00     0.00 88892.00    73.56     0.91    0.38    0.00    0.38   0.36  86.80
sde               0.00  1014.00    0.00 2465.00     0.00 89180.00    72.36     1.02    0.41    0.00    0.41   0.37  90.00
sde               0.00   962.00    0.00 2315.00     0.00 82512.00    71.28     0.93    0.40    0.00    0.40   0.37  85.20
sde               0.00  1002.00    0.00 2394.00     0.00 86768.00    72.49     0.95    0.39    0.00    0.39   0.37  88.40
sde               0.00   987.00    0.00 2409.00     0.00 85132.00    70.68     0.96    0.40    0.00    0.40   0.38  92.40
sde               0.00  1000.00    0.00 2412.00     0.00 85560.00    70.95     0.92    0.38    0.00    0.38   0.36  86.40
sde               0.00   981.00    0.00 2409.00     0.00 85680.00    71.13     0.89    0.37    0.00    0.37   0.34  82.00
sde               0.00  1019.00    0.00 2428.00     0.00 88212.00    72.66     0.94    0.39    0.00    0.39   0.36  87.60
sde               0.00  1002.00    0.00 2443.00     0.00 86504.00    70.82     0.88    0.36    0.00    0.36   0.33  80.80
sde               0.00  1005.00    0.00 2405.00     0.00 88048.00    73.22     0.95    0.40    0.00    0.40   0.36  86.80
sde               0.00  1056.00    0.00 2495.00     0.00 91148.00    73.06     1.01    0.41    0.00    0.41   0.37  91.60
sde               0.00   979.00    0.00 2368.00     0.00 86236.00    72.83     0.97    0.41    0.00    0.41   0.37  88.40
sde               0.00   983.00    0.00 2343.00     0.00 84644.00    72.25     0.92    0.39    0.00    0.39   0.36  84.00
sde               0.00  1047.00    0.00 2524.00     0.00 88912.00    70.45     0.92    0.37    0.00    0.37   0.35  87.20
sde               0.00   995.00    0.00 2344.00     0.00 86664.00    73.95     0.96    0.41    0.00    0.41   0.39  91.20
sde               0.00   986.00    0.00 2389.00     0.00 84820.00    71.01     0.94    0.39    0.00    0.39   0.35  84.80
sde               0.00   969.00    0.00 2364.00     0.00 84104.00    71.15     0.95    0.40    0.00    0.40   0.36  85.60
sde               0.00  1014.00    0.00 2408.00     0.00 88760.00    73.72     0.93    0.39    0.00    0.39   0.35  84.80
sde               0.00  1021.00    0.00 2493.00     0.00 89228.00    71.58     0.96    0.38    0.00    0.38   0.34  85.60
sde               0.00  1015.00    0.00 2429.00     0.00 87520.00    72.06     1.00    0.41    0.00    0.41   0.36  88.00
sde               0.00  1048.00    0.00 2483.00     0.00 91208.00    73.47     0.94    0.38    0.00    0.38   0.35  86.40
sde               0.00   957.00    0.00 2317.00     0.00 83856.00    72.38     0.94    0.41    0.00    0.41   0.37  85.20
sde               0.00  1004.00    0.00 2403.00     0.00 86768.00    72.22     0.96    0.40    0.00    0.40   0.35  85.20
sde               0.00  1010.00    0.00 2451.00     0.00 88512.00    72.23     0.90    0.37    0.00    0.37   0.34  82.40
sde               0.00  1031.00    0.00 2425.00     0.00 89580.00    73.88     0.92    0.38    0.00    0.38   0.36  86.80
sde               0.00   984.00    0.00 2397.00     0.00 84900.00    70.84     0.98    0.41    0.00    0.41   0.37  89.20
sde               0.00  1027.00    0.00 2458.00     0.00 89724.00    73.01     0.90    0.37    0.00    0.37   0.34  83.20
sde               0.00  1034.00    0.00 2466.00     0.00 88996.00    72.18     0.93    0.38    0.00    0.38   0.35  86.40
sde               0.00  1024.00    0.00 2533.00     0.00 88188.00    69.63     0.93    0.37    0.00    0.37   0.35  88.00
sde               0.00  1008.00    0.00 2378.00     0.00 87964.00    73.98     0.95    0.40    0.00    0.40   0.35  83.20
sde               0.00   981.00    0.00 2417.00     0.00 86848.00    71.86     0.94    0.39    0.00    0.39   0.35  85.60
sde               0.00   990.00    0.00 2378.00     0.00 84920.00    71.42     0.88    0.37    0.00    0.37   0.35  84.00
sde               0.00  1008.00    0.00 2392.00     0.00 87004.00    72.75     0.91    0.38    0.00    0.38   0.36  87.20
sde               0.00  1033.00    0.00 2516.00     0.00 89292.00    70.98     0.90    0.36    0.00    0.36   0.33  82.80
sde               0.00  1006.00    0.00 2370.00     0.00 86732.00    73.19     0.90    0.38    0.00    0.38   0.36  86.40
sde               0.00   995.00    0.00 2451.00     0.00 86484.00    70.57     0.92    0.37    0.00    0.37   0.34  83.60
sde               0.00   990.00    0.00 2361.00     0.00 85388.00    72.33     0.90    0.38    0.00    0.38   0.36  85.60
sde               0.00  1022.00    0.00 2477.00     0.00 88640.00    71.57     0.92    0.37    0.00    0.37   0.34  85.20
sde               0.00   996.00    0.00 2418.00     0.00 86112.00    71.23     0.97    0.40    0.00    0.40   0.35  84.80
sde               0.00   994.00    0.00 2345.00     0.00 85984.00    73.33     0.91    0.39    0.00    0.39   0.37  86.80
sde               0.00  1001.00    0.00 2478.00     0.00 87204.00    70.38     0.98    0.39    0.00    0.39   0.36  88.00
sde               0.00  1033.00    0.00 2474.00     0.00 89048.00    71.99     0.93    0.38    0.00    0.38   0.36  88.00
sde               0.00   992.00    0.00 2424.00     0.00 85800.00    70.79     0.94    0.39    0.00    0.39   0.36  86.40
sde               0.00   997.00    0.00 2356.00     0.00 85328.00    72.43     0.93    0.39    0.00    0.39   0.36  84.40
sde               0.00  1038.00    0.00 2484.00     0.00 91772.00    73.89     1.00    0.40    0.00    0.40   0.37  90.80
sde               0.00  1023.00    0.00 2476.00     0.00 88432.00    71.43     0.97    0.39    0.00    0.39   0.34  84.40
sde               0.00  1007.00    0.00 2389.00     0.00 85584.00    71.65     0.93    0.39    0.00    0.39   0.37  88.80
sde               0.00  1013.00    0.00 2487.00     0.00 87944.00    70.72     0.94    0.38    0.00    0.38   0.34  85.60
sde               0.00  1027.00    0.00 2459.00     0.00 88352.00    71.86     0.90    0.37    0.00    0.37   0.34  84.40
sde               0.00  1017.00    0.00 2473.00     0.00 87972.00    71.15     0.98    0.40    0.00    0.40   0.37  90.80
sde               0.00  1073.00    0.00 2551.00     0.00 93240.00    73.10     0.98    0.38    0.00    0.38   0.36  91.20
sde               0.00  1051.00    0.00 2494.00     0.00 91084.00    73.04     0.94    0.38    0.00    0.38   0.35  87.60
sde               0.00   975.00    0.00 2375.00     0.00 84908.00    71.50     0.98    0.41    0.00    0.41   0.36  86.40
sde               0.00  1034.00    0.00 2479.00     0.00 89668.00    72.34     0.98    0.39    0.00    0.39   0.35  87.60
sde               0.00  1020.00    0.00 2445.00     0.00 89824.00    73.48     0.94    0.38    0.00    0.38   0.36  86.80
sde               0.00  1029.00    0.00 2453.00     0.00 90168.00    73.52     0.96    0.39    0.00    0.39   0.35  84.80
sde               0.00  1011.00    0.00 2432.00     0.00 86928.00    71.49     0.96    0.39    0.00    0.39   0.36  86.80
sde               0.00  1009.00    0.00 2476.00     0.00 87896.00    71.00     0.97    0.39    0.00    0.39   0.36  89.60
sde               0.00  1045.00    0.00 2519.00     0.00 89848.00    71.34     0.98    0.39    0.00    0.39   0.35  88.80
sde               0.00   960.00    0.00 2341.00     0.00 84740.00    72.40     0.90    0.39    0.00    0.39   0.36  83.60
sde               0.00   997.00    0.00 2423.00     0.00 85492.00    70.57     0.92    0.38    0.00    0.38   0.34  82.40
sde               0.00   988.00    0.00 2395.00     0.00 85724.00    71.59     0.87    0.36    0.00    0.36   0.35  83.60
sde               0.00  1002.00    0.00 2446.00     0.00 87020.00    71.15     0.89    0.36    0.00    0.36   0.33  80.40
sde               0.00  1029.00    0.00 2442.00     0.00 88824.00    72.75     0.92    0.38    0.00    0.38   0.35  85.60
sde               0.00  1001.00    0.00 2425.00     0.00 87172.00    71.89     0.96    0.39    0.00    0.39   0.37  89.60
sde               0.00  1008.00    0.00 2386.00     0.00 88044.00    73.80     0.86    0.36    0.00    0.36   0.34  80.80
sde               0.00  1009.00    0.00 2439.00     0.00 87892.00    72.07     0.96    0.40    0.00    0.40   0.37  90.80
sde               0.00  1045.00    0.00 2525.00     0.00 90484.00    71.67     0.92    0.36    0.00    0.36   0.34  86.00
sde               0.00  1039.00    0.00 2479.00     0.00 89720.00    72.38     0.94    0.38    0.00    0.38   0.35  86.40
sde               0.00  1008.00    0.00 2480.00     0.00 88516.00    71.38     1.03    0.41    0.00    0.41   0.36  88.40
sde               0.00  1023.00    0.00 2434.00     0.00 89464.00    73.51     0.95    0.39    0.00    0.39   0.36  88.00
sde               0.00   947.00    0.00 2311.00     0.00 82680.00    71.55     0.90    0.39    0.00    0.39   0.35  80.00
sde               0.00   974.00    0.00 2361.00     0.00 83352.00    70.61     0.89    0.38    0.00    0.38   0.35  82.40
sde               0.00   986.00    0.00 2354.00     0.00 84924.00    72.15     0.92    0.39    0.00    0.39   0.36  84.80
sde               0.00  1024.00    0.00 2470.00     0.00 88364.00    71.55     0.97    0.39    0.00    0.39   0.36  88.80
sde               0.00  1043.00    0.00 2476.00     0.00 90376.00    73.00     0.99    0.40    0.00    0.40   0.36  88.80
sde               0.00  1001.00    0.00 2446.00     0.00 86576.00    70.79     0.94    0.38    0.00    0.38   0.36  87.20
sde               0.00  1016.00    0.00 2389.00     0.00 87540.00    73.29     0.88    0.37    0.00    0.37   0.35  83.20
sde               0.00   956.00    0.00 2324.00     0.00 82192.00    70.73     0.90    0.39    0.00    0.39   0.36  84.80
sde               0.00  1030.00    0.00 2452.00     0.00 89020.00    72.61     0.95    0.39    0.00    0.39   0.36  88.40
sde               0.00  1014.00    0.00 2429.00     0.00 86884.00    71.54     0.92    0.38    0.00    0.38   0.34  82.40
sde               0.00   930.00    0.00 2315.00     0.00 81924.00    70.78     1.03    0.45    0.00    0.45   0.38  88.00
sde               0.00   995.00    0.00 2473.00     0.00 84412.00    68.27     0.95    0.38    0.00    0.38   0.34  84.40
sde               0.00   994.00    0.00 2407.00     0.00 87500.00    72.70     0.95    0.40    0.00    0.40   0.36  86.40
sde               0.00  1005.00    0.00 2369.00     0.00 89208.00    75.31     0.90    0.38    0.00    0.38   0.35  82.00
sde               0.00  1047.00    0.00 2559.00     0.00 90884.00    71.03     1.00    0.39    0.00    0.39   0.35  90.40
sde               0.00   999.00    0.00 2401.00     0.00 86092.00    71.71     0.95    0.40    0.00    0.40   0.35  85.20
sde               0.00   976.00    0.00 2336.00     0.00 83304.00    71.32     0.92    0.40    0.00    0.40   0.37  86.40
sde               0.00  1032.00    0.00 2509.00     0.00 89456.00    71.31     0.97    0.39    0.00    0.39   0.36  90.80
sde               0.00   973.00    0.00 2320.00     0.00 82664.00    71.26     0.89    0.38    0.00    0.38   0.36  84.00
sde               0.00  1027.00    0.00 2494.00     0.00 89992.00    72.17     0.94    0.38    0.00    0.38   0.34  85.60
sde               0.00  1014.00    0.00 2494.00     0.00 87588.00    70.24     1.00    0.40    0.00    0.40   0.35  86.40
sde               0.00   990.00    0.00 2473.00     0.00 87040.00    70.39     1.02    0.41    0.00    0.41   0.36  88.00
sde               0.00  1001.00    0.00 2477.00     0.00 86224.00    69.62     1.06    0.43    0.00    0.43   0.36  88.00
sde               0.00  1031.00    0.00 2496.00     0.00 87812.00    70.36     0.98    0.39    0.00    0.39   0.35  87.20
sde               0.00  1031.00    0.00 2530.00     0.00 90044.00    71.18     0.96    0.38    0.00    0.38   0.34  87.20
sde               0.00   980.00    0.00 2350.00     0.00 84636.00    72.03     0.87    0.37    0.00    0.37   0.35  82.00
sde               0.00   951.00    0.00 2340.00     0.00 82172.00    70.23     0.86    0.37    0.00    0.37   0.34  80.40
sde               0.00  1033.00    0.00 2486.00     0.00 89088.00    71.67     0.91    0.37    0.00    0.37   0.34  84.40
sde               0.00  1018.00    0.00 2438.00     0.00 87612.00    71.87     0.96    0.39    0.00    0.39   0.35  85.20
sde               0.00   955.00    0.00 2328.00     0.00 83444.00    71.69     0.93    0.40    0.00    0.40   0.37  86.00
sde               0.00  1014.00    0.00 2421.00     0.00 86908.00    71.80     0.94    0.39    0.00    0.39   0.35  85.60
sde               0.00   956.00    0.00 2335.00     0.00 83480.00    71.50     0.97    0.42    0.00    0.42   0.39  90.80
sde               0.00   985.00    0.00 2303.00     0.00 83904.00    72.86     0.88    0.39    0.00    0.39   0.36  82.40
sde               0.00   986.00    0.00 2380.00     0.00 87500.00    73.53     0.89    0.37    0.00    0.37   0.33  78.40
sde               0.00  1014.00    0.00 2386.00     0.00 88112.00    73.86     0.88    0.37    0.00    0.37   0.35  83.60
sde               0.00  1021.00    0.00 2454.00     0.00 87668.00    71.45     0.90    0.37    0.00    0.37   0.35  86.00
sde               0.00   984.00    0.00 2394.00     0.00 85664.00    71.57     0.90    0.38    0.00    0.38   0.35  83.20
sde               0.00  1009.00    0.00 2397.00     0.00 86856.00    72.47     0.89    0.37    0.00    0.37   0.36  86.40
sde               0.00  1004.00    0.00 2427.00     0.00 87788.00    72.34     0.91    0.37    0.00    0.37   0.35  84.00
sde               0.00  1020.00    0.00 2439.00     0.00 88256.00    72.37     0.93    0.38    0.00    0.38   0.36  88.00
sde               0.00  1015.00    0.00 2438.00     0.00 87112.00    71.46     0.92    0.38    0.00    0.38   0.35  86.00
sde               0.00   980.00    0.00 2357.00     0.00 85444.00    72.50     0.92    0.39    0.00    0.39   0.37  87.20
sde               0.00  1043.00    0.00 2443.00     0.00 90296.00    73.92     0.90    0.37    0.00    0.37   0.34  83.20
sde               0.00   976.00    0.00 2361.00     0.00 86188.00    73.01     0.88    0.38    0.00    0.38   0.35  83.20
sde               0.00   976.00    0.00 2332.00     0.00 83892.00    71.95     0.92    0.40    0.00    0.40   0.36  84.40
sde               0.00  1030.00    0.00 2489.00     0.00 90104.00    72.40     0.90    0.36    0.00    0.36   0.34  85.20
sde               0.00   969.00    0.00 2260.00     0.00 85524.00    75.68     0.89    0.40    0.00    0.40   0.38  84.80
sde               0.00   975.00    0.00 2348.00     0.00 84756.00    72.19     0.84    0.36    0.00    0.36   0.33  78.40
sde               0.00   951.00    0.00 2301.00     0.00 82612.00    71.81     0.86    0.37    0.00    0.37   0.36  82.00
sde               0.00  1013.00    0.00 2418.00     0.00 86884.00    71.86     0.98    0.40    0.00    0.40   0.37  88.80
sde               0.00   973.00    0.00 2376.00     0.00 85568.00    72.03     0.92    0.39    0.00    0.39   0.37  87.20
sde               0.00  1042.00    0.00 2452.00     0.00 90984.00    74.21     0.92    0.38    0.00    0.38   0.35  86.00
sde               0.00   982.00    0.00 2411.00     0.00 85064.00    70.56     0.94    0.39    0.00    0.39   0.35  85.20
sde               0.00   987.00    0.00 2351.00     0.00 85360.00    72.62     0.86    0.36    0.00    0.36   0.34  80.80
sde               0.00   962.00    0.00 2298.00     0.00 83912.00    73.03     0.88    0.38    0.00    0.38   0.35  80.40
sde               0.00   964.00    0.00 2345.00     0.00 84052.00    71.69     0.86    0.37    0.00    0.37   0.34  80.40
sde               0.00   932.00    0.00 2210.00     0.00 81480.00    73.74     0.88    0.40    0.00    0.40   0.36  80.00
sde               0.00   988.00    0.00 2416.00     0.00 85792.00    71.02     0.85    0.35    0.00    0.35   0.33  80.40
sde               0.00  1025.00    0.00 2449.00     0.00 88912.00    72.61     0.94    0.38    0.00    0.38   0.35  84.80
sde               0.00   940.00    0.00 2293.00     0.00 81376.00    70.98     0.89    0.39    0.00    0.39   0.37  84.40
sde               0.00   965.00    0.00 2308.00     0.00 83176.00    72.08     0.88    0.38    0.00    0.38   0.36  83.20
sde               0.00  1002.00    0.00 2418.00     0.00 87144.00    72.08     0.88    0.36    0.00    0.36   0.34  81.20
sde               0.00  1028.00    0.00 2407.00     0.00 86944.00    72.24     0.86    0.36    0.00    0.36   0.33  80.40
sde               0.00  1017.00    0.00 2395.00     0.00 88768.00    74.13     0.92    0.38    0.00    0.38   0.35  84.40
sde               0.00   975.25    0.00 2349.50     0.00 85453.47    72.74     0.86    0.37    0.00    0.37   0.35  81.98
sde               0.00  1051.00    0.00 2519.00     0.00 89904.00    71.38     0.92    0.37    0.00    0.37   0.34  86.40
sde               0.00   945.00    0.00 2287.00     0.00 82676.00    72.30     0.88    0.39    0.00    0.39   0.36  83.20
sde               0.00  1045.00    0.00 2490.00     0.00 89804.00    72.13     0.92    0.37    0.00    0.37   0.35  87.60
sde               0.00   975.00    0.00 2349.00     0.00 84724.00    72.14     0.83    0.35    0.00    0.35   0.33  78.40
sde               0.00   960.00    0.00 2293.00     0.00 83300.00    72.66     0.89    0.39    0.00    0.39   0.37  84.00
sde               0.00   977.00    0.00 2348.00     0.00 84000.00    71.55     0.83    0.35    0.00    0.35   0.34  79.20
sde               0.00  1004.00    0.00 2407.00     0.00 88348.00    73.41     0.91    0.38    0.00    0.38   0.35  85.20
sde               0.00   963.00    0.00 2265.00     0.00 84312.00    74.45     0.94    0.41    0.00    0.41   0.38  85.20
sde               0.00   993.00    0.00 2355.00     0.00 88200.00    74.90     0.90    0.38    0.00    0.38   0.36  84.80
sde               0.00  1022.00    0.00 2433.00     0.00 89528.00    73.59     0.93    0.38    0.00    0.38   0.35  84.40
sde               0.00   873.00    0.00 2125.00     0.00 75548.00    71.10     0.86    0.40    0.00    0.40   0.37  78.80
sde               0.00   967.00    0.00 2266.00     0.00 83736.00    73.91     0.85    0.37    0.00    0.37   0.35  80.00
sde               0.00   968.00    0.00 2312.00     0.00 83360.00    72.11     0.87    0.38    0.00    0.38   0.36  83.20
sde               0.00   974.00    0.00 2379.00     0.00 84836.00    71.32     0.96    0.40    0.00    0.40   0.36  86.80
sde               0.00  1008.00    0.00 2386.00     0.00 87408.00    73.27     0.88    0.37    0.00    0.37   0.34  81.60
sde               0.00   935.00    0.00 2261.00     0.00 82560.00    73.03     0.89    0.39    0.00    0.39   0.37  82.80
sde               0.00   995.00    0.00 2364.00     0.00 85456.00    72.30     0.88    0.37    0.00    0.37   0.35  83.60
sde               0.00  1006.00    0.00 2428.00     0.00 87836.00    72.35     0.88    0.36    0.00    0.36   0.35  85.20
sde               0.00   990.00    0.00 2406.00     0.00 85448.00    71.03     0.99    0.41    0.00    0.41   0.37  89.20
sde               0.00   997.00    0.00 2359.00     0.00 84772.00    71.87     0.87    0.37    0.00    0.37   0.35  83.60
sde               0.00  1033.00    0.00 2546.00     0.00 90124.00    70.80     0.98    0.38    0.00    0.38   0.35  90.00
sde               0.00  1004.00    0.00 2403.00     0.00 86136.00    71.69     0.90    0.38    0.00    0.38   0.35  84.80
sde               0.00   952.00    0.00 2334.00     0.00 83432.00    71.49     0.85    0.36    0.00    0.36   0.34  78.40
sde               0.00  1002.00    0.00 2398.00     0.00 85512.00    71.32     0.93    0.39    0.00    0.39   0.36  85.20
sde               0.00   932.00    0.00 2268.00     0.00 81864.00    72.19     0.90    0.40    0.00    0.40   0.37  84.00
sde               0.00   977.00    0.00 2330.00     0.00 84604.00    72.62     0.82    0.35    0.00    0.35   0.33  77.20
sde               0.00   973.00    0.00 2313.00     0.00 84468.00    73.04     0.89    0.39    0.00    0.39   0.36  83.20
sde               0.00  1008.00    0.00 2417.00     0.00 85860.00    71.05     0.91    0.38    0.00    0.38   0.36  86.00
sde               0.00  1029.00    0.00 2425.00     0.00 89544.00    73.85     0.92    0.38    0.00    0.38   0.36  86.80
sde               0.00   986.00    0.00 2367.00     0.00 86280.00    72.90     0.88    0.37    0.00    0.37   0.35  83.60
sde               0.00   987.00    0.00 2308.00     0.00 85904.00    74.44     0.86    0.37    0.00    0.37   0.37  85.60
sde               0.00  1008.00    0.00 2440.00     0.00 85936.00    70.44     0.87    0.36    0.00    0.36   0.34  82.80
sde               0.00   993.00    0.00 2365.00     0.00 87292.00    73.82     0.89    0.38    0.00    0.38   0.35  81.60
sde               0.00   946.00    0.00 2227.00     0.00 82300.00    73.91     0.84    0.38    0.00    0.38   0.37  82.00
sde               0.00  1004.00    0.00 2423.00     0.00 87136.00    71.92     0.92    0.38    0.00    0.38   0.36  86.80
sde               0.00   971.00    0.00 2329.00     0.00 83300.00    71.53     0.89    0.38    0.00    0.38   0.36  82.80
sde               0.00   957.00    0.00 2319.00     0.00 83408.00    71.93     0.88    0.38    0.00    0.38   0.36  83.20
sde               0.00   986.00    0.00 2340.00     0.00 84684.00    72.38     0.88    0.37    0.00    0.37   0.35  82.80
sde               0.00   992.00    0.00 2379.00     0.00 86188.00    72.46     0.89    0.37    0.00    0.37   0.35  83.60
sde               0.00  1017.00    0.00 2425.00     0.00 88392.00    72.90     0.89    0.37    0.00    0.37   0.36  86.80
sde               0.00  1022.00    0.00 2423.00     0.00 89668.00    74.01     0.94    0.39    0.00    0.39   0.36  86.80
sde               0.00   967.00    0.00 2310.00     0.00 83376.00    72.19     0.86    0.37    0.00    0.37   0.36  83.60
sde               0.00   979.00    0.00 2333.00     0.00 83348.00    71.45     0.86    0.37    0.00    0.37   0.35  82.40
sde               0.00   997.00    0.00 2423.00     0.00 87124.00    71.91     0.88    0.36    0.00    0.36   0.35  83.60
sde               0.00  1027.00    0.00 2431.00     0.00 89552.00    73.68     0.92    0.38    0.00    0.38   0.36  86.40
sde               0.00  1039.00    0.00 2514.00     0.00 89996.00    71.60     0.92    0.37    0.00    0.37   0.35  87.20
sde               0.00   971.00    0.00 2331.00     0.00 84076.00    72.14     0.87    0.37    0.00    0.37   0.36  82.80
sde               0.00  1055.00    0.00 2521.00     0.00 91824.00    72.85     0.98    0.39    0.00    0.39   0.35  87.20
sde               0.00  1046.00    0.00 2512.00     0.00 91408.00    72.78     0.96    0.38    0.00    0.38   0.36  90.00
sde               0.00   982.00    0.00 2357.00     0.00 84032.00    71.30     0.95    0.40    0.00    0.40   0.38  88.80
sde               0.00  1052.00    0.00 2537.00     0.00 90708.00    71.51     0.96    0.38    0.00    0.38   0.35  87.60
sde               0.00   986.00    0.00 2348.00     0.00 84852.00    72.28     0.89    0.38    0.00    0.38   0.36  85.20
sde               0.00  1015.00    0.00 2449.00     0.00 88352.00    72.15     0.92    0.38    0.00    0.38   0.34  83.60
sde               0.00   983.00    0.00 2343.00     0.00 86044.00    73.45     0.89    0.38    0.00    0.38   0.36  84.00
sde               0.00   968.00    0.00 2292.00     0.00 83844.00    73.16     0.85    0.37    0.00    0.37   0.35  80.80
sde               0.00  1025.00    0.00 2457.00     0.00 89884.00    73.17     0.91    0.37    0.00    0.37   0.35  85.60
sde               0.00   960.00    0.00 2292.00     0.00 84404.00    73.65     0.88    0.39    0.00    0.39   0.36  83.20
