sde               0.00     0.85    0.00    1.55     0.00   113.52   146.23     0.01    4.37    1.91    4.37   0.41   0.06
sde               0.00     0.00    0.00    0.00     0.00     0.00     0.00     0.00    0.00    0.00    0.00   0.00   0.00
sde               0.00   635.00    0.00 1193.00     0.00 98480.00   165.10     0.60    0.51    0.00    0.51   0.39  46.40
sde               0.00  1040.00    0.00 1959.00     0.00 164356.00   167.80     1.10    0.55    0.00    0.55   0.39  76.80
sde               0.00   877.00    0.00 1687.00     0.00 141768.00   168.07     1.20    0.73    0.00    0.73   0.47  78.80
sde               0.00   877.00    0.00 1677.00     0.00 140736.00   167.84     1.19    0.71    0.00    0.71   0.47  79.60
sde               0.00   974.00    0.00 1514.00     0.00 128444.00   169.68     1.12    0.74    0.00    0.74   0.53  79.60
sde               0.00   900.00    0.00 1374.00     0.00 116904.00   170.17     1.12    0.82    0.00    0.82   0.58  79.20
sde               0.00  1248.00    0.00 1918.00     0.00 163200.00   170.18     1.20    0.63    0.00    0.63   0.43  82.40
sde               0.00  1076.00    0.00 1659.00     0.00 140728.00   169.65     1.32    0.79    0.00    0.79   0.51  85.20
sde               0.00  1152.00    0.00 1670.00     0.00 150248.00   179.94     0.88    0.53    0.00    0.53   0.43  72.00
sde               0.00   864.00    0.00 1204.00     0.00 111472.00   185.17     0.93    0.77    0.00    0.77   0.68  82.00
sde               0.00   907.00    0.00 1216.00     0.00 116904.00   192.28     0.84    0.69    0.00    0.69   0.69  84.00
sde               0.00  1238.00    0.00 1682.00     0.00 160984.00   191.42     0.85    0.50    0.00    0.50   0.49  82.40
sde               0.00  1021.00    0.00 1454.00     0.00 131392.00   180.73     0.88    0.61    0.00    0.61   0.55  80.00
sde               0.00   853.00    0.00 1157.00     0.00 111528.00   192.79     0.85    0.74    0.00    0.74   0.73  84.80
sde               0.00   972.00    0.00 1318.00     0.00 125124.00   189.87     0.84    0.64    0.00    0.64   0.63  82.40
sde               0.00  1037.00    0.00 1430.00     0.00 133964.00   187.36     0.88    0.61    0.00    0.61   0.58  83.20
sde               0.00  1119.00    0.00 1531.00     0.00 145484.00   190.05     0.79    0.52    0.00    0.52   0.51  78.80
sde               0.00  1258.00    0.00 1721.00     0.00 161796.00   188.03     0.81    0.47    0.00    0.47   0.45  76.80
sde               0.00  1100.00    0.00 1552.00     0.00 142792.00   184.01     0.81    0.52    0.00    0.52   0.48  75.20
sde               0.00   786.00    0.00 1082.00     0.00 102044.00   188.62     0.90    0.82    0.00    0.82   0.81  88.00
sde               0.00   481.00    0.00  644.00     0.00 62516.00   194.15     0.90    1.41    0.00    1.41   1.40  90.40
sde               0.00   517.00    0.00  708.00     0.00 66652.00   188.28     0.92    1.30    0.00    1.30   1.27  89.60
sde               0.00   448.00    0.00  601.00     0.00 57772.00   192.25     0.93    1.56    0.00    1.56   1.54  92.80
sde               0.00   521.00    0.00  718.00     0.00 67320.00   187.52     1.00    1.37    0.00    1.37   1.28  91.60
sde               0.00   531.00    0.00  721.00     0.00 68672.00   190.49     0.92    1.30    0.00    1.30   1.25  90.00
sde               0.00   469.00    0.00  634.00     0.00 60512.00   190.89     0.90    1.42    0.00    1.42   1.41  89.20
sde               0.00   511.00    0.00  689.00     0.00 65944.00   191.42     0.86    1.25    0.00    1.25   1.25  86.00
sde               0.00   647.00    0.00  875.00     0.00 84316.00   192.72     0.90    1.03    0.00    1.03   1.03  90.40
sde               0.00   727.00    0.00  981.00     0.00 94520.00   192.70     0.84    0.86    0.00    0.86   0.85  83.60
sde               0.00   818.00    0.00 1176.00     0.00 105384.00   179.22     0.95    0.81    0.00    0.81   0.70  82.80
sde               0.00   810.00    0.00 1077.00     0.00 101500.00   188.49     0.98    0.90    0.00    0.90   0.84  90.00
sde               0.00   510.00    0.00  684.00     0.00 65928.00   192.77     0.91    1.34    0.00    1.34   1.32  90.40
sde               0.00   513.00    0.00  703.00     0.00 65956.00   187.64     0.96    1.38    0.00    1.38   1.26  88.80
sde               0.00   499.00    0.00  669.00     0.00 64568.00   193.03     0.88    1.32    0.00    1.32   1.32  88.00
sde               0.00   811.00    0.00 1095.00     0.00 105424.00   192.56     0.88    0.81    0.00    0.81   0.81  88.40
sde               0.00   988.00    0.00 1347.00     0.00 127804.00   189.76     0.85    0.63    0.00    0.63   0.61  82.40
sde               0.00   992.00    0.00 1373.00     0.00 127816.00   186.18     0.86    0.63    0.00    0.63   0.57  78.40
sde               0.00   961.00    0.00 1326.00     0.00 124396.00   187.63     0.82    0.62    0.00    0.62   0.59  78.40
sde               0.00   998.00    0.00 1337.00     0.00 129140.00   193.18     0.86    0.64    0.00    0.64   0.63  84.80
sde               0.00  1120.00    0.00 1510.00     0.00 144836.00   191.84     0.80    0.53    0.00    0.53   0.53  80.40
sde               0.00  1235.00    0.00 1756.00     0.00 161120.00   183.51     0.91    0.52    0.00    0.52   0.45  79.60
sde               0.00  1106.00    0.00 1506.00     0.00 142804.00   189.65     0.86    0.57    0.00    0.57   0.54  81.20
sde               0.00  1056.00    0.00 1486.00     0.00 136664.00   183.94     0.88    0.59    0.00    0.59   0.54  80.80
sde               0.00  1143.00    0.00 1635.00     0.00 148872.00   182.11     0.92    0.57    0.00    0.57   0.46  74.80
sde               0.00  1115.00    0.00 1563.00     0.00 144832.00   185.33     0.91    0.58    0.00    0.58   0.51  80.40
sde               0.00  1030.00    0.00 1389.00     0.00 133256.00   191.87     0.83    0.60    0.00    0.60   0.60  83.20
sde               0.00  1016.00    0.00 1367.00     0.00 131220.00   191.98     0.80    0.59    0.00    0.59   0.59  80.00
sde               0.00  1058.00    0.00 1433.00     0.00 136676.00   190.76     0.83    0.58    0.00    0.58   0.58  82.40
sde               0.00  1109.00    0.00 1613.00     0.00 144816.00   179.56     1.05    0.65    0.00    0.65   0.53  85.60
sde               0.00  1114.00    0.00 1589.00     0.00 144180.00   181.47     0.92    0.58    0.00    0.58   0.50  78.80
sde               0.00   994.00    0.00 1364.00     0.00 128480.00   188.39     0.89    0.65    0.00    0.65   0.61  83.60
sde               0.00  1056.00    0.00 1532.00     0.00 137356.00   179.32     0.93    0.61    0.00    0.61   0.51  78.40
sde               0.00   997.00    0.00 1353.00     0.00 128496.00   189.94     0.86    0.63    0.00    0.63   0.60  81.60
sde               0.00   825.00    0.00 1124.00     0.00 107476.00   191.24     0.78    0.69    0.00    0.69   0.69  77.20
sde               0.00  1059.00    0.00 1447.00     0.00 136692.00   188.93     0.84    0.58    0.00    0.58   0.57  82.80
sde               0.00  1059.00    0.00 1454.00     0.00 137312.00   188.87     0.85    0.58    0.00    0.58   0.56  81.60
sde               0.00  1077.00    0.00 1506.00     0.00 139432.00   185.17     0.85    0.57    0.00    0.57   0.52  78.40
sde               0.00  1088.00    0.00 1533.00     0.00 141424.00   184.51     0.80    0.52    0.00    0.52   0.47  72.80
sde               0.00  1140.00    0.00 1597.00     0.00 147564.00   184.80     0.88    0.56    0.00    0.56   0.48  76.40
sde               0.00  1027.00    0.00 1401.00     0.00 133232.00   190.20     0.79    0.56    0.00    0.56   0.54  76.00
sde               0.00  1063.00    0.00 1397.00     0.00 133420.00   191.01     0.87    0.62    0.00    0.62   0.59  82.00
sde               0.00  1095.00    0.00 1471.00     0.00 142072.00   193.16     0.83    0.57    0.00    0.57   0.56  82.80
sde               0.00  1001.00    0.00 1344.00     0.00 129168.00   192.21     0.80    0.60    0.00    0.60   0.59  79.60
sde               0.00   936.00    0.00 1255.00     0.00 120332.00   191.76     0.77    0.61    0.00    0.61   0.61  76.80
sde               0.00  1146.00    0.00 1537.00     0.00 148212.00   192.86     0.71    0.46    0.00    0.46   0.46  70.80
sde               0.00  1020.00    0.00 1369.00     0.00 131232.00   191.72     0.80    0.59    0.00    0.59   0.58  79.60
sde               0.00  1135.00    0.00 1523.00     0.00 147500.00   193.70     0.83    0.55    0.00    0.55   0.55  83.20
sde               0.00  1085.00    0.00 1460.00     0.00 140080.00   191.89     0.83    0.57    0.00    0.57   0.57  82.80
sde               0.00  1134.00    0.00 1524.00     0.00 147492.00   193.56     0.79    0.52    0.00    0.52   0.51  78.40
sde               0.00  1160.00    0.00 1561.00     0.00 149616.00   191.69     0.84    0.54    0.00    0.54   0.53  83.20
sde               0.00  1246.00    0.00 1665.00     0.00 160368.00   192.63     0.69    0.42    0.00    0.42   0.41  68.40
sde               0.00  1195.00    0.00 1610.00     0.00 154376.00   191.77     0.77    0.48    0.00    0.48   0.47  76.00
sde               0.00  1208.00    0.00 1627.00     0.00 156400.00   192.26     0.72    0.44    0.00    0.44   0.44  71.20
sde               0.00  1108.00    0.00 1486.00     0.00 143440.00   193.06     0.82    0.55    0.00    0.55   0.55  81.60
sde               0.00  1299.00    0.00 1758.00     0.00 168656.00   191.87     0.73    0.42    0.00    0.42   0.41  72.40
sde               0.00  1194.00    0.00 1606.00     0.00 153596.00   191.28     0.79    0.50    0.00    0.50   0.49  79.20
sde               0.00  1194.00    0.00 1615.00     0.00 154384.00   191.19     0.73    0.45    0.00    0.45   0.45  72.80
sde               0.00  1296.00    0.00 1757.00     0.00 168644.00   191.97     0.82    0.46    0.00    0.46   0.46  81.60
sde               0.00  1249.00    0.00 1675.00     0.00 160412.00   191.54     0.74    0.44    0.00    0.44   0.44  73.20
sde               0.00  1110.00    0.00 1493.00     0.00 143472.00   192.19     0.80    0.54    0.00    0.54   0.53  79.60
sde               0.00  1202.00    0.00 1619.00     0.00 155056.00   191.55     0.74    0.46    0.00    0.46   0.46  74.00
sde               0.00  1363.00    0.00 1843.00     0.00 176836.00   191.90     0.81    0.44    0.00    0.44   0.44  81.20
sde               0.00  1221.00    0.00 1639.00     0.00 156996.00   191.58     0.78    0.48    0.00    0.48   0.48  78.00
sde               0.00  1377.00    0.00 1867.00     0.00 178884.00   191.63     0.79    0.42    0.00    0.42   0.42  78.80
sde               0.00  1214.00    0.00 1638.00     0.00 157092.00   191.81     0.78    0.47    0.00    0.47   0.47  76.40
sde               0.00  1335.00    0.00 1795.00     0.00 171964.00   191.60     0.81    0.45    0.00    0.45   0.45  80.80
sde               0.00  1245.00    0.00 1675.00     0.00 161168.00   192.44     0.84    0.50    0.00    0.50   0.50  83.60
sde               0.00  1306.00    0.00 1762.00     0.00 167928.00   190.61     0.78    0.44    0.00    0.44   0.44  78.00
sde               0.00  1246.00    0.00 1676.00     0.00 161820.00   193.10     0.80    0.48    0.00    0.48   0.48  80.40
sde               0.00  1273.00    0.00 1729.00     0.00 165272.00   191.18     0.80    0.46    0.00    0.46   0.47  80.40
sde               0.00  1328.00    0.00 1752.00     0.00 167344.00   191.03     0.73    0.42    0.00    0.42   0.41  72.40
sde               0.00  1243.00    0.00 1677.00     0.00 161160.00   192.20     0.75    0.45    0.00    0.45   0.44  74.40
sde               0.00  1242.00    0.00 1664.00     0.00 160472.00   192.88     0.62    0.38    0.00    0.38   0.38  62.40
sde               0.00  1268.00    0.00 1704.00     0.00 163768.00   192.22     0.77    0.45    0.00    0.45   0.45  76.00
sde               0.00  1231.00    0.00 1647.00     0.00 159112.00   193.21     0.68    0.42    0.00    0.42   0.42  68.40
sde               0.00  1302.00    0.00 1755.00     0.00 168656.00   192.20     0.78    0.44    0.00    0.44   0.44  76.80
sde               0.00  1277.00    0.00 1716.00     0.00 164480.00   191.70     0.82    0.47    0.00    0.47   0.48  81.60
sde               0.00  1277.00    0.00 1715.00     0.00 165240.00   192.70     0.77    0.45    0.00    0.45   0.45  77.20
sde               0.00  1305.00    0.00 1749.00     0.00 168544.00   192.73     0.78    0.45    0.00    0.45   0.44  77.60
sde               0.00  1387.00    0.00 1865.00     0.00 180188.00   193.23     0.79    0.42    0.00    0.42   0.42  78.80
sde               0.00  1210.00    0.00 1628.00     0.00 156404.00   192.14     0.74    0.46    0.00    0.46   0.46  74.40
sde               0.00  1221.00    0.00 1643.00     0.00 157008.00   191.12     0.76    0.46    0.00    0.46   0.46  75.60
sde               0.00  1259.00    0.00 1703.00     0.00 163224.00   191.69     0.78    0.46    0.00    0.46   0.45  77.20
sde               0.00  1313.00    0.00 1769.00     0.00 170020.00   192.22     0.71    0.40    0.00    0.40   0.40  70.80
sde               0.00  1292.00    0.00 1745.00     0.00 166540.00   190.88     0.78    0.45    0.00    0.45   0.45  78.40
sde               0.00  1329.00    0.00 1793.00     0.00 172716.00   192.66     0.77    0.43    0.00    0.43   0.43  76.80
sde               0.00  1352.00    0.00 1821.00     0.00 174040.00   191.15     0.82    0.45    0.00    0.45   0.45  82.00
sde               0.00  1241.00    0.00 1681.00     0.00 161172.00   191.76     0.79    0.47    0.00    0.47   0.47  78.80
sde               0.00  1225.00    0.00 1656.00     0.00 158464.00   191.38     0.72    0.43    0.00    0.43   0.43  71.20
sde               0.00  1240.00    0.00 1661.00     0.00 159692.00   192.28     0.77    0.46    0.00    0.46   0.46  76.80
sde               0.00  1201.00    0.00 1616.00     0.00 155704.00   192.70     0.73    0.45    0.00    0.45   0.45  72.00
sde               0.00  1238.00    0.00 1669.00     0.00 159820.00   191.52     0.74    0.44    0.00    0.44   0.44  73.20
sde               0.00  1227.00    0.00 1662.00     0.00 159156.00   191.52     0.80    0.48    0.00    0.48   0.48  79.20
sde               0.00  1290.00    0.00 1738.00     0.00 166524.00   191.63     0.74    0.43    0.00    0.43   0.42  72.40
sde               0.00  1186.00    0.00 1599.00     0.00 153016.00   191.39     0.75    0.47    0.00    0.47   0.47  74.40
sde               0.00  1151.00    0.00 1554.00     0.00 148916.00   191.66     0.72    0.47    0.00    0.47   0.47  72.40
sde               0.00  1294.00    0.00 1739.00     0.00 166532.00   191.53     0.70    0.40    0.00    0.40   0.40  70.00
sde               0.00  1239.00    0.00 1671.00     0.00 160480.00   192.08     0.70    0.42    0.00    0.42   0.42  69.60
sde               0.00  1185.00    0.00 1601.00     0.00 153032.00   191.17     0.71    0.45    0.00    0.45   0.44  70.80
sde               0.00  1225.00    0.00 1654.00     0.00 158460.00   191.61     0.68    0.41    0.00    0.41   0.41  68.00
sde               0.00  1328.00    0.00 1744.00     0.00 166696.00   191.17     0.78    0.44    0.00    0.44   0.44  77.20
sde               0.00  1234.00    0.00 1668.00     0.00 160460.00   192.40     0.68    0.41    0.00    0.41   0.40  67.20
sde               0.00  1308.00    0.00 1759.00     0.00 169336.00   192.54     0.68    0.39    0.00    0.39   0.39  68.40
sde               0.00  1200.00    0.00 1613.00     0.00 154276.00   191.29     0.72    0.45    0.00    0.45   0.44  71.60
sde               0.00  1241.00    0.00 1668.00     0.00 161136.00   193.21     0.71    0.43    0.00    0.43   0.42  70.80
sde               0.00  1279.00    0.00 1721.00     0.00 165904.00   192.80     0.76    0.44    0.00    0.44   0.44  75.20
sde               0.00  1270.00    0.00 1703.00     0.00 163140.00   191.59     0.73    0.43    0.00    0.43   0.43  72.40
sde               0.00  1203.00    0.00 1619.00     0.00 155708.00   192.35     0.77    0.48    0.00    0.48   0.47  76.40
sde               0.00  1230.00    0.00 1650.00     0.00 159088.00   192.83     0.72    0.43    0.00    0.43   0.43  71.20
sde               0.00  1299.00    0.00 1741.00     0.00 167208.00   192.08     0.78    0.45    0.00    0.45   0.45  77.60
sde               0.00  1176.00    0.00 1583.00     0.00 151660.00   191.61     0.70    0.44    0.00    0.44   0.44  70.00
sde               0.00  1219.00    0.00 1639.00     0.00 157752.00   192.50     0.76    0.46    0.00    0.46   0.46  75.60
sde               0.00  1262.00    0.00 1709.00     0.00 163240.00   191.04     0.73    0.43    0.00    0.43   0.43  72.80
sde               0.00  1241.00    0.00 1668.00     0.00 159708.00   191.50     0.73    0.44    0.00    0.44   0.43  72.40
sde               0.00  1241.00    0.00 1681.00     0.00 160520.00   190.98     0.80    0.48    0.00    0.48   0.47  79.60
sde               0.00  1203.00    0.00 1616.00     0.00 155716.00   192.72     0.71    0.44    0.00    0.44   0.44  71.20
sde               0.00  1257.00    0.00 1699.00     0.00 163076.00   191.97     0.76    0.45    0.00    0.45   0.44  75.60
sde               0.00  1282.00    0.00 1725.00     0.00 165292.00   191.64     0.75    0.43    0.00    0.43   0.43  74.00
sde               0.00  1220.00    0.00 1649.00     0.00 157780.00   191.36     0.74    0.45    0.00    0.45   0.45  74.00
sde               0.00  1258.00    0.00 1702.00     0.00 162564.00   191.03     0.74    0.43    0.00    0.43   0.43  73.60
sde               0.00  1258.00    0.00 1696.00     0.00 162432.00   191.55     0.81    0.48    0.00    0.48   0.47  80.40
sde               0.00  1168.00    0.00 1582.00     0.00 150980.00   190.87     0.76    0.49    0.00    0.49   0.48  75.60
sde               0.00  1196.00    0.00 1618.00     0.00 155040.00   191.64     0.70    0.44    0.00    0.44   0.43  70.00
sde               0.00  1243.00    0.00 1681.00     0.00 160540.00   191.01     0.70    0.42    0.00    0.42   0.41  69.60
sde               0.00  1223.00    0.00 1650.00     0.00 157668.00   191.11     0.81    0.49    0.00    0.49   0.49  80.80
sde               0.00  1163.00    0.00 1574.00     0.00 150308.00   190.99     0.70    0.44    0.00    0.44   0.44  70.00
sde               0.00  1287.00    0.00 1741.00     0.00 167280.00   192.17     0.71    0.41    0.00    0.41   0.41  71.20
sde               0.00  1211.00    0.00 1627.00     0.00 155648.00   191.33     0.75    0.46    0.00    0.46   0.46  74.40
sde               0.00  1213.00    0.00 1642.00     0.00 157736.00   192.13     0.73    0.45    0.00    0.45   0.45  73.20
sde               0.00  1219.00    0.00 1643.00     0.00 157116.00   191.26     0.75    0.46    0.00    0.46   0.46  74.80
sde               0.00  1279.00    0.00 1695.00     0.00 160704.00   189.62     0.77    0.46    0.00    0.46   0.45  75.60
sde               0.00  1242.00    0.00 1671.00     0.00 161004.00   192.70     0.78    0.46    0.00    0.46   0.47  78.00
