sde               0.00     0.98    0.00    1.85     0.00   126.17   136.72     0.01    3.74    1.91    3.74   0.40   0.07
sde               0.00     1.00    0.00    4.00     0.00    20.00    10.00     0.00    0.00    0.00    0.00   0.00   0.00
sde               0.00   545.00    0.00 1007.00     0.00 113632.00   225.68     0.61    0.61    0.00    0.61   0.45  45.60
sde               0.00   830.00    0.00 1517.00     0.00 173896.00   229.26     1.18    0.77    0.00    0.77   0.54  81.60
sde               0.00   659.00    0.00 1245.00     0.00 142968.00   229.67     1.30    1.05    0.00    1.05   0.69  86.40
sde               0.00   695.00    0.00 1246.00     0.00 143620.00   230.53     1.29    1.03    0.00    1.03   0.70  87.60
sde               0.00   697.00    0.00 1065.00     0.00 122608.00   230.25     1.28    1.21    0.00    1.21   0.80  85.60
sde               0.00   647.00    0.00  995.00     0.00 115160.00   231.48     1.46    1.46    0.00    1.46   0.89  88.40
sde               0.00   873.00    0.00 1334.00     0.00 153400.00   229.99     1.27    0.95    0.00    0.95   0.65  86.80
sde               0.00   760.00    0.00 1160.00     0.00 133824.00   230.73     1.27    1.10    0.00    1.10   0.74  86.40
sde               0.00   952.00    0.00 1393.00     0.00 168476.00   241.89     0.96    0.69    0.00    0.69   0.56  77.60
sde               0.00   545.00    0.00  724.00     0.00 95484.00   263.77     0.90    1.24    0.00    1.24   1.25  90.40
sde               0.00   760.00    0.00 1001.00     0.00 132864.00   265.46     0.86    0.86    0.00    0.86   0.86  85.60
sde               0.00  1059.00    0.00 1398.00     0.00 184332.00   263.71     0.83    0.60    0.00    0.60   0.59  82.80
sde               0.00   595.00    0.00  780.00     0.00 102888.00   263.82     0.88    1.12    0.00    1.12   1.12  87.60
sde               0.00   721.00    0.00  998.00     0.00 127360.00   255.23     0.84    0.85    0.00    0.85   0.80  80.00
sde               0.00   730.00    0.00 1038.00     0.00 127272.00   245.23     0.95    0.92    0.00    0.92   0.76  78.80
sde               0.00   831.00    0.00 1099.00     0.00 145060.00   263.99     0.84    0.76    0.00    0.76   0.75  82.80
sde               0.00  1036.00    0.00 1430.00     0.00 180572.00   252.55     0.86    0.60    0.00    0.60   0.54  77.20
sde               0.00   883.00    0.00 1188.00     0.00 154440.00   260.00     0.80    0.67    0.00    0.67   0.65  77.60
sde               0.00   664.00    0.00  898.00     0.00 116028.00   258.41     0.87    0.96    0.00    0.96   0.94  84.80
sde               0.00   368.00    0.00  488.00     0.00 63644.00   260.84     0.90    1.85    0.00    1.85   1.84  89.60
sde               0.00   360.00    0.00  484.00     0.00 62712.00   259.14     0.92    1.91    0.00    1.91   1.88  91.20
sde               0.00   322.00    0.00  429.00     0.00 56136.00   261.71     0.91    2.11    0.00    2.11   2.12  90.80
sde               0.00   321.00    0.00  433.00     0.00 57164.00   264.04     0.91    2.10    0.00    2.10   2.10  90.80
sde               0.00   406.00    0.00  548.00     0.00 71124.00   259.58     0.92    1.69    0.00    1.69   1.64  90.00
sde               0.00   357.00    0.00  474.00     0.00 61776.00   260.66     0.93    1.97    0.00    1.97   1.94  92.00
sde               0.00   380.00    0.00  503.00     0.00 66428.00   264.13     0.93    1.82    0.00    1.82   1.84  92.80
sde               0.00   449.00    0.00  601.00     0.00 78632.00   261.67     0.90    1.52    0.00    1.52   1.50  90.00
sde               0.00   420.00    0.00  555.00     0.00 71980.00   259.39     0.91    1.64    0.00    1.64   1.61  89.60
sde               0.00   615.00    0.00  855.00     0.00 107692.00   251.91     0.96    1.13    0.00    1.13   1.02  87.60
sde               0.00   719.00    0.00  950.00     0.00 125380.00   263.96     0.86    0.91    0.00    0.91   0.90  85.60
sde               0.00   368.00    0.00  455.00     0.00 58200.00   255.82     0.92    2.03    0.00    2.03   2.02  92.00
sde               0.00   372.00    0.00  487.00     0.00 64564.00   265.15     0.91    1.87    0.00    1.87   1.86  90.80
sde               0.00   377.00    0.00  496.00     0.00 65504.00   264.13     0.88    1.78    0.00    1.78   1.78  88.40
sde               0.00   557.00    0.00  759.00     0.00 98288.00   258.99     0.90    1.19    0.00    1.19   1.14  86.80
sde               0.00   704.00    0.00  933.00     0.00 122568.00   262.74     0.88    0.95    0.00    0.95   0.93  87.20
sde               0.00   694.00    0.00  922.00     0.00 120692.00   261.80     0.88    0.95    0.00    0.95   0.95  87.60
sde               0.00   728.00    0.00  963.00     0.00 127252.00   264.28     0.88    0.91    0.00    0.91   0.91  87.60
sde               0.00   776.00    0.00 1023.00     0.00 136568.00   267.00     0.86    0.84    0.00    0.84   0.84  85.60
sde               0.00   714.00    0.00  950.00     0.00 124592.00   262.30     0.84    0.88    0.00    0.88   0.88  83.60
sde               0.00  1084.00    0.00 1452.00     0.00 188088.00   259.07     0.84    0.59    0.00    0.59   0.55  80.00
sde               0.00   829.00    0.00 1136.00     0.00 145064.00   255.39     0.86    0.75    0.00    0.75   0.69  78.80
sde               0.00   859.00    0.00 1159.00     0.00 150672.00   260.00     0.82    0.72    0.00    0.72   0.68  78.80
sde               0.00   846.00    0.00 1173.00     0.00 147772.00   251.96     0.90    0.76    0.00    0.76   0.70  82.00
sde               0.00   721.00    0.00  962.00     0.00 126420.00   262.83     0.87    0.91    0.00    0.91   0.89  85.60
sde               0.00   759.00    0.00 1000.00     0.00 132852.00   265.70     0.85    0.85    0.00    0.85   0.85  85.20
sde               0.00   689.00    0.00  909.00     0.00 119784.00   263.55     0.90    0.98    0.00    0.98   0.99  89.60
sde               0.00   835.00    0.00 1110.00     0.00 145988.00   263.04     0.85    0.77    0.00    0.77   0.74  82.40
sde               0.00   848.00    0.00 1164.00     0.00 148804.00   255.68     0.86    0.74    0.00    0.74   0.68  79.20
sde               0.00   772.00    0.00 1023.00     0.00 134752.00   263.44     0.81    0.79    0.00    0.79   0.79  80.80
sde               0.00   684.00    0.00  913.00     0.00 118836.00   260.32     0.84    0.92    0.00    0.92   0.90  82.00
sde               0.00   779.00    0.00 1042.00     0.00 135700.00   260.46     0.85    0.81    0.00    0.81   0.80  83.60
sde               0.00   744.00    0.00  987.00     0.00 129156.00   261.71     0.85    0.86    0.00    0.86   0.86  84.40
sde               0.00   688.00    0.00  915.00     0.00 119760.00   261.77     0.86    0.95    0.00    0.95   0.93  85.20
sde               0.00   771.00    0.00 1053.00     0.00 134788.00   256.01     0.86    0.81    0.00    0.81   0.79  83.20
sde               0.00   780.00    0.00 1033.00     0.00 135708.00   262.75     0.87    0.84    0.00    0.84   0.84  86.40
sde               0.00   941.00    0.00 1261.00     0.00 164748.00   261.30     0.84    0.67    0.00    0.67   0.64  81.20
sde               0.00   903.00    0.00 1221.00     0.00 158204.00   259.14     0.87    0.71    0.00    0.71   0.70  85.20
sde               0.00   825.00    0.00 1150.00     0.00 144120.00   250.64     0.87    0.76    0.00    0.76   0.69  79.60
sde               0.00   678.00    0.00  914.00     0.00 117908.00   258.00     0.85    0.93    0.00    0.93   0.91  83.20
sde               0.00   807.00    0.00 1077.00     0.00 140428.00   260.78     0.78    0.73    0.00    0.73   0.72  78.00
sde               0.00   903.00    0.00 1184.00     0.00 153636.00   259.52     0.91    0.77    0.00    0.77   0.67  79.20
sde               0.00   653.00    0.00  860.00     0.00 113204.00   263.27     0.88    1.02    0.00    1.02   1.02  88.00
sde               0.00   833.00    0.00 1101.00     0.00 145076.00   263.53     0.82    0.75    0.00    0.75   0.74  82.00
sde               0.00   757.00    0.00 1002.00     0.00 131944.00   263.36     0.84    0.84    0.00    0.84   0.84  84.00
sde               0.00   895.00    0.00 1178.00     0.00 156296.00   265.36     0.84    0.72    0.00    0.72   0.72  84.40
sde               0.00   798.00    0.00 1056.00     0.00 139436.00   264.08     0.86    0.82    0.00    0.82   0.82  86.40
sde               0.00   833.00    0.00 1128.00     0.00 144960.00   257.02     0.89    0.79    0.00    0.79   0.74  83.60
sde               0.00   915.00    0.00 1267.00     0.00 160060.00   252.66     0.88    0.70    0.00    0.70   0.63  79.20
sde               0.00  1135.00    0.00 1508.00     0.00 198888.00   263.78     0.80    0.53    0.00    0.53   0.52  78.40
sde               0.00  1093.00    0.00 1546.00     0.00 191300.00   247.48     0.95    0.61    0.00    0.61   0.50  78.00
sde               0.00  1040.00    0.00 1425.00     0.00 182540.00   256.20     0.87    0.61    0.00    0.61   0.56  80.40
sde               0.00   887.00    0.00 1197.00     0.00 154456.00   258.07     0.80    0.67    0.00    0.67   0.65  77.60
sde               0.00  1100.00    0.00 1454.00     0.00 191796.00   263.82     0.79    0.55    0.00    0.55   0.53  77.20
sde               0.00  1024.00    0.00 1416.00     0.00 178708.00   252.41     0.88    0.62    0.00    0.62   0.55  78.40
sde               0.00  1098.00    0.00 1459.00     0.00 191424.00   262.40     0.80    0.55    0.00    0.55   0.54  78.80
sde               0.00  1107.00    0.00 1514.00     0.00 194220.00   256.57     0.81    0.54    0.00    0.54   0.51  76.80
sde               0.00   799.00    0.00 1063.00     0.00 138436.00   260.46     0.89    0.84    0.00    0.84   0.84  88.80
sde               0.00  1099.00    0.00 1464.00     0.00 191964.00   262.25     0.80    0.55    0.00    0.55   0.55  80.00
sde               0.00  1145.00    0.00 1517.00     0.00 200236.00   263.99     0.82    0.54    0.00    0.54   0.54  81.20
sde               0.00  1069.00    0.00 1428.00     0.00 185332.00   259.57     0.77    0.54    0.00    0.54   0.54  76.40
sde               0.00  1086.00    0.00 1436.00     0.00 189020.00   263.26     0.78    0.55    0.00    0.55   0.54  77.60
sde               0.00  1106.00    0.00 1471.00     0.00 193676.00   263.33     0.78    0.53    0.00    0.53   0.53  77.60
sde               0.00  1119.00    0.00 1477.00     0.00 194776.00   263.75     0.83    0.56    0.00    0.56   0.56  82.40
sde               0.00  1150.00    0.00 1527.00     0.00 200272.00   262.31     0.81    0.53    0.00    0.53   0.53  80.80
sde               0.00  1070.00    0.00 1426.00     0.00 186244.00   261.21     0.77    0.54    0.00    0.54   0.54  76.80
sde               0.00  1185.00    0.00 1571.00     0.00 206832.00   263.31     0.82    0.52    0.00    0.52   0.52  81.20
sde               0.00  1102.00    0.00 1462.00     0.00 191840.00   262.44     0.76    0.52    0.00    0.52   0.52  76.00
sde               0.00  1108.00    0.00 1469.00     0.00 192776.00   262.46     0.78    0.53    0.00    0.53   0.53  77.20
sde               0.00  1147.00    0.00 1533.00     0.00 199368.00   260.10     0.78    0.51    0.00    0.51   0.51  77.60
sde               0.00  1050.00    0.00 1399.00     0.00 183520.00   262.36     0.74    0.53    0.00    0.53   0.52  72.80
sde               0.00  1141.00    0.00 1462.00     0.00 191104.00   261.43     0.78    0.53    0.00    0.53   0.53  77.60
sde               0.00  1116.00    0.00 1479.00     0.00 194636.00   263.20     0.78    0.53    0.00    0.53   0.52  77.60
sde               0.00  1001.00    0.00 1328.00     0.00 175056.00   263.64     0.75    0.57    0.00    0.57   0.56  74.80
sde               0.00  1122.00    0.00 1488.00     0.00 196476.00   264.08     0.76    0.51    0.00    0.51   0.51  75.60
sde               0.00  1067.00    0.00 1407.00     0.00 185244.00   263.32     0.77    0.55    0.00    0.55   0.54  76.40
sde               0.00  1089.00    0.00 1440.00     0.00 189056.00   262.58     0.76    0.53    0.00    0.53   0.53  76.00
sde               0.00  1093.00    0.00 1453.00     0.00 191908.00   264.15     0.77    0.53    0.00    0.53   0.53  76.40
sde               0.00  1153.00    0.00 1523.00     0.00 200276.00   263.00     0.75    0.49    0.00    0.49   0.49  74.40
sde               0.00  1065.00    0.00 1405.00     0.00 185256.00   263.71     0.73    0.52    0.00    0.52   0.52  72.40
sde               0.00  1084.00    0.00 1430.00     0.00 188096.00   263.07     0.77    0.54    0.00    0.54   0.53  76.40
sde               0.00  1085.00    0.00 1435.00     0.00 189000.00   263.41     0.76    0.54    0.00    0.54   0.53  76.00
sde               0.00  1090.00    0.00 1446.00     0.00 190980.00   264.15     0.74    0.51    0.00    0.51   0.51  74.00
sde               0.00  1124.00    0.00 1489.00     0.00 195580.00   262.70     0.79    0.53    0.00    0.53   0.53  78.40
sde               0.00  1095.00    0.00 1454.00     0.00 190892.00   262.57     0.76    0.52    0.00    0.52   0.52  76.00
sde               0.00  1105.00    0.00 1470.00     0.00 192784.00   262.29     0.77    0.53    0.00    0.53   0.53  77.20
sde               0.00  1110.00    0.00 1478.00     0.00 193700.00   262.11     0.77    0.52    0.00    0.52   0.52  76.40
sde               0.00  1100.00    0.00 1458.00     0.00 191932.00   263.28     0.77    0.53    0.00    0.53   0.52  76.00
sde               0.00  1056.00    0.00 1418.00     0.00 183476.00   258.78     0.75    0.53    0.00    0.53   0.52  74.40
sde               0.00  1069.00    0.00 1418.00     0.00 185308.00   261.37     0.76    0.54    0.00    0.54   0.53  75.60
sde               0.00  1078.00    0.00 1441.00     0.00 188100.00   261.07     0.78    0.54    0.00    0.54   0.53  76.80
sde               0.00  1086.00    0.00 1449.00     0.00 190076.00   262.35     0.76    0.52    0.00    0.52   0.53  76.40
sde               0.00  1128.00    0.00 1502.00     0.00 195620.00   260.48     0.80    0.53    0.00    0.53   0.52  78.80
sde               0.00  1061.00    0.00 1418.00     0.00 184372.00   260.05     0.74    0.52    0.00    0.52   0.52  73.60
sde               0.00  1065.00    0.00 1417.00     0.00 186188.00   262.79     0.77    0.54    0.00    0.54   0.54  77.20
sde               0.00  1007.00    0.00 1353.00     0.00 176952.00   261.57     0.74    0.55    0.00    0.55   0.55  74.00
sde               0.00  1110.00    0.00 1475.00     0.00 192804.00   261.43     0.72    0.49    0.00    0.49   0.49  72.00
sde               0.00  1110.00    0.00 1481.00     0.00 193716.00   261.60     0.78    0.53    0.00    0.53   0.52  77.60
sde               0.00  1014.00    0.00 1352.00     0.00 178768.00   264.45     0.81    0.59    0.00    0.59   0.60  80.80
sde               0.00  1069.31    0.00 1427.72     0.00 186257.43   260.92     0.75    0.53    0.00    0.53   0.52  74.46
sde               0.00  1157.00    0.00 1539.00     0.00 202144.00   262.70     0.78    0.51    0.00    0.51   0.50  77.60
sde               0.00  1150.00    0.00 1483.00     0.00 192988.00   260.27     0.79    0.53    0.00    0.53   0.53  78.40
sde               0.00  1070.00    0.00 1413.00     0.00 187100.00   264.83     0.78    0.55    0.00    0.55   0.55  78.00
sde               0.00  1041.00    0.00 1386.00     0.00 182560.00   263.43     0.71    0.51    0.00    0.51   0.51  71.20
sde               0.00  1106.00    0.00 1466.00     0.00 193664.00   264.21     0.78    0.53    0.00    0.53   0.53  77.60
sde               0.00  1123.00    0.00 1485.00     0.00 195572.00   263.40     0.78    0.52    0.00    0.52   0.53  78.00
sde               0.00  1069.00    0.00 1407.00     0.00 186184.00   264.65     0.76    0.55    0.00    0.55   0.54  76.00
sde               0.00  1083.00    0.00 1443.00     0.00 190044.00   263.40     0.75    0.52    0.00    0.52   0.52  75.20
sde               0.00  1091.00    0.00 1443.00     0.00 189956.00   263.28     0.79    0.54    0.00    0.54   0.54  78.40
sde               0.00  1062.00    0.00 1401.00     0.00 185232.00   264.43     0.75    0.54    0.00    0.54   0.53  74.00
sde               0.00  1092.00    0.00 1444.00     0.00 189972.00   263.12     0.80    0.55    0.00    0.55   0.55  79.60
sde               0.00  1155.00    0.00 1526.00     0.00 202068.00   264.83     0.77    0.50    0.00    0.50   0.50  76.80
sde               0.00  1142.00    0.00 1513.00     0.00 199340.00   263.50     0.80    0.53    0.00    0.53   0.52  79.20
sde               0.00  1101.00    0.00 1462.00     0.00 192868.00   263.84     0.77    0.53    0.00    0.53   0.52  76.40
sde               0.00  1083.00    0.00 1437.00     0.00 189004.00   263.05     0.73    0.51    0.00    0.51   0.50  72.40
sde               0.00  1096.00    0.00 1458.00     0.00 190908.00   261.88     0.75    0.52    0.00    0.52   0.51  74.80
sde               0.00  1112.00    0.00 1472.00     0.00 193704.00   263.18     0.74    0.51    0.00    0.51   0.51  74.40
sde               0.00  1031.00    0.00 1386.00     0.00 181616.00   262.07     0.74    0.54    0.00    0.54   0.53  74.00
