sde               0.00     0.59    0.00    1.05     0.00    95.98   183.05     0.01    6.30    1.91    6.31   0.44   0.05
sde               0.00     1.00    0.00    4.00     0.00    20.00    10.00     0.00    0.00    0.00    0.00   0.00   0.00
sde               0.00   739.00    0.00 1513.00     0.00 43820.00    57.92     0.52    0.34    0.00    0.34   0.34  52.00
sde               0.00  1224.00    0.00 2576.00     0.00 75308.00    58.47     0.78    0.30    0.00    0.30   0.30  77.60
sde               0.00  1269.00    0.00 2648.00     0.00 77996.00    58.91     0.92    0.35    0.00    0.35   0.35  91.60
sde               0.00  1241.00    0.00 2654.00     0.00 76380.00    57.56     0.86    0.33    0.00    0.33   0.32  85.60
sde               0.00  1287.00    0.00 2567.00     0.00 81660.00    63.62     0.88    0.34    0.00    0.34   0.34  87.20
sde               0.00  1205.00    0.00 2529.00     0.00 75580.00    59.77     0.89    0.35    0.00    0.35   0.35  88.80
sde               0.00  1313.00    0.00 2596.00     0.00 84144.00    64.83     0.83    0.32    0.00    0.32   0.32  82.80
sde               0.00  1208.00    0.00 2515.00     0.00 74052.00    58.89     0.87    0.35    0.00    0.35   0.35  86.80
sde               0.00  1441.00    0.00 2466.00     0.00 83764.00    67.94     0.80    0.32    0.00    0.32   0.32  79.20
sde               0.00  1409.00    0.00 2548.00     0.00 72160.00    56.64     0.81    0.32    0.00    0.32   0.32  81.20
sde               0.00  1509.00    0.00 2659.00     0.00 79500.00    59.80     0.86    0.32    0.00    0.32   0.30  80.80
sde               0.00  1495.00    0.00 2712.00     0.00 76816.00    56.65     0.89    0.33    0.00    0.33   0.33  88.40
sde               0.00  1518.00    0.00 2593.00     0.00 81116.00    62.57     0.92    0.36    0.00    0.36   0.33  85.60
sde               0.00  1484.00    0.00 2689.00     0.00 76192.00    56.67     0.92    0.34    0.00    0.34   0.34  92.00
sde               0.00  1540.00    0.00 2705.00     0.00 81060.00    59.93     0.91    0.34    0.00    0.34   0.31  83.60
sde               0.00  1360.00    0.00 2464.00     0.00 69936.00    56.77     0.83    0.34    0.00    0.34   0.34  83.20
sde               0.00  1471.00    0.00 2638.00     0.00 76544.00    58.03     0.89    0.34    0.00    0.34   0.33  86.00
sde               0.00  1433.00    0.00 2561.00     0.00 73632.00    57.50     0.85    0.33    0.00    0.33   0.33  83.60
sde               0.00  1486.00    0.00 2671.00     0.00 76964.00    57.63     0.91    0.34    0.00    0.34   0.33  88.80
sde               0.00  1425.00    0.00 2555.00     0.00 73328.00    57.40     0.87    0.34    0.00    0.34   0.34  85.60
sde               0.00  1452.00    0.00 2596.00     0.00 75580.00    58.23     0.89    0.34    0.00    0.34   0.33  86.40
sde               0.00  1421.00    0.00 2541.00     0.00 73060.00    57.50     0.82    0.33    0.00    0.33   0.32  82.00
sde               0.00  1362.00    0.00 2438.00     0.00 69972.00    57.40     0.79    0.32    0.00    0.32   0.32  78.80
sde               0.00  1412.00    0.00 2525.00     0.00 72984.00    57.81     0.83    0.33    0.00    0.33   0.32  81.60
sde               0.00  1377.00    0.00 2472.00     0.00 70648.00    57.16     0.80    0.33    0.00    0.33   0.32  79.60
sde               0.00  1411.00    0.00 2544.00     0.00 72540.00    57.03     0.77    0.30    0.00    0.30   0.30  76.80
sde               0.00  1366.00    0.00 2472.00     0.00 70236.00    56.83     0.81    0.33    0.00    0.33   0.33  81.20
sde               0.00  1422.00    0.00 2565.00     0.00 73392.00    57.23     0.82    0.32    0.00    0.32   0.32  81.60
sde               0.00  1389.00    0.00 2482.00     0.00 71244.00    57.41     0.86    0.35    0.00    0.35   0.34  85.60
sde               0.00  1443.00    0.00 2599.00     0.00 74364.00    57.23     0.86    0.33    0.00    0.33   0.33  85.60
sde               0.00  1464.00    0.00 2621.00     0.00 74520.00    56.86     0.82    0.31    0.00    0.31   0.31  81.60
sde               0.00  1391.00    0.00 2514.00     0.00 71596.00    56.96     0.81    0.32    0.00    0.32   0.32  80.80
sde               0.00  1378.00    0.00 2468.00     0.00 70648.00    57.25     0.81    0.33    0.00    0.33   0.33  80.80
sde               0.00  1455.00    0.00 2617.00     0.00 74712.00    57.10     0.83    0.32    0.00    0.32   0.31  82.40
sde               0.00  1499.00    0.00 2696.00     0.00 76912.00    57.06     0.90    0.33    0.00    0.33   0.33  89.20
sde               0.00  1467.00    0.00 2627.00     0.00 75292.00    57.32     0.82    0.31    0.00    0.31   0.31  82.00
sde               0.00  1451.00    0.00 2616.00     0.00 74684.00    57.10     0.84    0.32    0.00    0.32   0.32  83.20
sde               0.00  1465.00    0.00 2634.00     0.00 74804.00    56.80     0.86    0.33    0.00    0.33   0.33  86.00
sde               0.00  1349.00    0.00 2434.00     0.00 69180.00    56.84     0.81    0.33    0.00    0.33   0.33  81.20
sde               0.00  1455.00    0.00 2633.00     0.00 74640.00    56.70     0.85    0.33    0.00    0.33   0.32  84.80
sde               0.00  1366.00    0.00 2472.00     0.00 70120.00    56.73     0.79    0.32    0.00    0.32   0.32  78.80
sde               0.00  1398.00    0.00 2515.00     0.00 71396.00    56.78     0.86    0.34    0.00    0.34   0.34  85.60
sde               0.00  1416.00    0.00 2560.00     0.00 72620.00    56.73     0.81    0.32    0.00    0.32   0.32  80.80
sde               0.00  1444.00    0.00 2585.00     0.00 74320.00    57.50     0.90    0.35    0.00    0.35   0.35  89.20
sde               0.00  1481.00    0.00 2678.00     0.00 76020.00    56.77     0.87    0.33    0.00    0.33   0.33  87.20
sde               0.00  1395.00    0.00 2515.00     0.00 71636.00    56.97     0.86    0.35    0.00    0.35   0.34  86.00
sde               0.00  1370.00    0.00 2459.00     0.00 70076.00    57.00     0.77    0.31    0.00    0.31   0.31  76.80
sde               0.00  1376.00    0.00 2479.00     0.00 70692.00    57.03     0.77    0.31    0.00    0.31   0.31  76.80
sde               0.00  1497.00    0.00 2701.00     0.00 76404.00    56.57     0.88    0.33    0.00    0.33   0.33  88.00
sde               0.00  1414.00    0.00 2566.00     0.00 72640.00    56.62     0.84    0.33    0.00    0.33   0.33  84.00
sde               0.00  1418.00    0.00 2566.00     0.00 72764.00    56.71     0.81    0.32    0.00    0.32   0.31  80.80
sde               0.00  1388.00    0.00 2517.00     0.00 71108.00    56.50     0.83    0.33    0.00    0.33   0.33  82.40
sde               0.00  1372.00    0.00 2467.00     0.00 70112.00    56.84     0.86    0.35    0.00    0.35   0.35  86.40
sde               0.00  1381.00    0.00 2478.00     0.00 70704.00    57.07     0.79    0.32    0.00    0.32   0.32  79.20
sde               0.00  1403.00    0.00 2528.00     0.00 71696.00    56.72     0.79    0.31    0.00    0.31   0.31  78.80
sde               0.00  1390.00    0.00 2510.00     0.00 71352.00    56.85     0.86    0.34    0.00    0.34   0.34  86.40
sde               0.00  1375.00    0.00 2480.00     0.00 70436.00    56.80     0.82    0.33    0.00    0.33   0.33  82.00
sde               0.00  1375.00    0.00 2468.00     0.00 70380.00    57.03     0.80    0.32    0.00    0.32   0.32  80.00
sde               0.00  1415.00    0.00 2566.00     0.00 72644.00    56.62     0.84    0.33    0.00    0.33   0.33  84.40
sde               0.00  1438.00    0.00 2604.00     0.00 73724.00    56.62     0.83    0.32    0.00    0.32   0.32  82.80
sde               0.00  1482.00    0.00 2639.00     0.00 75060.00    56.89     0.86    0.33    0.00    0.33   0.33  86.00
sde               0.00  1446.00    0.00 2624.00     0.00 74328.00    56.65     0.92    0.35    0.00    0.35   0.35  91.60
sde               0.00  1476.00    0.00 2664.00     0.00 75732.00    56.86     0.89    0.33    0.00    0.33   0.33  88.80
sde               0.00  1414.00    0.00 2549.00     0.00 72564.00    56.94     0.79    0.31    0.00    0.31   0.31  78.80
sde               0.00  1353.00    0.00 2428.00     0.00 68916.00    56.77     0.80    0.33    0.00    0.33   0.33  80.00
sde               0.00  1387.00    0.00 2498.00     0.00 71024.00    56.86     0.76    0.31    0.00    0.31   0.30  76.00
sde               0.00  1383.00    0.00 2488.00     0.00 70756.00    56.88     0.78    0.31    0.00    0.31   0.31  78.00
sde               0.00  1403.00    0.00 2522.00     0.00 71952.00    57.06     0.84    0.33    0.00    0.33   0.33  84.40
sde               0.00  1504.00    0.00 2707.00     0.00 77228.00    57.06     0.84    0.31    0.00    0.31   0.31  84.00
sde               0.00  1497.00    0.00 2703.00     0.00 76436.00    56.56     0.91    0.34    0.00    0.34   0.34  90.80
sde               0.00  1382.00    0.00 2507.00     0.00 70912.00    56.57     0.79    0.32    0.00    0.32   0.32  79.20
sde               0.00  1421.00    0.00 2550.00     0.00 72492.00    56.86     0.81    0.32    0.00    0.32   0.32  80.80
sde               0.00  1374.00    0.00 2489.00     0.00 70572.00    56.71     0.81    0.32    0.00    0.32   0.32  80.80
sde               0.00  1313.00    0.00 2369.00     0.00 67304.00    56.82     0.79    0.34    0.00    0.34   0.33  79.20
sde               0.00  1394.00    0.00 2504.00     0.00 71344.00    56.98     0.81    0.32    0.00    0.32   0.32  80.80
sde               0.00  1339.00    0.00 2420.00     0.00 68564.00    56.66     0.80    0.33    0.00    0.33   0.33  79.60
sde               0.00  1364.00    0.00 2466.00     0.00 69836.00    56.64     0.77    0.31    0.00    0.31   0.31  77.20
sde               0.00  1384.00    0.00 2489.00     0.00 70740.00    56.84     0.83    0.33    0.00    0.33   0.33  82.80
sde               0.00  1410.00    0.00 2555.00     0.00 72340.00    56.63     0.84    0.33    0.00    0.33   0.33  83.60
sde               0.00  1487.00    0.00 2697.00     0.00 76488.00    56.72     0.83    0.31    0.00    0.31   0.31  83.20
sde               0.00  1440.00    0.00 2589.00     0.00 73708.00    56.94     0.87    0.34    0.00    0.34   0.34  86.80
sde               0.00  1498.00    0.00 2708.00     0.00 76820.00    56.74     0.90    0.34    0.00    0.34   0.33  90.40
sde               0.00  1408.00    0.00 2550.00     0.00 72312.00    56.72     0.81    0.32    0.00    0.32   0.32  80.80
sde               0.00  1352.00    0.00 2431.00     0.00 69164.00    56.90     0.80    0.33    0.00    0.33   0.33  80.00
sde               0.00  1433.00    0.00 2590.00     0.00 73284.00    56.59     0.84    0.33    0.00    0.33   0.33  84.40
sde               0.00  1396.00    0.00 2518.00     0.00 71384.00    56.70     0.75    0.30    0.00    0.30   0.30  74.80
sde               0.00  1398.00    0.00 2520.00     0.00 71660.00    56.87     0.79    0.31    0.00    0.31   0.31  78.80
sde               0.00  1390.00    0.00 2511.00     0.00 71100.00    56.63     0.86    0.34    0.00    0.34   0.34  85.60
sde               0.00  1470.00    0.00 2641.00     0.00 75112.00    56.88     0.85    0.32    0.00    0.32   0.32  84.40
sde               0.00  1384.00    0.00 2497.00     0.00 71036.00    56.90     0.84    0.34    0.00    0.34   0.34  84.40
sde               0.00  1441.00    0.00 2597.00     0.00 73468.00    56.58     0.80    0.31    0.00    0.31   0.31  80.40
sde               0.00  1393.00    0.00 2491.00     0.00 71180.00    57.15     0.82    0.33    0.00    0.33   0.33  81.60
sde               0.00  1403.00    0.00 2537.00     0.00 72104.00    56.84     0.84    0.33    0.00    0.33   0.33  82.80
sde               0.00  1389.00    0.00 2507.00     0.00 71084.00    56.71     0.87    0.35    0.00    0.35   0.35  86.80
sde               0.00  1415.00    0.00 2547.00     0.00 72304.00    56.78     0.86    0.34    0.00    0.34   0.33  85.20
sde               0.00  1367.00    0.00 2455.00     0.00 70076.00    57.09     0.78    0.32    0.00    0.32   0.32  78.00
sde               0.00  1351.00    0.00 2435.00     0.00 69188.00    56.83     0.78    0.32    0.00    0.32   0.32  77.60
sde               0.00  1350.00    0.00 2432.00     0.00 68904.00    56.66     0.81    0.33    0.00    0.33   0.33  81.20
sde               0.00  1395.00    0.00 2513.00     0.00 71636.00    57.01     0.80    0.32    0.00    0.32   0.32  79.60
sde               0.00  1389.00    0.00 2524.00     0.00 71244.00    56.45     0.87    0.34    0.00    0.34   0.34  86.80
sde               0.00  1496.00    0.00 2678.00     0.00 76728.00    57.30     0.88    0.33    0.00    0.33   0.33  88.40
sde               0.00  1433.00    0.00 2599.00     0.00 73444.00    56.52     0.92    0.36    0.00    0.36   0.36  92.40
sde               0.00  1445.00    0.00 2617.00     0.00 74196.00    56.70     0.84    0.32    0.00    0.32   0.32  83.60
sde               0.00  1374.00    0.00 2470.00     0.00 70380.00    56.99     0.75    0.30    0.00    0.30   0.30  74.80
sde               0.00  1350.00    0.00 2436.00     0.00 68924.00    56.59     0.80    0.33    0.00    0.33   0.33  80.40
sde               0.00  1490.00    0.00 2688.00     0.00 76356.00    56.81     0.90    0.33    0.00    0.33   0.33  90.00
sde               0.00  1500.00    0.00 2712.00     0.00 76728.00    56.58     0.88    0.32    0.00    0.32   0.32  87.20
sde               0.00  1390.00    0.00 2476.00     0.00 71496.00    57.75     0.84    0.34    0.00    0.34   0.34  84.00
sde               0.00  1449.00    0.00 2612.00     0.00 74404.00    56.97     0.85    0.32    0.00    0.32   0.32  84.40
sde               0.00  1473.00    0.00 2656.00     0.00 75684.00    56.99     0.88    0.33    0.00    0.33   0.33  87.20
sde               0.00  1374.00    0.00 2448.00     0.00 70560.00    57.65     0.78    0.32    0.00    0.32   0.32  77.60
sde               0.00  1408.00    0.00 2550.00     0.00 72300.00    56.71     0.79    0.31    0.00    0.31   0.31  79.20
sde               0.00  1337.00    0.00 2427.00     0.00 68708.00    56.62     0.83    0.34    0.00    0.34   0.34  82.80
sde               0.00  1411.00    0.00 2549.00     0.00 72552.00    56.93     0.85    0.33    0.00    0.33   0.33  83.60
sde               0.00  1376.00    0.00 2479.00     0.00 70404.00    56.80     0.84    0.34    0.00    0.34   0.33  82.40
sde               0.00  1453.00    0.00 2614.00     0.00 74704.00    57.16     0.85    0.33    0.00    0.33   0.32  83.20
sde               0.00  1351.00    0.00 2442.00     0.00 69192.00    56.67     0.82    0.34    0.00    0.34   0.34  82.00
sde               0.00  1380.00    0.00 2489.00     0.00 70696.00    56.81     0.84    0.33    0.00    0.33   0.33  82.00
sde               0.00  1335.00    0.00 2412.00     0.00 68544.00    56.84     0.78    0.33    0.00    0.33   0.33  78.40
sde               0.00  1484.00    0.00 2663.00     0.00 75980.00    57.06     0.86    0.32    0.00    0.32   0.32  85.60
sde               0.00  1515.00    0.00 2723.00     0.00 77092.00    56.62     0.90    0.33    0.00    0.33   0.33  89.20
sde               0.00  1496.00    0.00 2682.00     0.00 76596.00    57.12     0.94    0.35    0.00    0.35   0.35  92.80
sde               0.00  1370.00    0.00 2473.00     0.00 70392.00    56.93     0.83    0.33    0.00    0.33   0.33  82.80
sde               0.00  1464.00    0.00 2648.00     0.00 75228.00    56.82     0.93    0.35    0.00    0.35   0.35  92.40
sde               0.00  1421.00    0.00 2557.00     0.00 72900.00    57.02     0.84    0.33    0.00    0.33   0.33  84.00
sde               0.00  1375.00    0.00 2469.00     0.00 70380.00    57.01     0.82    0.33    0.00    0.33   0.33  81.20
sde               0.00  1487.00    0.00 2683.00     0.00 76324.00    56.89     0.87    0.32    0.00    0.32   0.32  86.40
sde               0.00  1466.00    0.00 2637.00     0.00 75068.00    56.93     0.84    0.32    0.00    0.32   0.32  84.40
sde               0.00  1368.00    0.00 2454.00     0.00 70064.00    57.10     0.83    0.34    0.00    0.34   0.34  83.20
sde               0.00  1504.00    0.00 2701.00     0.00 77208.00    57.17     0.91    0.34    0.00    0.34   0.34  90.80
sde               0.00  1454.00    0.00 2628.00     0.00 74492.00    56.69     0.87    0.33    0.00    0.33   0.33  86.40
sde               0.00  1443.00    0.00 2596.00     0.00 74112.00    57.10     0.87    0.34    0.00    0.34   0.33  86.80
sde               0.00  1361.00    0.00 2453.00     0.00 69516.00    56.68     0.75    0.31    0.00    0.31   0.31  75.20
sde               0.00  1384.00    0.00 2444.00     0.00 72132.00    59.03     0.79    0.32    0.00    0.32   0.32  78.80
sde               0.00  1397.00    0.00 2530.00     0.00 71544.00    56.56     0.82    0.32    0.00    0.32   0.32  81.20
sde               0.00  1371.00    0.00 2461.00     0.00 70224.00    57.07     0.83    0.34    0.00    0.34   0.34  82.80
sde               0.00  1391.00    0.00 2505.00     0.00 71692.00    57.24     0.77    0.31    0.00    0.31   0.31  76.80
sde               0.00  1382.00    0.00 2501.00     0.00 70768.00    56.59     0.81    0.32    0.00    0.32   0.32  80.40
sde               0.00  1347.00    0.00 2429.00     0.00 69124.00    56.92     0.80    0.33    0.00    0.33   0.32  78.40
sde               0.00  1411.00    0.00 2543.00     0.00 72532.00    57.04     0.79    0.31    0.00    0.31   0.31  78.40
sde               0.00  1500.00    0.00 2703.00     0.00 77184.00    57.11     0.93    0.34    0.00    0.34   0.34  92.40
sde               0.00  1448.00    0.00 2605.00     0.00 74124.00    56.91     0.86    0.33    0.00    0.33   0.33  85.60
sde               0.00  1361.00    0.00 2458.00     0.00 69804.00    56.80     0.80    0.33    0.00    0.33   0.33  80.00
sde               0.00  1374.00    0.00 2483.00     0.00 70300.00    56.63     0.78    0.32    0.00    0.32   0.32  78.40
sde               0.00  1393.00    0.00 2502.00     0.00 71460.00    57.12     0.80    0.32    0.00    0.32   0.32  79.60
sde               0.00  1426.00    0.00 2577.00     0.00 73080.00    56.72     0.89    0.35    0.00    0.35   0.34  88.80
sde               0.00  1458.00    0.00 2646.00     0.00 74836.00    56.57     0.92    0.35    0.00    0.35   0.35  91.60
sde               0.00  1441.00    0.00 2588.00     0.00 73816.00    57.04     0.84    0.32    0.00    0.32   0.32  83.60
sde               0.00  1409.00    0.00 2524.00     0.00 72484.00    57.44     0.80    0.32    0.00    0.32   0.32  79.60
sde               0.00  1345.00    0.00 2408.00     0.00 69068.00    57.37     0.80    0.33    0.00    0.33   0.33  80.40
sde               0.00  1436.00    0.00 2589.00     0.00 73012.00    56.40     0.81    0.31    0.00    0.31   0.31  80.80
sde               0.00  1389.00    0.00 2492.00     0.00 71536.00    57.41     0.80    0.32    0.00    0.32   0.32  80.40
sde               0.00  1354.00    0.00 2428.00     0.00 69640.00    57.36     0.80    0.33    0.00    0.33   0.33  80.40
sde               0.00  1488.00    0.00 2679.00     0.00 76552.00    57.15     0.85    0.32    0.00    0.32   0.32  84.40
sde               0.00  1378.00    0.00 2489.00     0.00 70584.00    56.72     0.84    0.34    0.00    0.34   0.34  84.40
sde               0.00  1430.00    0.00 2545.00     0.00 73752.00    57.96     0.79    0.31    0.00    0.31   0.30  77.20
sde               0.00  1369.00    0.00 2480.00     0.00 70264.00    56.66     0.81    0.33    0.00    0.33   0.33  81.20
sde               0.00  1357.00    0.00 2438.00     0.00 69696.00    57.17     0.78    0.32    0.00    0.32   0.32  77.20
sde               0.00  1393.00    0.00 2514.00     0.00 71352.00    56.76     0.81    0.32    0.00    0.32   0.32  80.80
sde               0.00  1333.00    0.00 2402.00     0.00 68216.00    56.80     0.77    0.32    0.00    0.32   0.32  77.20
sde               0.00  1442.00    0.00 2596.00     0.00 73848.00    56.89     0.83    0.32    0.00    0.32   0.32  83.20
sde               0.00  1395.00    0.00 2509.00     0.00 71352.00    56.88     0.80    0.32    0.00    0.32   0.32  79.20
sde               0.00  1449.00    0.00 2621.00     0.00 74432.00    56.80     0.86    0.33    0.00    0.33   0.33  85.20
sde               0.00  1367.00    0.00 2431.00     0.00 70384.00    57.91     0.82    0.34    0.00    0.34   0.34  81.60
sde               0.00  1388.00    0.00 2501.00     0.00 71432.00    57.12     0.83    0.33    0.00    0.33   0.33  82.40
sde               0.00  1377.00    0.00 2494.00     0.00 70596.00    56.61     0.80    0.32    0.00    0.32   0.32  80.00
sde               0.00  1386.00    0.00 2498.00     0.00 71284.00    57.07     0.84    0.34    0.00    0.34   0.33  83.60
sde               0.00  1473.00    0.00 2643.00     0.00 75628.00    57.23     0.88    0.33    0.00    0.33   0.33  87.60
sde               0.00  1397.00    0.00 2517.00     0.00 71636.00    56.92     0.82    0.33    0.00    0.33   0.33  82.40
sde               0.00  1335.00    0.00 2410.00     0.00 68504.00    56.85     0.79    0.33    0.00    0.33   0.33  78.80
sde               0.00  1414.00    0.00 2553.00     0.00 72572.00    56.85     0.78    0.31    0.00    0.31   0.31  78.00
sde               0.00  1371.00    0.00 2464.00     0.00 70360.00    57.11     0.79    0.32    0.00    0.32   0.32  79.20
sde               0.00  1379.00    0.00 2488.00     0.00 70700.00    56.83     0.79    0.32    0.00    0.32   0.32  78.80
sde               0.00  1387.00    0.00 2513.00     0.00 71104.00    56.59     0.81    0.32    0.00    0.32   0.32  81.20
sde               0.00  1395.00    0.00 2526.00     0.00 71532.00    56.64     0.76    0.30    0.00    0.30   0.30  76.00
sde               0.00  1423.00    0.00 2572.00     0.00 73196.00    56.92     0.90    0.35    0.00    0.35   0.35  88.80
sde               0.00  1473.00    0.00 2640.00     0.00 75116.00    56.91     0.86    0.32    0.00    0.32   0.32  85.20
sde               0.00  1403.00    0.00 2542.00     0.00 71996.00    56.65     0.83    0.33    0.00    0.33   0.33  83.20
sde               0.00  1332.00    0.00 2398.00     0.00 68212.00    56.89     0.80    0.34    0.00    0.34   0.33  79.60
sde               0.00  1379.00    0.00 2489.00     0.00 70468.00    56.62     0.80    0.32    0.00    0.32   0.32  80.00
sde               0.00  1425.00    0.00 2550.00     0.00 72384.00    56.77     0.83    0.33    0.00    0.33   0.32  82.40
sde               0.00  1381.00    0.00 2483.00     0.00 70456.00    56.75     0.79    0.32    0.00    0.32   0.32  79.20
sde               0.00  1420.00    0.00 2563.00     0.00 72908.00    56.89     0.81    0.32    0.00    0.32   0.32  80.80
sde               0.00  1388.00    0.00 2513.00     0.00 71204.00    56.67     0.78    0.31    0.00    0.31   0.31  77.60
sde               0.00  1338.00    0.00 2415.00     0.00 68820.00    56.99     0.80    0.33    0.00    0.33   0.33  79.60
sde               0.00  1434.00    0.00 2573.00     0.00 73228.00    56.92     0.84    0.33    0.00    0.33   0.32  83.60
sde               0.00  1471.00    0.00 2646.00     0.00 75656.00    57.19     0.88    0.33    0.00    0.33   0.33  87.60
sde               0.00  1457.00    0.00 2612.00     0.00 74716.00    57.21     0.90    0.35    0.00    0.35   0.35  90.40
sde               0.00  1441.00    0.00 2608.00     0.00 73868.00    56.65     0.86    0.33    0.00    0.33   0.33  86.00
sde               0.00  1356.00    0.00 2436.00     0.00 69456.00    57.02     0.79    0.32    0.00    0.32   0.32  78.80
sde               0.00  1379.00    0.00 2487.00     0.00 70700.00    56.86     0.83    0.33    0.00    0.33   0.33  82.00
sde               0.00  1403.00    0.00 2539.00     0.00 71996.00    56.71     0.86    0.34    0.00    0.34   0.34  85.60
sde               0.00  1392.00    0.00 2513.00     0.00 71084.00    56.57     0.82    0.33    0.00    0.33   0.32  81.60
sde               0.00  1468.00    0.00 2606.00     0.00 76268.00    58.53     0.88    0.34    0.00    0.34   0.33  86.80
sde               0.00  1447.00    0.00 2593.00     0.00 74104.00    57.16     0.83    0.32    0.00    0.32   0.32  82.40
sde               0.00  1451.00    0.00 2639.00     0.00 75396.00    57.14     0.81    0.31    0.00    0.31   0.31  80.80
sde               0.00  1476.00    0.00 2662.00     0.00 75432.00    56.67     0.92    0.35    0.00    0.35   0.35  92.00
sde               0.00  1339.00    0.00 2413.00     0.00 68784.00    57.01     0.83    0.34    0.00    0.34   0.34  82.00
sde               0.00  1395.00    0.00 2504.00     0.00 71324.00    56.97     0.80    0.32    0.00    0.32   0.32  80.00
sde               0.00  1428.00    0.00 2574.00     0.00 73696.00    57.26     0.83    0.32    0.00    0.32   0.32  82.40
sde               0.00  1394.00    0.00 2508.00     0.00 71336.00    56.89     0.83    0.33    0.00    0.33   0.33  83.20
sde               0.00  1392.00    0.00 2510.00     0.00 71308.00    56.82     0.81    0.32    0.00    0.32   0.32  80.40
sde               0.00  1329.00    0.00 2401.00     0.00 68228.00    56.83     0.78    0.33    0.00    0.33   0.33  78.40
sde               0.00  1421.00    0.00 2561.00     0.00 72616.00    56.71     0.82    0.32    0.00    0.32   0.32  82.00
sde               0.00  1410.00    0.00 2543.00     0.00 72552.00    57.06     0.84    0.33    0.00    0.33   0.33  84.40
sde               0.00  1390.00    0.00 2520.00     0.00 71472.00    56.72     0.84    0.33    0.00    0.33   0.33  84.00
sde               0.00  1451.00    0.00 2623.00     0.00 74496.00    56.80     0.91    0.35    0.00    0.35   0.35  90.80
sde               0.00  1443.00    0.00 2590.00     0.00 73828.00    57.01     0.85    0.33    0.00    0.33   0.33  84.80
sde               0.00  1463.00    0.00 2653.00     0.00 75120.00    56.63     0.85    0.32    0.00    0.32   0.32  84.80
sde               0.00  1346.00    0.00 2430.00     0.00 69132.00    56.90     0.80    0.33    0.00    0.33   0.33  80.00
sde               0.00  1407.00    0.00 2529.00     0.00 71688.00    56.69     0.80    0.32    0.00    0.32   0.31  78.00
sde               0.00  1431.00    0.00 2575.00     0.00 73240.00    56.89     0.84    0.33    0.00    0.33   0.33  84.00
sde               0.00  1446.00    0.00 2609.00     0.00 74152.00    56.84     0.84    0.32    0.00    0.32   0.32  84.40
sde               0.00  1424.00    0.00 2568.00     0.00 73180.00    56.99     0.86    0.33    0.00    0.33   0.33  85.20
sde               0.00  1434.00    0.00 2578.00     0.00 73496.00    57.02     0.81    0.31    0.00    0.31   0.31  81.20
sde               0.00  1422.00    0.00 2565.00     0.00 72932.00    56.87     0.88    0.34    0.00    0.34   0.34  87.20
sde               0.00  1368.00    0.00 2476.00     0.00 70260.00    56.75     0.79    0.32    0.00    0.32   0.32  79.20
sde               0.00  1385.00    0.00 2505.00     0.00 71324.00    56.95     0.85    0.34    0.00    0.34   0.34  84.80
sde               0.00  1328.00    0.00 2389.00     0.00 67916.00    56.86     0.79    0.33    0.00    0.33   0.33  78.80
sde               0.00  1396.00    0.00 2523.00     0.00 71888.00    56.99     0.85    0.34    0.00    0.34   0.33  82.80
sde               0.00  1377.00    0.00 2486.00     0.00 70460.00    56.69     0.78    0.32    0.00    0.32   0.31  78.00
sde               0.00  1354.00    0.00 2445.00     0.00 69216.00    56.62     0.85    0.35    0.00    0.35   0.35  84.80
sde               0.00  1361.00    0.00 2460.00     0.00 70056.00    56.96     0.77    0.31    0.00    0.31   0.31  76.80
sde               0.00  1341.00    0.00 2404.00     0.00 68524.00    57.01     0.83    0.35    0.00    0.35   0.35  83.20
sde               0.00  1385.00    0.00 2519.00     0.00 71504.00    56.77     0.81    0.32    0.00    0.32   0.32  80.80
sde               0.00  1383.00    0.00 2495.00     0.00 70756.00    56.72     0.84    0.34    0.00    0.34   0.34  84.00
sde               0.00  1345.00    0.00 2427.00     0.00 69132.00    56.97     0.80    0.33    0.00    0.33   0.33  80.40
sde               0.00  1389.00    0.00 2505.00     0.00 71068.00    56.74     0.82    0.33    0.00    0.33   0.32  81.20
sde               0.00  1409.00    0.00 2543.00     0.00 72528.00    57.04     0.80    0.32    0.00    0.32   0.31  80.00
sde               0.00  1499.00    0.00 2705.00     0.00 76704.00    56.71     0.90    0.33    0.00    0.33   0.33  90.00
sde               0.00  1350.00    0.00 2435.00     0.00 69172.00    56.81     0.78    0.32    0.00    0.32   0.32  78.00
sde               0.00  1404.00    0.00 2531.00     0.00 71976.00    56.88     0.83    0.33    0.00    0.33   0.33  83.20
sde               0.00  1369.00    0.00 2469.00     0.00 69852.00    56.58     0.78    0.32    0.00    0.32   0.31  77.60
sde               0.00  1321.00    0.00 2408.00     0.00 68100.00    56.56     0.83    0.34    0.00    0.34   0.34  82.80
sde               0.00  1475.00    0.00 2651.00     0.00 75412.00    56.89     0.83    0.32    0.00    0.32   0.31  83.20
sde               0.00  1468.00    0.00 2650.00     0.00 75404.00    56.91     0.86    0.32    0.00    0.32   0.32  84.80
sde               0.00  1356.00    0.00 2439.00     0.00 69208.00    56.75     0.83    0.34    0.00    0.34   0.34  83.20
sde               0.00  1395.00    0.00 2526.00     0.00 71668.00    56.74     0.80    0.32    0.00    0.32   0.32  79.60
sde               0.00  1450.00    0.00 2623.00     0.00 74216.00    56.59     0.83    0.32    0.00    0.32   0.32  82.80
sde               0.00  1434.00    0.00 2583.00     0.00 73524.00    56.93     0.88    0.34    0.00    0.34   0.34  87.60
sde               0.00  1497.00    0.00 2687.00     0.00 76148.00    56.68     0.88    0.33    0.00    0.33   0.33  88.00
sde               0.00  1452.00    0.00 2623.00     0.00 74476.00    56.79     0.86    0.33    0.00    0.33   0.33  85.60
sde               0.00  1332.00    0.00 2408.00     0.00 68268.00    56.70     0.79    0.33    0.00    0.33   0.33  79.20
sde               0.00  1395.00    0.00 2500.00     0.00 71320.00    57.06     0.80    0.32    0.00    0.32   0.32  80.00
sde               0.00  1364.00    0.00 2486.00     0.00 70296.00    56.55     0.79    0.32    0.00    0.32   0.32  78.80
sde               0.00  1387.00    0.00 2489.00     0.00 71004.00    57.05     0.81    0.32    0.00    0.32   0.32  80.80
sde               0.00  1501.00    0.00 2709.00     0.00 76992.00    56.84     0.90    0.33    0.00    0.33   0.33  90.00
sde               0.00  1396.00    0.00 2505.00     0.00 71352.00    56.97     0.84    0.34    0.00    0.34   0.34  84.00
sde               0.00  1481.00    0.00 2681.00     0.00 76052.00    56.73     0.88    0.33    0.00    0.33   0.33  87.20
sde               0.00  1401.00    0.00 2524.00     0.00 71692.00    56.81     0.83    0.33    0.00    0.33   0.33  83.20
sde               0.00  1357.00    0.00 2447.00     0.00 69484.00    56.79     0.77    0.32    0.00    0.32   0.32  77.20
sde               0.00  1383.00    0.00 2496.00     0.00 70776.00    56.71     0.81    0.32    0.00    0.32   0.32  80.40
sde               0.00  1352.00    0.00 2438.00     0.00 69176.00    56.75     0.77    0.32    0.00    0.32   0.31  76.40
sde               0.00  1377.00    0.00 2461.00     0.00 71144.00    57.82     0.82    0.33    0.00    0.33   0.33  82.00
sde               0.00  1354.00    0.00 2456.00     0.00 69632.00    56.70     0.78    0.31    0.00    0.31   0.32  77.60
sde               0.00  1310.00    0.00 2362.00     0.00 67276.00    56.97     0.82    0.35    0.00    0.35   0.35  82.00
sde               0.00  1373.00    0.00 2469.00     0.00 70340.00    56.98     0.78    0.31    0.00    0.31   0.31  77.60
sde               0.00  1368.00    0.00 2480.00     0.00 70156.00    56.58     0.78    0.31    0.00    0.31   0.31  77.60
sde               0.00  1500.00    0.00 2694.00     0.00 77160.00    57.28     0.86    0.32    0.00    0.32   0.32  86.40
sde               0.00  1328.00    0.00 2399.00     0.00 67944.00    56.64     0.79    0.33    0.00    0.33   0.33  78.80
sde               0.00  1379.00    0.00 2481.00     0.00 71192.00    57.39     0.81    0.33    0.00    0.33   0.32  80.00
sde               0.00  1395.00    0.00 2520.00     0.00 71356.00    56.63     0.82    0.32    0.00    0.32   0.32  81.60
sde               0.00  1427.00    0.00 2580.00     0.00 73236.00    56.77     0.79    0.31    0.00    0.31   0.30  78.40
sde               0.00  1354.00    0.00 2458.00     0.00 69632.00    56.66     0.84    0.35    0.00    0.35   0.34  84.40
sde               0.00  1424.00    0.00 2567.00     0.00 72944.00    56.83     0.89    0.35    0.00    0.35   0.35  88.80
sde               0.00  1450.00    0.00 2609.00     0.00 74156.00    56.85     0.84    0.32    0.00    0.32   0.32  83.60
sde               0.00  1403.00    0.00 2539.00     0.00 71752.00    56.52     0.86    0.34    0.00    0.34   0.34  85.60
sde               0.00  1428.00    0.00 2572.00     0.00 73452.00    57.12     0.81    0.31    0.00    0.31   0.31  80.80
sde               0.00  1392.00    0.00 2510.00     0.00 71100.00    56.65     0.79    0.32    0.00    0.32   0.32  79.20
sde               0.00  1406.00    0.00 2532.00     0.00 71976.00    56.85     0.81    0.32    0.00    0.32   0.32  80.80
sde               0.00  1388.00    0.00 2485.00     0.00 70500.00    56.74     0.82    0.33    0.00    0.33   0.33  82.00
sde               0.00  1357.00    0.00 2447.00     0.00 69500.00    56.80     0.80    0.33    0.00    0.33   0.33  80.40
sde               0.00  1409.00    0.00 2526.00     0.00 71968.00    56.98     0.82    0.32    0.00    0.32   0.32  82.00
sde               0.00  1342.00    0.00 2449.00     0.00 69328.00    56.62     0.80    0.33    0.00    0.33   0.33  80.40
sde               0.00  1375.00    0.00 2473.00     0.00 70144.00    56.73     0.76    0.31    0.00    0.31   0.31  76.40
sde               0.00  1389.00    0.00 2501.00     0.00 71320.00    57.03     0.77    0.31    0.00    0.31   0.31  77.20
sde               0.00  1341.00    0.00 2418.00     0.00 68568.00    56.71     0.80    0.33    0.00    0.33   0.33  80.40
sde               0.00  1376.00    0.00 2479.00     0.00 70176.00    56.62     0.77    0.31    0.00    0.31   0.31  76.40
sde               0.00  1446.00    0.00 2600.00     0.00 74124.00    57.02     0.79    0.30    0.00    0.30   0.30  78.80
sde               0.00  1384.00    0.00 2499.00     0.00 70784.00    56.65     0.82    0.33    0.00    0.33   0.33  82.00
sde               0.00  1438.00    0.00 2601.00     0.00 73600.00    56.59     0.85    0.33    0.00    0.33   0.33  84.80
sde               0.00  1424.00    0.00 2572.00     0.00 72928.00    56.71     0.83    0.32    0.00    0.32   0.32  82.40
sde               0.00  1369.00    0.00 2477.00     0.00 70284.00    56.75     0.75    0.30    0.00    0.30   0.30  75.20
sde               0.00  1343.00    0.00 2381.00     0.00 69228.00    58.15     0.79    0.33    0.00    0.33   0.33  78.80
sde               0.00  1389.00    0.00 2498.00     0.00 71536.00    57.27     0.80    0.32    0.00    0.32   0.32  79.60
sde               0.00  1400.00    0.00 2515.00     0.00 71868.00    57.15     0.83    0.33    0.00    0.33   0.33  82.40
sde               0.00  1380.00    0.00 2470.00     0.00 71136.00    57.60     0.84    0.34    0.00    0.34   0.34  84.00
sde               0.00  1513.00    0.00 2728.00     0.00 77804.00    57.04     0.88    0.32    0.00    0.32   0.32  87.20
sde               0.00  1482.00    0.00 2677.00     0.00 75996.00    56.78     0.91    0.34    0.00    0.34   0.33  89.60
sde               0.00  1389.11    0.00 2504.95     0.00 71477.23    57.07     0.84    0.34    0.00    0.34   0.33  82.77
sde               0.00  1371.00    0.00 2472.00     0.00 70340.00    56.91     0.79    0.32    0.00    0.32   0.32  78.40
sde               0.00  1370.00    0.00 2472.00     0.00 70604.00    57.12     0.79    0.32    0.00    0.32   0.32  78.40
sde               0.00  1382.00    0.00 2506.00     0.00 70904.00    56.59     0.79    0.32    0.00    0.32   0.31  78.80
sde               0.00  1327.00    0.00 2395.00     0.00 68208.00    56.96     0.81    0.34    0.00    0.34   0.34  80.80
sde               0.00  1370.00    0.00 2463.00     0.00 70316.00    57.10     0.80    0.33    0.00    0.33   0.32  80.00
sde               0.00  1383.00    0.00 2489.00     0.00 70744.00    56.85     0.77    0.31    0.00    0.31   0.31  76.80
sde               0.00  1388.00    0.00 2503.00     0.00 71304.00    56.97     0.86    0.35    0.00    0.35   0.35  86.40
sde               0.00  1403.00    0.00 2523.00     0.00 71940.00    57.03     0.78    0.31    0.00    0.31   0.31  77.60
sde               0.00  1517.00    0.00 2714.00     0.00 78324.00    57.72     0.92    0.34    0.00    0.34   0.33  90.40
sde               0.00  1471.00    0.00 2635.00     0.00 75312.00    57.16     0.92    0.35    0.00    0.35   0.34  90.40
sde               0.00  1423.00    0.00 2552.00     0.00 72860.00    57.10     0.83    0.33    0.00    0.33   0.33  83.20
sde               0.00  1402.00    0.00 2545.00     0.00 72120.00    56.68     0.83    0.33    0.00    0.33   0.33  83.20
sde               0.00  1437.00    0.00 2568.00     0.00 73604.00    57.32     0.82    0.32    0.00    0.32   0.32  82.00
sde               0.00  1435.00    0.00 2601.00     0.00 73700.00    56.67     0.84    0.32    0.00    0.32   0.32  83.60
sde               0.00  1376.00    0.00 2481.00     0.00 70440.00    56.78     0.79    0.32    0.00    0.32   0.32  78.80
sde               0.00  1343.00    0.00 2424.00     0.00 68824.00    56.79     0.83    0.34    0.00    0.34   0.34  81.60
sde               0.00  1380.00    0.00 2480.00     0.00 70696.00    57.01     0.78    0.32    0.00    0.32   0.31  77.20
sde               0.00  1349.00    0.00 2434.00     0.00 69136.00    56.81     0.81    0.33    0.00    0.33   0.33  81.20
sde               0.00  1398.00    0.00 2519.00     0.00 71396.00    56.69     0.79    0.31    0.00    0.31   0.31  78.80
sde               0.00  1364.00    0.00 2456.00     0.00 69800.00    56.84     0.77    0.31    0.00    0.31   0.31  76.80
sde               0.00  1346.00    0.00 2442.00     0.00 69300.00    56.76     0.81    0.33    0.00    0.33   0.33  81.20
sde               0.00  1475.00    0.00 2647.00     0.00 75280.00    56.88     0.83    0.31    0.00    0.31   0.31  82.80
sde               0.00  1438.00    0.00 2603.00     0.00 73716.00    56.64     0.84    0.32    0.00    0.32   0.32  84.00
sde               0.00  1361.00    0.00 2466.00     0.00 69824.00    56.63     0.85    0.34    0.00    0.34   0.34  84.00
sde               0.00  1395.00    0.00 2511.00     0.00 71612.00    57.04     0.79    0.32    0.00    0.32   0.31  78.80
sde               0.00  1422.00    0.00 2561.00     0.00 72644.00    56.73     0.80    0.31    0.00    0.31   0.31  79.20
sde               0.00  1382.00    0.00 2492.00     0.00 70724.00    56.76     0.82    0.33    0.00    0.33   0.33  81.60
sde               0.00  1347.00    0.00 2429.00     0.00 68880.00    56.71     0.80    0.33    0.00    0.33   0.33  80.40
sde               0.00  1387.00    0.00 2498.00     0.00 71044.00    56.88     0.76    0.31    0.00    0.31   0.30  75.60
sde               0.00  1383.00    0.00 2490.00     0.00 70728.00    56.81     0.77    0.31    0.00    0.31   0.31  76.40
sde               0.00  1353.00    0.00 2448.00     0.00 69232.00    56.56     0.80    0.33    0.00    0.33   0.33  80.40
sde               0.00  1383.00    0.00 2501.00     0.00 70896.00    56.69     0.80    0.32    0.00    0.32   0.32  80.00
sde               0.00  1421.00    0.00 2567.00     0.00 72924.00    56.82     0.86    0.34    0.00    0.34   0.34  86.00
sde               0.00  1356.00    0.00 2435.00     0.00 69444.00    57.04     0.83    0.34    0.00    0.34   0.34  83.20
sde               0.00  1378.00    0.00 2482.00     0.00 70452.00    56.77     0.80    0.32    0.00    0.32   0.32  79.60
sde               0.00  1383.00    0.00 2495.00     0.00 70760.00    56.72     0.79    0.32    0.00    0.32   0.32  78.80
sde               0.00  1375.00    0.00 2472.00     0.00 70400.00    56.96     0.82    0.33    0.00    0.33   0.33  81.20
sde               0.00  1350.00    0.00 2440.00     0.00 69196.00    56.72     0.78    0.32    0.00    0.32   0.32  77.60
sde               0.00  1380.00    0.00 2506.00     0.00 70904.00    56.59     0.82    0.33    0.00    0.33   0.33  82.00
sde               0.00  1409.00    0.00 2535.00     0.00 71888.00    56.72     0.80    0.32    0.00    0.32   0.32  80.00
sde               0.00  1378.00    0.00 2483.00     0.00 70324.00    56.64     0.80    0.32    0.00    0.32   0.32  79.60
sde               0.00  1363.00    0.00 2455.00     0.00 69804.00    56.87     0.80    0.32    0.00    0.32   0.32  79.60
sde               0.00  1318.00    0.00 2367.00     0.00 67312.00    56.88     0.81    0.34    0.00    0.34   0.34  80.80
sde               0.00  1382.00    0.00 2488.00     0.00 70732.00    56.86     0.79    0.32    0.00    0.32   0.32  78.80
sde               0.00  1362.00    0.00 2451.00     0.00 69784.00    56.94     0.79    0.32    0.00    0.32   0.32  79.20
sde               0.00  1313.00    0.00 2359.00     0.00 67004.00    56.81     0.78    0.33    0.00    0.33   0.33  78.00
sde               0.00  1381.00    0.00 2492.00     0.00 70760.00    56.79     0.82    0.33    0.00    0.33   0.33  81.60
sde               0.00  1407.00    0.00 2543.00     0.00 72144.00    56.74     0.80    0.31    0.00    0.31   0.31  79.60
sde               0.00  1406.00    0.00 2534.00     0.00 72000.00    56.83     0.79    0.31    0.00    0.31   0.31  78.80
sde               0.00  1349.00    0.00 2426.00     0.00 69136.00    57.00     0.81    0.33    0.00    0.33   0.33  80.80
sde               0.00  1421.00    0.00 2562.00     0.00 72644.00    56.71     0.83    0.32    0.00    0.32   0.32  82.80
sde               0.00  1359.00    0.00 2451.00     0.00 69500.00    56.71     0.76    0.31    0.00    0.31   0.31  76.40
sde               0.00  1321.00    0.00 2382.00     0.00 67368.00    56.56     0.77    0.32    0.00    0.32   0.32  77.20
sde               0.00  1391.00    0.00 2502.00     0.00 71324.00    57.01     0.82    0.33    0.00    0.33   0.32  80.80
sde               0.00  1357.00    0.00 2466.00     0.00 69668.00    56.50     0.77    0.31    0.00    0.31   0.31  77.20
sde               0.00  1342.00    0.00 2424.00     0.00 68724.00    56.70     0.82    0.34    0.00    0.34   0.34  81.60
