sde               0.00     1.35    0.00    2.90     0.00   181.34   124.91     0.01    2.65    1.92    2.65   0.41   0.12
sde               0.00     8.00    0.00    6.00     0.00    56.00    18.67     0.00    0.00    0.00    0.00   0.00   0.00
sde               0.00   125.00    0.00  432.00     0.00 142316.00   658.87     4.60    9.98    0.00    9.98   1.01  43.60
sde               0.00   107.00    0.00  413.00     0.00 158596.00   768.02     9.76   24.26    0.00   24.26   1.96  80.80
sde               0.00    67.00    0.00  315.00     0.00 126336.00   802.13    10.33   31.80    0.00   31.80   2.70  85.20
sde               0.00    89.00    0.00  370.00     0.00 143100.00   773.51    10.48   29.28    0.00   29.28   2.24  82.80
sde               0.00    76.00    0.00  293.00     0.00 115496.00   788.37    10.38   35.47    0.00   35.47   2.94  86.00
sde               0.00    85.00    0.00  354.00     0.00 137480.00   776.72    10.90   29.81    0.00   29.81   2.40  84.80
sde               0.00   104.00    0.00  405.00     0.00 157816.00   779.34     9.19   23.56    0.00   23.56   1.97  79.60
sde               0.00   116.00    0.00  431.00     0.00 175524.00   814.50     9.22   21.09    0.00   21.09   1.84  79.20
sde               0.00    84.00    0.00  215.00     0.00 106784.00   993.34     7.75   36.13    0.00   36.13   3.98  85.60
sde               0.00    83.00    0.00  234.00     0.00 121564.00  1039.01     8.61   36.05    0.00   36.05   3.62  84.80
sde               0.00   123.00    0.00  348.00     0.00 160844.00   924.39     8.24   24.51    0.00   24.51   2.30  80.00
sde               0.00    90.00    0.00  248.00     0.00 128348.00  1035.06     6.90   27.82    0.00   27.82   3.37  83.60
sde               0.00    72.00    0.00  201.00     0.00 105928.00  1054.01     7.46   36.22    0.00   36.22   4.22  84.80
sde               0.00    97.00    0.00  236.00     0.00 126176.00  1069.29     7.36   29.78    0.00   29.78   3.54  83.60
sde               0.00   106.00    0.00  280.00     0.00 142120.00  1015.14     7.35   26.86    0.00   26.86   2.90  81.20
sde               0.00   154.00    0.00  420.00     0.00 216164.00  1029.35     6.62   16.60    0.00   16.60   1.81  76.00
sde               0.00   108.00    0.00  288.00     0.00 141212.00   980.64     7.62   26.46    0.00   26.46   2.86  82.40
sde               0.00    83.00    0.00  213.00     0.00 115428.00  1083.83     7.44   34.84    0.00   34.84   4.06  86.40
sde               0.00    52.00    0.00  133.00     0.00 68332.00  1027.55     8.13   56.93    0.00   56.93   6.77  90.00
sde               0.00    48.00    0.00  118.00     0.00 65068.00  1102.85     7.93   65.97    0.00   65.97   7.80  92.00
sde               0.00    45.00    0.00  116.00     0.00 59184.00  1020.41     7.91   74.17    0.00   74.17   7.93  92.00
sde               0.00    55.00    0.00  139.00     0.00 77028.00  1108.32     7.94   57.29    0.00   57.29   6.56  91.20
sde               0.00    47.00    0.00  121.00     0.00 64172.00  1060.69     8.02   66.31    0.00   66.31   7.50  90.80
sde               0.00    48.00    0.00  114.00     0.00 64176.00  1125.89     7.31   64.00    0.00   64.00   7.93  90.40
sde               0.00    46.00    0.00  118.00     0.00 64168.00  1087.59     8.63   73.25    0.00   73.25   7.76  91.60
sde               0.00    49.00    0.00  142.00     0.00 76592.00  1078.76     7.84   54.06    0.00   54.06   6.37  90.40
sde               0.00    74.00    0.00  190.00     0.00 95696.00  1007.33     7.34   35.79    0.00   35.79   4.59  87.20
sde               0.00    76.00    0.00  184.00     0.00 105972.00  1151.87     6.51   36.50    0.00   36.50   4.74  87.20
sde               0.00    73.00    0.00  182.00     0.00 95052.00  1044.53     7.80   43.54    0.00   43.54   4.73  86.00
sde               0.00    49.00    0.00  131.00     0.00 68528.00  1046.23     8.31   64.21    0.00   64.21   6.99  91.60
sde               0.00    77.00    0.00  111.00     0.00 64096.00  1154.88     6.88   59.35    0.00   59.35   8.22  91.20
sde               0.00    52.00    0.00  119.00     0.00 71804.00  1206.79     5.90   54.32    0.00   54.32   7.66  91.20
sde               0.00    81.00    0.00  185.00     0.00 122512.00  1324.45     5.66   28.84    0.00   28.84   4.58  84.80
sde               0.00    85.00    0.00  202.00     0.00 125528.00  1242.85     5.65   27.58    0.00   27.58   4.16  84.00
sde               0.00    93.00    0.00  201.00     0.00 125540.00  1249.15     5.50   28.80    0.00   28.80   4.14  83.20
sde               0.00    85.00    0.00  204.00     0.00 131676.00  1290.94     5.49   26.43    0.00   26.43   4.08  83.20
sde               0.00    86.00    0.00  193.00     0.00 123708.00  1281.95     5.50   29.64    0.00   29.64   4.41  85.20
sde               0.00   134.00    0.00  331.00     0.00 202412.00  1223.03     5.41   15.84    0.00   15.84   2.33  77.20
sde               0.00    98.00    0.00  210.00     0.00 131344.00  1250.90     5.50   26.97    0.00   26.97   3.89  81.60
sde               0.00    86.00    0.00  210.00     0.00 137176.00  1306.44     5.81   26.63    0.00   26.63   3.94  82.80
sde               0.00    99.00    0.00  218.00     0.00 141968.00  1302.46     5.29   24.13    0.00   24.13   3.80  82.80
sde               0.00    91.09    0.00  208.91     0.00 130297.03  1247.39     5.50   27.53    0.00   27.53   3.89  81.19
sde               0.00    88.00    0.00  290.00     0.00 132960.00   916.97     8.82   28.43    0.00   28.43   2.79  80.80
sde               0.00    84.00    0.00  293.00     0.00 128480.00   877.00     9.07   32.38    0.00   32.38   2.83  82.80
sde               0.00   104.00    0.00  364.00     0.00 161508.00   887.41     8.16   22.68    0.00   22.68   2.23  81.20
sde               0.00   107.00    0.00  313.00     0.00 146908.00   938.71     7.39   22.76    0.00   22.76   2.49  78.00
sde               0.00    87.00    0.00  203.00     0.00 130904.00  1289.69     5.44   27.05    0.00   27.05   4.10  83.20
sde               0.00    88.00    0.00  248.00     0.00 130148.00  1049.58     6.82   27.63    0.00   27.63   3.31  82.00
sde               0.00    87.00    0.00  277.00     0.00 130148.00   939.70     7.96   29.07    0.00   29.07   2.97  82.40
sde               0.00    84.00    0.00  244.00     0.00 117080.00   959.67     7.76   32.52    0.00   32.52   3.49  85.20
sde               0.00    91.00    0.00  296.00     0.00 142224.00   960.97     7.78   26.12    0.00   26.12   2.74  81.20
sde               0.00    92.00    0.00  220.00     0.00 131432.00  1194.84     6.01   26.65    0.00   26.65   3.78  83.20
sde               0.00   130.00    0.00  298.00     0.00 189448.00  1271.46     4.89   16.86    0.00   16.86   2.63  78.40
sde               0.00    98.00    0.00  220.00     0.00 141196.00  1283.60     5.38   24.36    0.00   24.36   3.73  82.00
sde               0.00    94.00    0.00  224.00     0.00 140820.00  1257.32     5.64   24.95    0.00   24.95   3.62  81.20
sde               0.00    85.00    0.00  190.00     0.00 125480.00  1320.84     5.26   27.62    0.00   27.62   4.51  85.60
sde               0.00   109.00    0.00  254.00     0.00 160376.00  1262.80     5.14   20.31    0.00   20.31   3.15  80.00
sde               0.00    89.00    0.00  207.00     0.00 132828.00  1283.36     5.33   24.91    0.00   24.91   4.04  83.60
sde               0.00    77.00    0.00  222.00     0.00 108584.00   978.23     7.46   34.32    0.00   34.32   3.80  84.40
sde               0.00    89.00    0.00  328.00     0.00 144652.00   882.02     8.35   25.54    0.00   25.54   2.49  81.60
sde               0.00    87.00    0.00  269.00     0.00 126440.00   940.07     7.68   28.39    0.00   28.39   3.11  83.60
sde               0.00   109.00    0.00  282.00     0.00 160488.00  1138.21     6.11   21.84    0.00   21.84   2.82  79.60
sde               0.00   112.00    0.00  249.00     0.00 157188.00  1262.55     5.72   23.47    0.00   23.47   3.31  82.40
sde               0.00    96.00    0.00  220.00     0.00 141200.00  1283.64     5.90   26.82    0.00   26.82   3.76  82.80
sde               0.00   135.00    0.00  306.00     0.00 202632.00  1324.39     5.37   17.11    0.00   17.11   2.56  78.40
sde               0.00   240.00    0.00  434.00     0.00 268804.00  1238.73     4.54   10.57    0.00   10.57   1.59  68.80
sde               0.00   137.00    0.00  311.00     0.00 196284.00  1262.28     5.00   16.33    0.00   16.33   2.46  76.40
sde               0.00   136.00    0.00  331.00     0.00 215208.00  1300.35     5.12   15.24    0.00   15.24   2.22  73.60
sde               0.00   179.00    0.00  410.00     0.00 256184.00  1249.68     4.93   11.80    0.00   11.80   1.76  72.00
sde               0.00   167.00    0.00  381.00     0.00 243840.00  1280.00     4.88   13.03    0.00   13.03   1.83  69.60
sde               0.00   144.00    0.00  324.00     0.00 203728.00  1257.58     5.12   15.57    0.00   15.57   2.40  77.60
sde               0.00   132.00    0.00  284.00     0.00 182120.00  1282.54     5.05   18.10    0.00   18.10   2.76  78.40
sde               0.00   203.00    0.00  447.00     0.00 285160.00  1275.88     4.71   10.59    0.00   10.59   1.58  70.80
sde               0.00   201.00    0.00  446.00     0.00 285400.00  1279.82     4.69   10.40    0.00   10.40   1.60  71.20
sde               0.00   198.00    0.00  443.00     0.00 285500.00  1288.94     4.68   10.54    0.00   10.54   1.52  67.20
sde               0.00   197.00    0.00  437.00     0.00 276284.00  1264.46     4.90   11.46    0.00   11.46   1.67  72.80
sde               0.00   196.00    0.00  440.00     0.00 282292.00  1283.15     4.61   10.47    0.00   10.47   1.59  70.00
sde               0.00   198.00    0.00  472.00     0.00 276896.00  1173.29     5.15   10.67    0.00   10.67   1.43  67.60
sde               0.00   203.00    0.00  481.00     0.00 275136.00  1144.02     5.17   11.00    0.00   11.00   1.41  67.60
sde               0.00   199.00    0.00  486.00     0.00 292788.00  1204.89     5.40   10.98    0.00   10.98   1.47  71.60
sde               0.00   210.00    0.00  463.00     0.00 284812.00  1230.29     4.80   10.53    0.00   10.53   1.47  68.00
sde               0.00   179.00    0.00  447.00     0.00 256668.00  1148.40     5.62   12.57    0.00   12.57   1.58  70.80
sde               0.00   203.00    0.00  525.00     0.00 269604.00  1027.06     6.04   11.50    0.00   11.50   1.32  69.20
sde               0.00   192.00    0.00  489.00     0.00 269564.00  1102.51     5.50   11.15    0.00   11.15   1.33  64.80
sde               0.00   198.00    0.00  435.00     0.00 283436.00  1303.15     4.67   10.65    0.00   10.65   1.57  68.40
sde               0.00   209.00    0.00  463.00     0.00 294152.00  1270.63     4.72   10.38    0.00   10.38   1.50  69.60
sde               0.00   187.00    0.00  437.00     0.00 279164.00  1277.64     4.82   10.86    0.00   10.86   1.61  70.40
sde               0.00   193.00    0.00  508.00     0.00 259976.00  1023.53     5.77   11.52    0.00   11.52   1.28  64.80
sde               0.00   195.00    0.00  535.00     0.00 269572.00  1007.75     6.11   11.43    0.00   11.43   1.23  65.60
sde               0.00   191.00    0.00  531.00     0.00 267844.00  1008.83     6.28   11.71    0.00   11.71   1.21  64.40
sde               0.00   193.00    0.00  515.00     0.00 261372.00  1015.04     6.22   11.78    0.00   11.78   1.30  67.20
sde               0.00   200.00    0.00  563.00     0.00 266632.00   947.18     6.22   11.43    0.00   11.43   1.16  65.20
sde               0.00   177.00    0.00  398.00     0.00 257712.00  1295.04     4.60   11.37    0.00   11.37   1.70  67.60
sde               0.00   189.00    0.00  431.00     0.00 280184.00  1300.16     4.57   10.72    0.00   10.72   1.60  68.80
sde               0.00   194.00    0.00  429.00     0.00 273712.00  1276.05     4.47   10.29    0.00   10.29   1.59  68.40
sde               0.00   269.00    0.00  438.00     0.00 273008.00  1246.61     4.50   10.20    0.00   10.20   1.53  66.80
sde               0.00   173.00    0.00  381.00     0.00 240920.00  1264.67     4.54   12.01    0.00   12.01   1.76  67.20
sde               0.00   191.00    0.00  422.00     0.00 266500.00  1263.03     4.45   10.74    0.00   10.74   1.56  66.00
sde               0.00   144.00    0.00  330.00     0.00 209744.00  1271.18     4.81   14.13    0.00   14.13   2.21  72.80
sde               0.00   174.00    0.00  385.00     0.00 240540.00  1249.56     4.70   12.47    0.00   12.47   1.79  68.80
sde               0.00   194.00    0.00  430.00     0.00 278020.00  1293.12     4.55   10.54    0.00   10.54   1.58  68.00
sde               0.00   189.00    0.00  415.00     0.00 263416.00  1269.47     4.38   10.44    0.00   10.44   1.61  66.80
sde               0.00   197.00    0.00  437.00     0.00 279092.00  1277.31     4.65   10.89    0.00   10.89   1.56  68.00
sde               0.00   179.00    0.00  401.00     0.00 256704.00  1280.32     4.33   10.74    0.00   10.74   1.58  63.20
sde               0.00   185.00    0.00  419.00     0.00 269568.00  1286.72     4.50   10.80    0.00   10.80   1.56  65.20
sde               0.00   202.00    0.00  442.00     0.00 286280.00  1295.38     4.78   10.57    0.00   10.57   1.57  69.20
sde               0.00   147.00    0.00  329.00     0.00 208856.00  1269.64     4.83   14.41    0.00   14.41   2.15  70.80
sde               0.00   188.00    0.00  420.00     0.00 266240.00  1267.81     4.53   11.04    0.00   11.04   1.56  65.60
sde               0.00   194.00    0.00  439.00     0.00 283180.00  1290.11     4.65   10.59    0.00   10.59   1.58  69.20
sde               0.00   197.00    0.00  435.00     0.00 277552.00  1276.10     4.53   10.63    0.00   10.63   1.59  69.20
sde               0.00   196.00    0.00  427.00     0.00 270496.00  1266.96     4.57   10.59    0.00   10.59   1.56  66.80
sde               0.00   185.00    0.00  430.00     0.00 276084.00  1284.11     4.62   10.68    0.00   10.68   1.60  68.80
sde               0.00   178.00    0.00  432.00     0.00 276844.00  1281.69     4.78   11.06    0.00   11.06   1.58  68.40
