sde               0.00     0.70    0.00    1.25     0.00   102.65   164.57     0.01    5.35    1.91    5.35   0.42   0.05
sde               0.00     1.00    0.00    4.00     0.00    20.00    10.00     0.00    0.00    0.00    0.00   0.00   0.00
sde               0.00   679.00    0.00 1483.00     0.00 51564.00    69.54     0.52    0.35    0.00    0.35   0.35  51.60
sde               0.00  1090.00    0.00 2568.00     0.00 83644.00    65.14     0.85    0.33    0.00    0.33   0.33  85.20
sde               0.00  1087.00    0.00 2539.00     0.00 84060.00    66.22     0.85    0.33    0.00    0.33   0.33  83.20
sde               0.00  1088.00    0.00 2486.00     0.00 86340.00    69.46     0.85    0.34    0.00    0.34   0.34  84.80
sde               0.00  1103.00    0.00 2499.00     0.00 89108.00    71.31     0.88    0.35    0.00    0.35   0.35  87.20
sde               0.00  1150.00    0.00 2470.00     0.00 93660.00    75.84     0.90    0.37    0.00    0.37   0.36  88.40
sde               0.00  1041.00    0.00 2409.00     0.00 78000.00    64.76     0.81    0.34    0.00    0.34   0.34  81.20
sde               0.00  1305.00    0.00 2445.00     0.00 99968.00    81.77     0.89    0.36    0.00    0.36   0.36  88.00
sde               0.00  1304.00    0.00 2581.00     0.00 87100.00    67.49     0.89    0.35    0.00    0.35   0.34  88.80
sde               0.00  1235.00    0.00 2528.00     0.00 82976.00    65.65     0.96    0.38    0.00    0.38   0.34  86.00
sde               0.00  1304.00    0.00 2594.00     0.00 87148.00    67.19     0.87    0.34    0.00    0.34   0.34  87.20
sde               0.00  1270.00    0.00 2527.00     0.00 86976.00    68.84     0.92    0.36    0.00    0.36   0.35  87.20
sde               0.00  1299.00    0.00 2594.00     0.00 86644.00    66.80     0.90    0.35    0.00    0.35   0.34  88.80
sde               0.00  1294.00    0.00 2616.00     0.00 86564.00    66.18     0.89    0.34    0.00    0.34   0.33  85.20
sde               0.00  1231.00    0.00 2508.00     0.00 81600.00    65.07     0.90    0.36    0.00    0.36   0.35  87.20
sde               0.00  1277.00    0.00 2542.00     0.00 85192.00    67.03     0.87    0.34    0.00    0.34   0.33  84.80
sde               0.00  1281.00    0.00 2617.00     0.00 84752.00    64.77     0.89    0.34    0.00    0.34   0.33  85.20
sde               0.00  1216.00    0.00 2517.00     0.00 79584.00    63.24     0.88    0.35    0.00    0.35   0.35  88.00
sde               0.00  1215.00    0.00 2502.00     0.00 79600.00    63.63     0.88    0.35    0.00    0.35   0.34  86.00
sde               0.00  1242.00    0.00 2523.00     0.00 82400.00    65.32     0.88    0.35    0.00    0.35   0.33  83.60
sde               0.00  1243.00    0.00 2513.00     0.00 81668.00    65.00     0.89    0.35    0.00    0.35   0.35  88.40
sde               0.00  1260.00    0.00 2586.00     0.00 83344.00    64.46     0.92    0.36    0.00    0.36   0.33  85.60
sde               0.00  1234.00    0.00 2513.00     0.00 80884.00    64.37     0.86    0.34    0.00    0.34   0.34  85.60
sde               0.00  1244.00    0.00 2562.00     0.00 81368.00    63.52     0.88    0.35    0.00    0.35   0.34  86.40
sde               0.00  1268.00    0.00 2575.00     0.00 83480.00    64.84     0.89    0.34    0.00    0.34   0.34  88.40
sde               0.00  1243.00    0.00 2524.00     0.00 82056.00    65.02     0.88    0.35    0.00    0.35   0.35  87.20
sde               0.00  1199.00    0.00 2471.00     0.00 78272.00    63.35     0.85    0.34    0.00    0.34   0.34  83.60
sde               0.00  1187.00    0.00 2392.00     0.00 78756.00    65.85     0.81    0.34    0.00    0.34   0.34  80.40
sde               0.00  1205.00    0.00 2467.00     0.00 78676.00    63.78     0.86    0.35    0.00    0.35   0.35  86.00
sde               0.00  1271.00    0.00 2572.00     0.00 83344.00    64.81     0.86    0.34    0.00    0.34   0.33  84.80
sde               0.00  1182.00    0.00 2400.00     0.00 76256.00    63.55     0.82    0.34    0.00    0.34   0.34  81.60
sde               0.00  1249.00    0.00 2494.00     0.00 82252.00    65.96     0.86    0.35    0.00    0.35   0.34  85.60
sde               0.00  1246.00    0.00 2474.00     0.00 83108.00    67.19     0.87    0.35    0.00    0.35   0.35  86.40
sde               0.00  1282.00    0.00 2598.00     0.00 84364.00    64.95     0.89    0.34    0.00    0.34   0.34  88.40
sde               0.00  1242.00    0.00 2496.00     0.00 82008.00    65.71     0.84    0.33    0.00    0.33   0.33  83.20
sde               0.00  1247.00    0.00 2520.00     0.00 82456.00    65.44     0.89    0.35    0.00    0.35   0.34  86.80
sde               0.00  1227.00    0.00 2520.00     0.00 79340.00    62.97     0.88    0.35    0.00    0.35   0.34  86.80
sde               0.00  1203.00    0.00 2413.00     0.00 80032.00    66.33     0.82    0.34    0.00    0.34   0.34  82.40
sde               0.00  1260.00    0.00 2549.00     0.00 83012.00    65.13     0.88    0.34    0.00    0.34   0.34  87.60
sde               0.00  1273.00    0.00 2599.00     0.00 83552.00    64.30     0.90    0.34    0.00    0.34   0.34  88.00
sde               0.00  1226.00    0.00 2480.00     0.00 80752.00    65.12     0.87    0.35    0.00    0.35   0.35  86.80
sde               0.00  1250.00    0.00 2507.00     0.00 83180.00    66.36     0.84    0.34    0.00    0.34   0.33  83.20
sde               0.00  1280.00    0.00 2605.00     0.00 84360.00    64.77     0.88    0.34    0.00    0.34   0.33  86.80
sde               0.00  1198.00    0.00 2385.00     0.00 79588.00    66.74     0.82    0.35    0.00    0.35   0.35  82.40
sde               0.00  1253.00    0.00 2518.00     0.00 82708.00    65.69     0.85    0.34    0.00    0.34   0.33  84.00
sde               0.00  1153.00    0.00 2352.00     0.00 76376.00    64.95     0.82    0.35    0.00    0.35   0.35  82.00
sde               0.00  1275.00    0.00 2575.00     0.00 84820.00    65.88     0.93    0.36    0.00    0.36   0.34  88.40
sde               0.00  1200.00    0.00 2435.00     0.00 78692.00    64.63     0.87    0.36    0.00    0.36   0.35  86.40
sde               0.00  1270.00    0.00 2535.00     0.00 84720.00    66.84     0.88    0.35    0.00    0.35   0.34  86.40
sde               0.00  1167.00    0.00 2380.00     0.00 76372.00    64.18     0.77    0.32    0.00    0.32   0.32  76.40
sde               0.00  1248.00    0.00 2558.00     0.00 81428.00    63.67     0.84    0.33    0.00    0.33   0.33  83.60
sde               0.00  1192.00    0.00 2447.00     0.00 77456.00    63.31     0.77    0.32    0.00    0.32   0.32  77.20
sde               0.00  1224.00    0.00 2474.00     0.00 81768.00    66.10     0.90    0.37    0.00    0.37   0.35  86.40
sde               0.00  1232.00    0.00 2473.00     0.00 81516.00    65.92     0.88    0.36    0.00    0.36   0.36  88.00
sde               0.00  1192.00    0.00 2408.00     0.00 80560.00    66.91     0.90    0.37    0.00    0.37   0.34  82.40
sde               0.00  1249.00    0.00 2508.00     0.00 82840.00    66.06     0.84    0.33    0.00    0.33   0.33  83.60
sde               0.00  1275.00    0.00 2547.00     0.00 85280.00    66.97     0.90    0.35    0.00    0.35   0.34  86.00
sde               0.00  1252.00    0.00 2571.00     0.00 81508.00    63.41     0.86    0.33    0.00    0.33   0.33  84.80
sde               0.00  1197.00    0.00 2418.00     0.00 79228.00    65.53     0.82    0.34    0.00    0.34   0.34  82.00
sde               0.00  1135.00    0.00 2302.00     0.00 74492.00    64.72     0.86    0.37    0.00    0.37   0.37  85.60
sde               0.00  1266.00    0.00 2565.00     0.00 82628.00    64.43     0.86    0.34    0.00    0.34   0.33  84.80
sde               0.00  1235.00    0.00 2511.00     0.00 80876.00    64.42     0.84    0.34    0.00    0.34   0.34  84.40
sde               0.00  1194.00    0.00 2426.00     0.00 78480.00    64.70     0.86    0.36    0.00    0.36   0.35  84.40
sde               0.00  1265.00    0.00 2544.00     0.00 83376.00    65.55     0.89    0.35    0.00    0.35   0.35  88.00
sde               0.00  1175.00    0.00 2380.00     0.00 77156.00    64.84     0.86    0.36    0.00    0.36   0.35  84.40
sde               0.00  1251.00    0.00 2522.00     0.00 82516.00    65.44     0.85    0.34    0.00    0.34   0.34  85.20
sde               0.00  1275.00    0.00 2589.00     0.00 83916.00    64.83     0.90    0.35    0.00    0.35   0.34  88.80
sde               0.00  1227.00    0.00 2497.00     0.00 80032.00    64.10     0.84    0.33    0.00    0.33   0.33  83.60
sde               0.00  1280.00    0.00 2603.00     0.00 83120.00    63.86     0.88    0.34    0.00    0.34   0.33  87.20
sde               0.00  1245.00    0.00 2544.00     0.00 81904.00    64.39     0.85    0.33    0.00    0.33   0.33  84.80
sde               0.00  1206.00    0.00 2447.00     0.00 78884.00    64.47     0.88    0.36    0.00    0.36   0.36  87.20
sde               0.00  1251.00    0.00 2554.00     0.00 82204.00    64.37     0.85    0.33    0.00    0.33   0.33  83.60
sde               0.00  1189.00    0.00 2419.00     0.00 77736.00    64.27     0.86    0.36    0.00    0.36   0.36  86.00
sde               0.00  1178.00    0.00 2376.00     0.00 78292.00    65.90     0.83    0.35    0.00    0.35   0.35  82.00
sde               0.00  1245.00    0.00 2537.00     0.00 81368.00    64.15     0.88    0.35    0.00    0.35   0.34  87.20
sde               0.00  1199.01    0.00 2452.48     0.00 78368.32    63.91     0.88    0.36    0.00    0.36   0.36  88.32
sde               0.00  1280.00    0.00 2584.00     0.00 84340.00    65.28     0.87    0.34    0.00    0.34   0.34  86.80
sde               0.00  1210.00    0.00 2448.00     0.00 79444.00    64.91     0.86    0.35    0.00    0.35   0.35  86.00
sde               0.00  1294.00    0.00 2606.00     0.00 85580.00    65.68     0.91    0.35    0.00    0.35   0.34  88.40
sde               0.00  1225.00    0.00 2482.00     0.00 80376.00    64.77     0.86    0.34    0.00    0.34   0.34  85.60
sde               0.00  1195.00    0.00 2426.00     0.00 78532.00    64.74     0.82    0.34    0.00    0.34   0.33  80.80
sde               0.00  1189.00    0.00 2375.00     0.00 78756.00    66.32     0.86    0.36    0.00    0.36   0.36  86.40
sde               0.00  1191.00    0.00 2414.00     0.00 78460.00    65.00     0.85    0.35    0.00    0.35   0.35  84.80
sde               0.00  1264.00    0.00 2540.00     0.00 83768.00    65.96     0.93    0.37    0.00    0.37   0.36  92.00
sde               0.00  1155.00    0.00 2345.00     0.00 76572.00    65.31     0.84    0.36    0.00    0.36   0.35  82.40
sde               0.00  1263.00    0.00 2557.00     0.00 82660.00    64.65     0.87    0.34    0.00    0.34   0.34  87.20
sde               0.00  1162.00    0.00 2346.00     0.00 76980.00    65.63     0.82    0.35    0.00    0.35   0.35  82.40
sde               0.00  1268.00    0.00 2521.00     0.00 84488.00    67.03     0.86    0.34    0.00    0.34   0.34  86.40
sde               0.00  1232.00    0.00 2506.00     0.00 80860.00    64.53     0.87    0.35    0.00    0.35   0.35  86.80
sde               0.00  1269.00    0.00 2533.00     0.00 83932.00    66.27     0.88    0.35    0.00    0.35   0.33  82.80
sde               0.00  1311.00    0.00 2637.00     0.00 85396.00    64.77     0.90    0.34    0.00    0.34   0.33  88.00
sde               0.00  1224.00    0.00 2516.00     0.00 80064.00    63.64     0.88    0.35    0.00    0.35   0.35  88.00
sde               0.00  1262.00    0.00 2558.00     0.00 82284.00    64.33     0.87    0.34    0.00    0.34   0.34  87.20
sde               0.00  1292.00    0.00 2645.00     0.00 84556.00    63.94     0.89    0.34    0.00    0.34   0.33  88.40
sde               0.00  1188.00    0.00 2421.00     0.00 77728.00    64.21     0.88    0.36    0.00    0.36   0.36  87.20
sde               0.00  1253.00    0.00 2538.00     0.00 82180.00    64.76     0.89    0.35    0.00    0.35   0.35  88.80
sde               0.00  1215.00    0.00 2482.00     0.00 79184.00    63.81     0.90    0.36    0.00    0.36   0.36  90.00
sde               0.00  1215.00    0.00 2466.00     0.00 79516.00    64.49     0.84    0.34    0.00    0.34   0.34  84.00
sde               0.00  1254.00    0.00 2540.00     0.00 82192.00    64.72     0.84    0.33    0.00    0.33   0.33  84.00
sde               0.00  1249.00    0.00 2516.00     0.00 83528.00    66.40     0.88    0.35    0.00    0.35   0.34  85.20
sde               0.00  1274.00    0.00 2571.00     0.00 84284.00    65.57     0.90    0.35    0.00    0.35   0.35  90.40
sde               0.00  1222.00    0.00 2498.00     0.00 80708.00    64.62     0.88    0.35    0.00    0.35   0.35  86.40
sde               0.00  1266.00    0.00 2561.00     0.00 83452.00    65.17     0.90    0.35    0.00    0.35   0.35  88.80
sde               0.00  1270.00    0.00 2555.00     0.00 84004.00    65.76     0.86    0.34    0.00    0.34   0.33  83.60
sde               0.00  1258.00    0.00 2550.00     0.00 83856.00    65.77     0.89    0.35    0.00    0.35   0.35  88.80
sde               0.00  1231.00    0.00 2451.00     0.00 81288.00    66.33     0.87    0.36    0.00    0.36   0.34  84.40
sde               0.00  1265.00    0.00 2567.00     0.00 84332.00    65.70     0.86    0.34    0.00    0.34   0.33  85.60
sde               0.00  1189.00    0.00 2369.00     0.00 78228.00    66.04     0.84    0.35    0.00    0.35   0.35  83.20
sde               0.00  1195.00    0.00 2436.00     0.00 78576.00    64.51     0.84    0.34    0.00    0.34   0.34  82.00
sde               0.00  1309.00    0.00 2635.00     0.00 86864.00    65.93     0.90    0.34    0.00    0.34   0.34  89.20
sde               0.00  1207.00    0.00 2471.00     0.00 79112.00    64.03     0.82    0.33    0.00    0.33   0.33  80.80
sde               0.00  1273.00    0.00 2558.00     0.00 84168.00    65.81     0.94    0.37    0.00    0.37   0.35  90.40
sde               0.00  1247.00    0.00 2521.00     0.00 82464.00    65.42     0.89    0.35    0.00    0.35   0.35  87.60
sde               0.00  1239.00    0.00 2482.00     0.00 81960.00    66.04     0.80    0.33    0.00    0.33   0.32  80.00
sde               0.00  1169.00    0.00 2373.00     0.00 76364.00    64.36     0.88    0.37    0.00    0.37   0.37  86.80
sde               0.00  1216.00    0.00 2478.00     0.00 80320.00    64.83     0.80    0.33    0.00    0.33   0.32  80.00
sde               0.00  1297.00    0.00 2611.00     0.00 86096.00    65.95     0.91    0.35    0.00    0.35   0.33  86.40
sde               0.00  1184.00    0.00 2429.00     0.00 77880.00    64.13     0.85    0.35    0.00    0.35   0.35  84.80
sde               0.00  1293.00    0.00 2612.00     0.00 85700.00    65.62     0.96    0.37    0.00    0.37   0.34  88.80
sde               0.00  1263.00    0.00 2566.00     0.00 83972.00    65.45     0.84    0.33    0.00    0.33   0.33  84.00
sde               0.00  1296.00    0.00 2568.00     0.00 85640.00    66.70     0.93    0.36    0.00    0.36   0.34  87.20
sde               0.00  1212.00    0.00 2476.00     0.00 80048.00    64.66     0.90    0.36    0.00    0.36   0.36  89.60
sde               0.00  1292.00    0.00 2591.00     0.00 85344.00    65.88     0.88    0.34    0.00    0.34   0.32  84.00
sde               0.00  1307.00    0.00 2624.00     0.00 87680.00    66.83     0.90    0.34    0.00    0.34   0.33  87.20
sde               0.00  1162.00    0.00 2358.00     0.00 75408.00    63.96     0.81    0.34    0.00    0.34   0.34  80.40
sde               0.00  1250.00    0.00 2564.00     0.00 82712.00    64.52     0.90    0.35    0.00    0.35   0.34  87.60
sde               0.00  1305.00    0.00 2641.00     0.00 85564.00    64.80     0.94    0.36    0.00    0.36   0.35  91.20
sde               0.00  1254.00    0.00 2530.00     0.00 82096.00    64.90     0.91    0.36    0.00    0.36   0.34  86.00
sde               0.00  1162.00    0.00 2345.00     0.00 77028.00    65.70     0.80    0.34    0.00    0.34   0.34  80.00
sde               0.00  1264.00    0.00 2522.00     0.00 83180.00    65.96     0.88    0.35    0.00    0.35   0.35  88.00
sde               0.00  1255.00    0.00 2578.00     0.00 82836.00    64.26     0.89    0.34    0.00    0.34   0.34  88.80
sde               0.00  1210.00    0.00 2437.00     0.00 79948.00    65.61     0.89    0.36    0.00    0.36   0.35  86.40
sde               0.00  1231.00    0.00 2531.00     0.00 80676.00    63.75     0.84    0.33    0.00    0.33   0.33  84.00
sde               0.00  1293.00    0.00 2609.00     0.00 84700.00    64.93     0.88    0.34    0.00    0.34   0.34  88.40
sde               0.00  1227.00    0.00 2498.00     0.00 81328.00    65.11     0.88    0.35    0.00    0.35   0.35  87.60
sde               0.00  1282.00    0.00 2589.00     0.00 83808.00    64.74     0.89    0.34    0.00    0.34   0.34  87.20
sde               0.00  1202.00    0.00 2462.00     0.00 79208.00    64.34     0.85    0.34    0.00    0.34   0.34  84.40
sde               0.00  1287.00    0.00 2597.00     0.00 84248.00    64.88     0.88    0.34    0.00    0.34   0.34  87.20
sde               0.00  1243.00    0.00 2534.00     0.00 82256.00    64.92     0.84    0.33    0.00    0.33   0.33  83.60
sde               0.00  1224.00    0.00 2489.00     0.00 79832.00    64.15     0.86    0.35    0.00    0.35   0.34  84.40
sde               0.00  1308.00    0.00 2624.00     0.00 86492.00    65.92     0.88    0.34    0.00    0.34   0.34  88.00
sde               0.00  1205.00    0.00 2476.00     0.00 78696.00    63.57     0.85    0.34    0.00    0.34   0.34  83.60
sde               0.00  1232.00    0.00 2501.00     0.00 80824.00    64.63     0.92    0.37    0.00    0.37   0.36  91.20
sde               0.00  1248.00    0.00 2548.00     0.00 82164.00    64.49     0.86    0.34    0.00    0.34   0.33  84.40
sde               0.00  1286.00    0.00 2580.00     0.00 84964.00    65.86     0.91    0.35    0.00    0.35   0.35  89.60
sde               0.00  1228.00    0.00 2515.00     0.00 80604.00    64.10     0.88    0.35    0.00    0.35   0.35  88.40
sde               0.00  1300.00    0.00 2646.00     0.00 84480.00    63.85     0.88    0.33    0.00    0.33   0.33  88.00
sde               0.00  1153.00    0.00 2375.00     0.00 75300.00    63.41     0.84    0.35    0.00    0.35   0.35  83.60
sde               0.00  1275.00    0.00 2580.00     0.00 83008.00    64.35     0.91    0.35    0.00    0.35   0.35  90.80
sde               0.00  1267.00    0.00 2596.00     0.00 83688.00    64.47     0.86    0.33    0.00    0.33   0.33  85.20
sde               0.00  1250.00    0.00 2506.00     0.00 80020.00    63.86     0.87    0.35    0.00    0.35   0.35  86.80
sde               0.00  1269.00    0.00 2612.00     0.00 82988.00    63.54     0.86    0.33    0.00    0.33   0.33  86.40
sde               0.00  1312.00    0.00 2596.00     0.00 87372.00    67.31     0.89    0.34    0.00    0.34   0.34  87.20
sde               0.00  1195.00    0.00 2436.00     0.00 79088.00    64.93     0.88    0.36    0.00    0.36   0.36  88.00
sde               0.00  1298.00    0.00 2597.00     0.00 85776.00    66.06     0.92    0.35    0.00    0.35   0.35  90.40
sde               0.00  1206.00    0.00 2448.00     0.00 78668.00    64.27     0.88    0.36    0.00    0.36   0.36  87.60
sde               0.00  1243.00    0.00 2539.00     0.00 81708.00    64.36     0.88    0.35    0.00    0.35   0.34  87.20
sde               0.00  1243.00    0.00 2525.00     0.00 80948.00    64.12     0.87    0.34    0.00    0.34   0.34  86.00
sde               0.00  1206.00    0.00 2441.00     0.00 79412.00    65.07     0.87    0.36    0.00    0.36   0.35  86.40
sde               0.00  1246.00    0.00 2511.00     0.00 82072.00    65.37     0.82    0.33    0.00    0.33   0.33  82.00
sde               0.00  1260.00    0.00 2591.00     0.00 82708.00    63.84     0.88    0.34    0.00    0.34   0.34  87.20
sde               0.00  1220.00    0.00 2498.00     0.00 79596.00    63.73     0.91    0.37    0.00    0.37   0.36  90.00
sde               0.00  1214.00    0.00 2498.00     0.00 79212.00    63.42     0.85    0.34    0.00    0.34   0.34  84.40
sde               0.00  1281.00    0.00 2557.00     0.00 85424.00    66.82     0.88    0.34    0.00    0.34   0.34  88.00
sde               0.00  1224.00    0.00 2510.00     0.00 80044.00    63.78     0.91    0.36    0.00    0.36   0.36  90.00
sde               0.00  1241.00    0.00 2495.00     0.00 82704.00    66.30     0.84    0.34    0.00    0.34   0.33  81.60
sde               0.00  1242.00    0.00 2529.00     0.00 81312.00    64.30     0.87    0.34    0.00    0.34   0.34  84.80
sde               0.00  1281.00    0.00 2559.00     0.00 86060.00    67.26     0.92    0.36    0.00    0.36   0.34  87.20
sde               0.00  1307.00    0.00 2577.00     0.00 86956.00    67.49     0.90    0.35    0.00    0.35   0.35  89.20
sde               0.00  1287.00    0.00 2572.00     0.00 87568.00    68.09     0.96    0.37    0.00    0.37   0.33  86.00
sde               0.00  1276.00    0.00 2562.00     0.00 84272.00    65.79     0.86    0.33    0.00    0.33   0.33  85.20
sde               0.00  1221.00    0.00 2458.00     0.00 82052.00    66.76     0.92    0.37    0.00    0.37   0.36  88.00
sde               0.00  1245.00    0.00 2540.00     0.00 81396.00    64.09     0.84    0.33    0.00    0.33   0.33  83.60
sde               0.00  1312.00    0.00 2660.00     0.00 88336.00    66.42     0.98    0.37    0.00    0.37   0.35  92.80
sde               0.00  1136.00    0.00 2294.00     0.00 74856.00    65.26     0.86    0.38    0.00    0.38   0.37  86.00
sde               0.00  1239.00    0.00 2525.00     0.00 82004.00    64.95     0.85    0.34    0.00    0.34   0.33  82.80
sde               0.00  1271.00    0.00 2574.00     0.00 83892.00    65.18     0.88    0.34    0.00    0.34   0.34  88.00
sde               0.00  1253.00    0.00 2500.00     0.00 83028.00    66.42     0.88    0.35    0.00    0.35   0.34  85.20
sde               0.00  1270.00    0.00 2605.00     0.00 83712.00    64.27     0.91    0.35    0.00    0.35   0.35  90.40
sde               0.00  1295.00    0.00 2633.00     0.00 84772.00    64.39     0.92    0.35    0.00    0.35   0.34  90.40
sde               0.00  1242.00    0.00 2522.00     0.00 81428.00    64.57     0.87    0.34    0.00    0.34   0.34  86.40
sde               0.00  1298.00    0.00 2599.00     0.00 85096.00    65.48     0.86    0.33    0.00    0.33   0.33  86.00
sde               0.00  1302.00    0.00 2643.00     0.00 86440.00    65.41     0.90    0.34    0.00    0.34   0.33  88.40
sde               0.00  1147.00    0.00 2327.00     0.00 74624.00    64.14     0.81    0.35    0.00    0.35   0.35  80.80
sde               0.00  1204.00    0.00 2466.00     0.00 79892.00    64.79     0.88    0.36    0.00    0.36   0.35  85.20
sde               0.00  1239.00    0.00 2500.00     0.00 81120.00    64.90     0.91    0.36    0.00    0.36   0.36  90.00
sde               0.00  1258.00    0.00 2547.00     0.00 83292.00    65.40     0.86    0.34    0.00    0.34   0.33  84.80
sde               0.00  1220.00    0.00 2455.00     0.00 80664.00    65.71     0.88    0.36    0.00    0.36   0.36  87.60
sde               0.00  1277.00    0.00 2613.00     0.00 83604.00    63.99     0.90    0.35    0.00    0.35   0.34  88.40
sde               0.00  1280.00    0.00 2575.00     0.00 84704.00    65.79     0.86    0.33    0.00    0.33   0.33  86.00
sde               0.00  1188.00    0.00 2417.00     0.00 78068.00    64.60     0.86    0.36    0.00    0.36   0.35  85.20
sde               0.00  1224.00    0.00 2517.00     0.00 79716.00    63.34     0.88    0.35    0.00    0.35   0.35  88.00
sde               0.00  1266.00    0.00 2542.00     0.00 83248.00    65.50     0.82    0.32    0.00    0.32   0.32  82.40
sde               0.00  1258.00    0.00 2558.00     0.00 83548.00    65.32     0.86    0.34    0.00    0.34   0.34  86.00
sde               0.00  1189.00    0.00 2412.00     0.00 77548.00    64.30     0.84    0.35    0.00    0.35   0.35  83.60
sde               0.00  1276.00    0.00 2598.00     0.00 84496.00    65.05     0.88    0.34    0.00    0.34   0.33  86.80
sde               0.00  1236.00    0.00 2495.00     0.00 81076.00    64.99     0.83    0.34    0.00    0.34   0.33  82.40
sde               0.00  1225.00    0.00 2454.00     0.00 81952.00    66.79     0.84    0.34    0.00    0.34   0.34  83.60
sde               0.00  1224.00    0.00 2488.00     0.00 79860.00    64.20     0.82    0.33    0.00    0.33   0.33  81.20
sde               0.00  1218.00    0.00 2514.00     0.00 79808.00    63.49     0.84    0.33    0.00    0.33   0.33  83.20
sde               0.00  1202.00    0.00 2424.00     0.00 78788.00    65.01     0.80    0.33    0.00    0.33   0.33  79.60
sde               0.00  1217.00    0.00 2443.00     0.00 81500.00    66.72     0.86    0.35    0.00    0.35   0.35  85.60
sde               0.00  1217.00    0.00 2465.00     0.00 79356.00    64.39     0.82    0.33    0.00    0.33   0.33  81.20
sde               0.00  1194.00    0.00 2432.00     0.00 79452.00    65.34     0.85    0.35    0.00    0.35   0.35  84.80
sde               0.00  1195.00    0.00 2411.00     0.00 78664.00    65.25     0.86    0.36    0.00    0.36   0.35  83.20
sde               0.00  1229.00    0.00 2538.00     0.00 80676.00    63.57     0.86    0.34    0.00    0.34   0.34  86.00
sde               0.00  1236.00    0.00 2500.00     0.00 81052.00    64.84     0.88    0.35    0.00    0.35   0.35  86.80
sde               0.00  1280.00    0.00 2592.00     0.00 84700.00    65.35     0.85    0.33    0.00    0.33   0.33  84.80
sde               0.00  1191.00    0.00 2433.00     0.00 77796.00    63.95     0.84    0.35    0.00    0.35   0.35  84.40
sde               0.00  1247.00    0.00 2515.00     0.00 81564.00    64.86     0.89    0.35    0.00    0.35   0.35  87.60
sde               0.00  1219.00    0.00 2494.00     0.00 78972.00    63.33     0.85    0.34    0.00    0.34   0.34  84.80
sde               0.00  1265.00    0.00 2580.00     0.00 82944.00    64.30     0.87    0.34    0.00    0.34   0.33  86.00
sde               0.00  1237.00    0.00 2522.00     0.00 81440.00    64.58     0.86    0.34    0.00    0.34   0.34  85.60
sde               0.00  1294.00    0.00 2573.00     0.00 86124.00    66.94     0.86    0.34    0.00    0.34   0.33  84.80
sde               0.00  1205.00    0.00 2453.00     0.00 79192.00    64.57     0.87    0.36    0.00    0.36   0.35  86.80
sde               0.00  1294.00    0.00 2600.00     0.00 84660.00    65.12     0.90    0.35    0.00    0.35   0.34  88.80
sde               0.00  1202.00    0.00 2444.00     0.00 79528.00    65.08     0.84    0.34    0.00    0.34   0.34  83.60
sde               0.00  1189.00    0.00 2356.00     0.00 78552.00    66.68     0.81    0.34    0.00    0.34   0.34  80.00
sde               0.00  1189.00    0.00 2420.00     0.00 78640.00    64.99     0.84    0.35    0.00    0.35   0.35  84.00
sde               0.00  1263.00    0.00 2552.00     0.00 83524.00    65.46     0.91    0.36    0.00    0.36   0.34  87.20
sde               0.00  1292.00    0.00 2619.00     0.00 84884.00    64.82     0.84    0.32    0.00    0.32   0.32  84.40
sde               0.00  1238.00    0.00 2508.00     0.00 82668.00    65.92     0.91    0.36    0.00    0.36   0.34  86.40
sde               0.00  1258.00    0.00 2555.00     0.00 82644.00    64.69     0.88    0.34    0.00    0.34   0.34  88.00
sde               0.00  1230.00    0.00 2472.00     0.00 82860.00    67.04     0.88    0.36    0.00    0.36   0.34  84.00
sde               0.00  1227.00    0.00 2483.00     0.00 80772.00    65.06     0.80    0.32    0.00    0.32   0.32  80.00
sde               0.00  1234.00    0.00 2488.00     0.00 81892.00    65.83     0.91    0.37    0.00    0.37   0.36  90.00
sde               0.00  1236.00    0.00 2508.00     0.00 81640.00    65.10     0.86    0.34    0.00    0.34   0.34  86.40
sde               0.00  1251.00    0.00 2566.00     0.00 82216.00    64.08     0.89    0.35    0.00    0.35   0.34  87.20
sde               0.00  1181.00    0.00 2398.00     0.00 77972.00    65.03     0.86    0.36    0.00    0.36   0.35  84.80
sde               0.00  1172.00    0.00 2364.00     0.00 77884.00    65.89     0.84    0.35    0.00    0.35   0.35  82.80
sde               0.00  1249.00    0.00 2532.00     0.00 82308.00    65.01     0.92    0.36    0.00    0.36   0.35  88.40
sde               0.00  1212.00    0.00 2445.00     0.00 80324.00    65.70     0.85    0.35    0.00    0.35   0.34  84.00
sde               0.00  1314.00    0.00 2664.00     0.00 86068.00    64.62     0.90    0.34    0.00    0.34   0.33  87.20
sde               0.00  1291.00    0.00 2613.00     0.00 85240.00    65.24     0.85    0.33    0.00    0.33   0.32  84.80
sde               0.00  1212.00    0.00 2464.00     0.00 79816.00    64.79     0.90    0.36    0.00    0.36   0.36  88.00
sde               0.00  1221.00    0.00 2486.00     0.00 79988.00    64.35     0.82    0.33    0.00    0.33   0.33  82.00
sde               0.00  1235.00    0.00 2488.00     0.00 82276.00    66.14     0.83    0.34    0.00    0.34   0.33  81.60
sde               0.00  1211.00    0.00 2461.00     0.00 79488.00    64.60     0.88    0.36    0.00    0.36   0.35  86.80
sde               0.00  1210.00    0.00 2463.00     0.00 79100.00    64.23     0.81    0.33    0.00    0.33   0.33  80.80
sde               0.00  1200.00    0.00 2475.00     0.00 77924.00    62.97     0.85    0.34    0.00    0.34   0.34  84.00
sde               0.00  1267.00    0.00 2522.00     0.00 83336.00    66.09     0.88    0.35    0.00    0.35   0.35  87.20
sde               0.00  1289.00    0.00 2603.00     0.00 84804.00    65.16     0.91    0.35    0.00    0.35   0.35  90.40
sde               0.00  1244.00    0.00 2517.00     0.00 81692.00    64.91     0.85    0.34    0.00    0.34   0.34  84.80
sde               0.00  1180.00    0.00 2396.00     0.00 77252.00    64.48     0.83    0.35    0.00    0.35   0.34  82.00
sde               0.00  1259.00    0.00 2587.00     0.00 81944.00    63.35     0.88    0.34    0.00    0.34   0.34  88.00
sde               0.00  1212.00    0.00 2434.00     0.00 80184.00    65.89     0.84    0.35    0.00    0.35   0.35  84.00
sde               0.00  1248.00    0.00 2571.00     0.00 82132.00    63.89     0.88    0.34    0.00    0.34   0.32  82.00
sde               0.00  1230.00    0.00 2493.00     0.00 80432.00    64.53     0.82    0.33    0.00    0.33   0.33  82.00
sde               0.00  1124.00    0.00 2290.00     0.00 73952.00    64.59     0.82    0.36    0.00    0.36   0.35  80.00
sde               0.00  1232.00    0.00 2516.00     0.00 80492.00    63.98     0.84    0.34    0.00    0.34   0.33  84.00
sde               0.00  1217.00    0.00 2490.00     0.00 79216.00    63.63     0.86    0.34    0.00    0.34   0.34  85.20
sde               0.00  1285.00    0.00 2616.00     0.00 84076.00    64.28     0.83    0.32    0.00    0.32   0.32  82.80
sde               0.00  1190.00    0.00 2434.00     0.00 77364.00    63.57     0.86    0.35    0.00    0.35   0.35  85.60
sde               0.00  1194.00    0.00 2420.00     0.00 78908.00    65.21     0.83    0.34    0.00    0.34   0.34  82.00
sde               0.00  1290.00    0.00 2623.00     0.00 84672.00    64.56     0.90    0.34    0.00    0.34   0.34  88.00
sde               0.00  1237.00    0.00 2553.00     0.00 81496.00    63.84     0.92    0.36    0.00    0.36   0.36  91.60
sde               0.00  1263.00    0.00 2547.00     0.00 82808.00    65.02     0.91    0.36    0.00    0.36   0.35  88.40
sde               0.00  1266.00    0.00 2597.00     0.00 83500.00    64.30     0.86    0.33    0.00    0.33   0.33  85.20
sde               0.00  1241.00    0.00 2508.00     0.00 81276.00    64.81     0.90    0.36    0.00    0.36   0.36  89.60
sde               0.00  1252.00    0.00 2570.00     0.00 82584.00    64.27     0.90    0.35    0.00    0.35   0.34  88.40
sde               0.00  1233.00    0.00 2503.00     0.00 80472.00    64.30     0.84    0.34    0.00    0.34   0.34  84.00
sde               0.00  1222.00    0.00 2498.00     0.00 80716.00    64.62     0.84    0.34    0.00    0.34   0.33  82.40
sde               0.00  1296.00    0.00 2630.00     0.00 84548.00    64.30     0.88    0.33    0.00    0.33   0.33  88.00
sde               0.00  1254.00    0.00 2509.00     0.00 84588.00    67.43     0.84    0.34    0.00    0.34   0.32  79.20
sde               0.00  1233.00    0.00 2455.00     0.00 82608.00    67.30     0.88    0.36    0.00    0.36   0.36  87.60
sde               0.00  1235.00    0.00 2503.00     0.00 82048.00    65.56     0.88    0.35    0.00    0.35   0.34  84.00
sde               0.00  1231.00    0.00 2520.00     0.00 81412.00    64.61     0.86    0.34    0.00    0.34   0.34  85.60
sde               0.00  1314.00    0.00 2639.00     0.00 86728.00    65.73     0.87    0.33    0.00    0.33   0.32  84.00
sde               0.00  1220.00    0.00 2471.00     0.00 81228.00    65.75     0.85    0.34    0.00    0.34   0.34  84.40
sde               0.00  1316.00    0.00 2654.00     0.00 87188.00    65.70     0.91    0.34    0.00    0.34   0.33  88.40
sde               0.00  1270.00    0.00 2571.00     0.00 82476.00    64.16     0.87    0.34    0.00    0.34   0.33  86.00
sde               0.00  1264.00    0.00 2545.00     0.00 82816.00    65.08     0.88    0.34    0.00    0.34   0.34  86.00
sde               0.00  1300.00    0.00 2662.00     0.00 86268.00    64.81     0.87    0.33    0.00    0.33   0.32  86.00
sde               0.00  1239.00    0.00 2507.00     0.00 81124.00    64.72     0.86    0.34    0.00    0.34   0.34  85.60
sde               0.00  1281.00    0.00 2610.00     0.00 83268.00    63.81     0.85    0.32    0.00    0.32   0.32  84.00
sde               0.00  1210.00    0.00 2490.00     0.00 79136.00    63.56     0.80    0.32    0.00    0.32   0.32  79.20
sde               0.00  1240.00    0.00 2498.00     0.00 81948.00    65.61     0.91    0.36    0.00    0.36   0.35  88.40
sde               0.00  1222.00    0.00 2505.00     0.00 79284.00    63.30     0.82    0.33    0.00    0.33   0.33  82.40
sde               0.00  1147.00    0.00 2339.00     0.00 74824.00    63.98     0.84    0.36    0.00    0.36   0.35  81.20
sde               0.00  1199.00    0.00 2396.00     0.00 80140.00    66.89     0.82    0.35    0.00    0.35   0.34  82.40
sde               0.00  1216.00    0.00 2438.00     0.00 81304.00    66.70     0.80    0.33    0.00    0.33   0.32  78.40
sde               0.00  1177.00    0.00 2357.00     0.00 78248.00    66.40     0.80    0.34    0.00    0.34   0.33  78.40
sde               0.00  1215.00    0.00 2466.00     0.00 79340.00    64.35     0.83    0.34    0.00    0.34   0.33  82.40
sde               0.00  1216.00    0.00 2521.00     0.00 79056.00    62.72     0.82    0.32    0.00    0.32   0.32  81.60
sde               0.00  1229.00    0.00 2511.00     0.00 79916.00    63.65     0.85    0.34    0.00    0.34   0.33  83.60
sde               0.00  1137.00    0.00 2356.00     0.00 73648.00    62.52     0.82    0.35    0.00    0.35   0.35  82.40
sde               0.00  1199.00    0.00 2415.00     0.00 78392.00    64.92     0.86    0.35    0.00    0.35   0.35  84.80
sde               0.00  1255.00    0.00 2565.00     0.00 82408.00    64.26     0.86    0.34    0.00    0.34   0.34  86.40
sde               0.00  1153.00    0.00 2375.00     0.00 74588.00    62.81     0.84    0.36    0.00    0.36   0.35  82.40
sde               0.00  1173.00    0.00 2447.00     0.00 75976.00    62.10     0.81    0.33    0.00    0.33   0.33  80.80
sde               0.00  1202.00    0.00 2419.00     0.00 78772.00    65.13     0.80    0.33    0.00    0.33   0.33  80.00
sde               0.00  1175.00    0.00 2393.00     0.00 77736.00    64.97     0.83    0.35    0.00    0.35   0.35  83.20
sde               0.00  1224.00    0.00 2458.00     0.00 80852.00    65.79     0.86    0.35    0.00    0.35   0.34  84.80
sde               0.00  1220.00    0.00 2513.00     0.00 79816.00    63.52     0.81    0.32    0.00    0.32   0.32  80.80
sde               0.00  1187.00    0.00 2391.00     0.00 78620.00    65.76     0.82    0.34    0.00    0.34   0.34  82.00
sde               0.00  1150.00    0.00 2380.00     0.00 75688.00    63.60     0.78    0.33    0.00    0.33   0.33  78.40
