sde               0.00     1.32    0.00    2.80     0.00   175.31   125.10     0.01    2.69    1.91    2.69   0.41   0.12
sde               0.00     1.00    0.00    4.00     0.00    20.00    10.00     0.00    0.00    0.00    0.00   0.00   0.00
sde               0.00   128.00    0.00  403.00     0.00 131672.00   653.46     3.73    8.61    0.00    8.61   0.99  40.00
sde               0.00   132.00    0.00  423.00     0.00 156696.00   740.88     7.68   18.00    0.00   18.00   1.93  81.60
sde               0.00    94.00    0.00  362.00     0.00 131012.00   723.82     8.01   21.88    0.00   21.88   2.32  84.00
sde               0.00   107.00    0.00  396.00     0.00 146704.00   740.93     8.55   21.47    0.00   21.47   2.06  81.60
sde               0.00    99.00    0.00  322.00     0.00 116932.00   726.29     8.08   26.56    0.00   26.56   2.60  83.60
sde               0.00   106.00    0.00  365.00     0.00 137408.00   752.92     8.59   23.04    0.00   23.04   2.28  83.20
sde               0.00   105.00    0.00  351.00     0.00 129820.00   739.72     7.82   22.81    0.00   22.81   2.39  84.00
sde               0.00   107.00    0.00  357.00     0.00 133620.00   748.57     8.48   23.79    0.00   23.79   2.35  84.00
sde               0.00   112.00    0.00  385.00     0.00 153108.00   795.37     7.25   18.23    0.00   18.23   2.09  80.40
sde               0.00    96.00    0.00  228.00     0.00 103828.00   910.77     6.31   28.67    0.00   28.67   3.72  84.80
sde               0.00   126.00    0.00  321.00     0.00 152608.00   950.83     6.04   18.47    0.00   18.47   2.47  79.20
sde               0.00   144.00    0.00  359.00     0.00 157732.00   878.73     6.64   18.32    0.00   18.32   2.28  82.00
sde               0.00    88.00    0.00  214.00     0.00 101816.00   951.55     7.06   32.52    0.00   32.52   4.07  87.20
sde               0.00   112.00    0.00  265.00     0.00 126652.00   955.86     6.32   23.94    0.00   23.94   3.17  84.00
sde               0.00   140.00    0.00  312.00     0.00 149856.00   960.62     5.44   18.26    0.00   18.26   2.53  78.80
sde               0.00   186.00    0.00  423.00     0.00 208628.00   986.42     5.99   13.60    0.00   13.60   1.84  78.00
sde               0.00   123.00    0.00  306.00     0.00 148128.00   968.16     5.89   19.33    0.00   19.33   2.68  82.00
sde               0.00   109.00    0.00  259.00     0.00 124572.00   961.95     6.46   25.25    0.00   25.25   3.31  85.60
sde               0.00    70.00    0.00  152.00     0.00 66340.00   872.89     7.58   47.89    0.00   47.89   5.95  90.40
sde               0.00    53.00    0.00  132.00     0.00 64448.00   976.48     7.27   55.48    0.00   55.48   6.97  92.00
sde               0.00    65.00    0.00  140.00     0.00 66088.00   944.11     6.61   49.97    0.00   49.97   6.51  91.20
sde               0.00    57.00    0.00  150.00     0.00 70876.00   945.01     7.16   46.00    0.00   46.00   6.00  90.00
sde               0.00    57.00    0.00  130.00     0.00 65928.00  1014.28     6.17   44.71    0.00   44.71   6.95  90.40
sde               0.00    58.00    0.00  124.00     0.00 63580.00  1025.48     6.20   51.61    0.00   51.61   7.32  90.80
sde               0.00    49.00    0.00  110.00     0.00 58940.00  1071.64     5.82   54.47    0.00   54.47   8.36  92.00
sde               0.00    65.00    0.00  145.00     0.00 78252.00  1079.34     5.94   40.99    0.00   40.99   6.15  89.20
sde               0.00    93.00    0.00  210.00     0.00 95152.00   906.21     6.83   33.45    0.00   33.45   4.10  86.00
sde               0.00    97.00    0.00  227.00     0.00 110812.00   976.32     6.54   28.37    0.00   28.37   3.77  85.60
sde               0.00    83.00    0.00  196.00     0.00 97824.00   998.20     6.61   31.90    0.00   31.90   4.39  86.00
sde               0.00    54.00    0.00  119.00     0.00 61792.00  1038.52     5.78   49.14    0.00   49.14   7.73  92.00
sde               0.00   101.00    0.00  150.00     0.00 68940.00   919.20     6.08   42.67    0.00   42.67   6.03  90.40
sde               0.00    49.00    0.00  107.00     0.00 63068.00  1178.84     5.53   49.38    0.00   49.38   8.60  92.00
sde               0.00    95.00    0.00  218.00     0.00 124592.00  1143.05     5.00   23.93    0.00   23.93   3.83  83.60
sde               0.00    98.00    0.00  195.00     0.00 118396.00  1214.32     4.34   22.69    0.00   22.69   4.35  84.80
sde               0.00   102.00    0.00  203.00     0.00 121532.00  1197.36     4.51   21.77    0.00   21.77   4.30  87.20
sde               0.00   115.00    0.00  221.00     0.00 131820.00  1192.94     4.59   20.42    0.00   20.42   3.71  82.00
sde               0.00    92.00    0.00  213.00     0.00 121508.00  1140.92     5.05   23.83    0.00   23.83   3.98  84.80
sde               0.00   166.00    0.00  324.00     0.00 191564.00  1182.49     3.98   12.88    0.00   12.88   2.42  78.40
sde               0.00   128.00    0.00  256.00     0.00 157528.00  1230.69     4.27   15.80    0.00   15.80   3.19  81.60
sde               0.00   101.00    0.00  220.00     0.00 129716.00  1179.24     4.62   21.76    0.00   21.76   3.76  82.80
sde               0.00   113.00    0.00  243.00     0.00 140056.00  1152.72     4.61   18.67    0.00   18.67   3.37  82.00
sde               0.00   112.00    0.00  218.00     0.00 127720.00  1171.74     4.12   19.47    0.00   19.47   3.82  83.20
sde               0.00   104.00    0.00  205.00     0.00 123312.00  1203.04     4.50   21.93    0.00   21.93   3.94  80.80
sde               0.00   104.00    0.00  225.00     0.00 132040.00  1173.69     4.50   19.38    0.00   19.38   3.72  83.60
sde               0.00   130.00    0.00  281.00     0.00 164740.00  1172.53     4.25   15.47    0.00   15.47   2.83  79.60
sde               0.00   129.00    0.00  256.00     0.00 150252.00  1173.84     4.13   15.59    0.00   15.59   3.16  80.80
sde               0.00   118.00    0.00  228.00     0.00 136048.00  1193.40     4.46   19.67    0.00   19.67   3.58  81.60
sde               0.00    92.00    0.00  205.00     0.00 115864.00  1130.38     4.96   24.96    0.00   24.96   4.08  83.60
sde               0.00   107.00    0.00  221.00     0.00 133556.00  1208.65     4.61   20.85    0.00   20.85   3.71  82.00
sde               0.00   106.00    0.00  212.00     0.00 123372.00  1163.89     4.46   21.02    0.00   21.02   4.04  85.60
sde               0.00   116.00    0.00  225.00     0.00 136944.00  1217.28     4.64   20.23    0.00   20.23   3.75  84.40
sde               0.00   102.00    0.00  230.00     0.00 130276.00  1132.83     4.72   20.87    0.00   20.87   3.63  83.60
sde               0.00   165.00    0.00  332.00     0.00 195276.00  1176.36     4.39   13.22    0.00   13.22   2.36  78.40
sde               0.00   110.00    0.00  224.00     0.00 133612.00  1192.96     4.46   19.89    0.00   19.89   3.71  83.20
sde               0.00   110.00    0.00  235.00     0.00 141156.00  1201.33     4.70   18.84    0.00   18.84   3.54  83.20
sde               0.00   104.00    0.00  233.00     0.00 131816.00  1131.47     4.79   20.81    0.00   20.81   3.62  84.40
sde               0.00   124.00    0.00  235.00     0.00 138032.00  1174.74     3.83   17.06    0.00   17.06   3.46  81.20
sde               0.00   129.00    0.00  259.00     0.00 160600.00  1240.15     4.21   15.91    0.00   15.91   3.15  81.60
sde               0.00    94.00    0.00  193.00     0.00 106636.00  1105.04     4.62   24.60    0.00   24.60   4.50  86.80
sde               0.00   108.00    0.00  234.00     0.00 134640.00  1150.77     4.66   19.76    0.00   19.76   3.50  82.00
sde               0.00   169.00    0.00  255.00     0.00 147220.00  1154.67     4.12   15.87    0.00   15.87   3.25  82.80
sde               0.00   134.00    0.00  264.00     0.00 160372.00  1214.94     4.34   16.85    0.00   16.85   3.00  79.20
sde               0.00   126.00    0.00  280.00     0.00 160892.00  1149.23     4.58   15.61    0.00   15.61   2.81  78.80
sde               0.00   119.00    0.00  243.00     0.00 143256.00  1179.06     4.38   18.16    0.00   18.16   3.34  81.20
sde               0.00   163.00    0.00  324.00     0.00 192456.00  1188.00     3.93   12.52    0.00   12.52   2.41  78.00
sde               0.00   221.00    0.00  472.00     0.00 274180.00  1161.78     3.99    8.55    0.00    8.55   1.50  70.80
sde               0.00   172.00    0.00  343.00     0.00 208632.00  1216.51     4.06   10.62    0.00   10.62   2.18  74.80
sde               0.00   163.00    0.00  350.00     0.00 207080.00  1183.31     4.18   12.79    0.00   12.79   2.21  77.20
sde               0.00   215.00    0.00  437.00     0.00 257452.00  1178.27     3.76    8.41    0.00    8.41   1.62  70.80
sde               0.00   210.00    0.00  431.00     0.00 251796.00  1168.43     4.25   10.33    0.00   10.33   1.80  77.60
sde               0.00   171.00    0.00  353.00     0.00 212600.00  1204.53     4.40   12.11    0.00   12.11   2.27  80.00
sde               0.00   153.00    0.00  303.00     0.00 185356.00  1223.47     4.08   13.68    0.00   13.68   2.59  78.40
sde               0.00   250.00    0.00  522.00     0.00 300860.00  1152.72     4.18    8.13    0.00    8.13   1.40  73.20
sde               0.00   239.00    0.00  482.00     0.00 288828.00  1198.46     3.85    7.88    0.00    7.88   1.48  71.20
sde               0.00   236.00    0.00  488.00     0.00 289860.00  1187.95     4.23    8.38    0.00    8.38   1.50  73.20
sde               0.00   238.00    0.00  493.00     0.00 294360.00  1194.16     4.20    8.88    0.00    8.88   1.53  75.60
sde               0.00   241.00    0.00  491.00     0.00 292464.00  1191.30     4.04    8.12    0.00    8.12   1.49  73.20
sde               0.00   253.00    0.00  521.00     0.00 305228.00  1171.70     4.21    8.07    0.00    8.07   1.44  75.20
sde               0.00   242.00    0.00  484.00     0.00 289992.00  1198.31     3.68    7.65    0.00    7.65   1.46  70.80
sde               0.00   242.00    0.00  509.00     0.00 298884.00  1174.40     4.10    7.98    0.00    7.98   1.46  74.40
sde               0.00   251.00    0.00  562.00     0.00 304176.00  1082.48     4.49    8.16    0.00    8.16   1.27  71.60
sde               0.00   189.00    0.00  660.00     0.00 246736.00   747.68     7.30   11.08    0.00   11.08   1.04  68.40
sde               0.00   193.00    0.00  678.00     0.00 255588.00   753.95     6.67    9.71    0.00    9.71   0.98  66.40
sde               0.00   222.00    0.00  678.00     0.00 270592.00   798.21     6.29    9.26    0.00    9.26   1.01  68.80
sde               0.00   251.00    0.00  625.00     0.00 299020.00   956.86     5.27    8.51    0.00    8.51   1.15  71.60
sde               0.00   252.00    0.00  623.00     0.00 284724.00   914.04     5.77    9.36    0.00    9.36   1.10  68.80
sde               0.00   227.00    0.00  567.00     0.00 275804.00   972.85     5.21    9.09    0.00    9.09   1.23  69.60
sde               0.00   233.00    0.00  561.00     0.00 268928.00   958.75     5.07    9.11    0.00    9.11   1.23  69.20
sde               0.00   228.00    0.00  588.00     0.00 274760.00   934.56     5.22    8.81    0.00    8.81   1.16  68.00
sde               0.00   255.00    0.00  605.00     0.00 291480.00   963.57     5.53    9.13    0.00    9.13   1.20  72.80
sde               0.00   242.00    0.00  587.00     0.00 286764.00   977.05     5.18    8.96    0.00    8.96   1.19  69.60
sde               0.00   235.00    0.00  515.00     0.00 279456.00  1085.27     4.47    8.54    0.00    8.54   1.34  68.80
sde               0.00   208.00    0.00  435.00     0.00 258564.00  1188.80     3.81    8.73    0.00    8.73   1.55  67.60
sde               0.00   224.00    0.00  455.00     0.00 271856.00  1194.97     3.59    7.98    0.00    7.98   1.47  66.80
sde               0.00   228.00    0.00  464.00     0.00 269200.00  1160.34     3.74    8.15    0.00    8.15   1.44  66.80
sde               0.00   305.00    0.00  448.00     0.00 263488.00  1176.29     3.98    8.73    0.00    8.73   1.61  72.00
sde               0.00   236.00    0.00  481.00     0.00 281680.00  1171.23     3.95    8.35    0.00    8.35   1.46  70.00
sde               0.00   181.00    0.00  380.00     0.00 233296.00  1227.87     3.74    9.54    0.00    9.54   1.87  71.20
sde               0.00   194.00    0.00  378.00     0.00 218892.00  1158.16     3.77   10.29    0.00   10.29   1.85  70.00
sde               0.00   237.00    0.00  499.00     0.00 296008.00  1186.40     4.05    8.04    0.00    8.04   1.45  72.40
sde               0.00   242.00    0.00  486.00     0.00 282216.00  1161.38     3.89    7.97    0.00    7.97   1.42  69.20
sde               0.00   234.00    0.00  465.00     0.00 284176.00  1222.26     3.69    8.03    0.00    8.03   1.50  69.60
sde               0.00   229.00    0.00  473.00     0.00 274976.00  1162.69     3.87    8.08    0.00    8.08   1.41  66.80
sde               0.00   231.00    0.00  453.00     0.00 270732.00  1195.28     3.56    7.99    0.00    7.99   1.49  67.60
sde               0.00   227.00    0.00  478.00     0.00 278548.00  1165.47     4.07    8.44    0.00    8.44   1.44  68.80
sde               0.00   189.00    0.00  360.00     0.00 217952.00  1210.84     3.59    9.77    0.00    9.77   1.93  69.60
sde               0.00   221.00    0.00  462.00     0.00 271840.00  1176.80     3.90    8.59    0.00    8.59   1.52  70.40
sde               0.00   232.00    0.00  454.00     0.00 269708.00  1188.14     3.66    8.17    0.00    8.17   1.46  66.40
sde               0.00   240.00    0.00  502.00     0.00 287848.00  1146.80     4.06    8.10    0.00    8.10   1.43  71.60
sde               0.00   220.00    0.00  427.00     0.00 261160.00  1223.23     3.53    8.10    0.00    8.10   1.57  67.20
sde               0.00   216.00    0.00  462.00     0.00 269780.00  1167.88     3.75    8.14    0.00    8.14   1.46  67.60
sde               0.00   217.00    0.00  441.00     0.00 261556.00  1186.20     3.62    8.28    0.00    8.28   1.58  69.60
